54901781
54901975
54901982
54901988
54902825
54902887
54902963
54903005
54903838
54903902
54903977
54904019
54904799
54904858
54904934
54904976
54905777
54905839
54905913
54905987
54906034
54906110
54906153
54906824
54906887
54906963
54907006
54907814
54907878
54907954
54907998
54908783
54908846
54908921
54908963
54909798
54909856
54909933
54909976
54910838
54910903
54910976
54911048
54911102
54911172
54911215
54911768
54911832
54911908
54911951
54912759
54912822
54912900
54912943
54913818
54913879
54913956
54913999
54914820
54914880
54914957
54915000
54915819
54915883
54915956
54916030
54916076
54916153
54916202
54916789
54916849
54916926
54916970
54917823
54917885
54917961
54918003
54918831
54918901
54918970
54919013
54919757
54919821
54919898
54919941
54920751
54920814
54920888
54920962
54921008
54921084
54921127
54921802
54921863
54921938
54921980
54922776
54922840
54922915
54922957
54923801
54923858
54923934
54923976
54924836
54924900
54924976
54925018
54925785
54925847
54925921
54925996
54926041
54926116
54926158
54926783
54926845
54926921
54926963
54927818
54927881
54927958
54928001
54928826
54928888
54928964
54929006
54929778
54929842
54929917
54929959
54930780
54930843
54930917
54930996
54931037
54931112
54931154
54931786
54931850
54931926
54931968
54932809
54932873
54932948
54932995
54933766
54933829
54933905
54933947
54934806
54934870
54934945
54934987
54935762
54935824
54935900
54935970
54936017
54936099
54936135
54936821
54936884
54936960
54937001
54937802
54937866
54937942
54937984
54938812
54938856
54938933
54938976
54939826
54939899
54939966
54940009
54940801
54940862
54940936
54941009
54941056
54941131
54941173
54941771
54941833
54941908
54941950
54942767
54942830
54942907
54942950
54943759
54943822
54943899
54943940
54944827
54944893
54944966
54945008
54945809
54945870
54945944
54946018
54946064
54946140
54946182
54946719
54946780
54946855
54946897
54947763
54947826
54947902
54947944
54948810
54948873
54948948
54948998
54949830
54949894
54949968
54950010
54950744
54950804
54950879
54950951
54950999
54951074
54951116
54951777
54951837
54951914
54951956
54952745
54952808
54952884
54952926
54953797
54953859
54953934
54953976
54954781
54954845
54954920
54954962
54955815
54955877
54955951
54956024
54956070
54956146
54956192
54956813
54956876
54956953
54956996
54957825
54957892
54957965
54958008
54958799
54958861
54958938
54958981
54959818
54959882
54959959
54960002
54960755
54960819
54960892
54960966
54961012
54961092
54961130
54961802
54961865
54961941
54961983
54962724
54962792
54962864
54962906
54963753
54963816
54963893
54963936
54964776
54964839
54964917
54964960
54965824
54965896
54965961
54966034
54966081
54966158
54966201
54966763
54966827
54966902
54966944
54967783
54967846
54967922
54967964
54968750
54968812
54968891
54968930
54969810
54969872
54969948
54969991
54970826
54970896
54970963
54971037
54971083
54971160
54971203
54971817
54971880
54971956
54971998
54972803
54972864
54972940
54972982
54973745
54973806
54973883
54973926
54974806
54974869
54974946
54974990
54975770
54975834
54975907
54975981
54976029
54976104
54976147
54976799
54976860
54976936
54976977
54977813
54977876
54977953
54977996
54978824
54978894
54978964
54979007
54979819
54979881
54979958
54980000
54980802
54980865
54980939
54981012
54981059
54981135
54981177
54981769
54981829
54981905
54981947
54982812
54982874
54982949
54982991
54983775
54983835
54983912
54983953
54984788
54984848
54984924
54984966
54985777
54985840
54985914
54985989
54986034
54986112
54986155
54986768
54986829
54986906
54986949
54987809
54987871
54987948
54987991
54988810
54988871
54988948
54988993
54989828
54989891
54989968
54990011
54990815
54990876
54990949
54991024
54991070
54991147
54991190
54991814
54991876
54991952
54991995
54992799
54992862
54992940
54992988
54993760
54993822
54993898
54993940
54994748
54994811
54994892
54994929
54995826
54995889
54995963
54996036
54996087
54996159
54996201
54996791
54996852
54996928
54996970
54997758
54997820
54997896
54997938
54998800
54998863
54998940
54998987
54999809
54999871
54999948
54999992
55000802
55000862
55000936
55001010
55001057
55001133
55001177
55001833
55001878
55001955
55001998
55002738
55002801
55002878
55002921
55003812
55003874
55003951
55003994
55004761
55004824
55004900
55004942
55005767
55005830
55005904
55005978
55006024
55006100
55006142
55006759
55006823
55006899
55006941
55007756
55007816
55007893
55007937
55008788
55008849
55008925
55008967
55009823
55009891
55009963
55010004
55010791
55010842
55010917
55010991
55011037
55011112
55011154
55011750
55011811
55011888
55011931
55012822
55012886
55012962
55013005
55013816
55013891
55013956
55013999
55014743
55014804
55014885
55014924
55015745
55015805
55015890
55015953
55016000
55016077
55016120
55016791
55016852
55016929
55016972
55017730
55017790
55017867
55017911
55018739
55018803
55018885
55018923
55019797
55019859
55019936
55019984
55020809
55020871
55020945
55021019
55021065
55021142
55021186
55021785
55021846
55021923
55021966
55022811
55022872
55022949
55022992
55023764
55023825
55023902
55023945
55024822
55024884
55024962
55025005
55025774
55025837
55025911
55025984
55026031
55026108
55026151
55026763
55026827
55026904
55026947
55027783
55027841
55027917
55027960
55028768
55028831
55028909
55028952
55029800
55029862
55029938
55029984
55030814
55030888
55030951
55031024
55031071
55031148
55031191
55031768
55031830
55031907
55031950
55032756
55032816
55032894
55032937
55033799
55033863
55033939
55033984
55034804
55034865
55034942
55034985
55035770
55035833
55035907
55035987
55036026
55036103
55036146
55036738
55036802
55036882
55036921
55037753
55037816
55037893
55037936
55038772
55038835
55038912
55038955
55039726
55039787
55039864
55039907
55040824
55040887
55040961
55041035
55041082
55041158
55041201
55041759
55041819
55041896
55041939
55042782
55042841
55042919
55042962
55043787
55043844
55043920
55043963
55044782
55044841
55044918
55044961
55045786
55045848
55045921
55045995
55046041
55046118
55046161
55046811
55046872
55046949
55046992
55047714
55047786
55047855
55047898
55048713
55048781
55048853
55048896
55049722
55049786
55049863
55049906
55050786
55050842
55050915
55050989
55051035
55051112
55051155
55051766
55051828
55051905
55051948
55052773
55052836
55052913
55052956
55053755
55053818
55053895
55053938
55054817
55054880
55054957
55055000
55055788
55055851
55055925
55055998
55056045
55056121
55056164
55056764
55056828
55056905
55056948
55057755
55057818
55057895
55057938
55058757
55058821
55058897
55058940
55059806
55059866
55059943
55059986
55060736
55060799
55060873
55060946
55060993
55061069
55061112
55061797
55061858
55061935
55061980
55062787
55062850
55062927
55062970
55063763
55063827
55063904
55063947
55064762
55064823
55064900
55064943
55065783
55065843
55065917
55065991
55066038
55066115
55066158
55066759
55066822
55066899
55066942
55067820
55067896
55067959
55068002
55068728
55068789
55068866
55068909
55069743
55069805
55069884
55069925
55070738
55070800
55070878
55070948
55070994
55071071
55071114
55071778
55071838
55071916
55071959
55072772
55072835
55072912
55072955
55073807
55073869
55073946
55073990
55074751
55074813
55074890
55074933
55075802
55075862
55075937
55076009
55076057
55076133
55076183
55076822
55076885
55076962
55077005
55077818
55077881
55077958
55078001
55078796
55078856
55078933
55078978
55079727
55079788
55079865
55079908
55080807
55080870
55080944
55081018
55081064
55081141
55081184
55081758
55081821
55081899
55081942
55082803
55082863
55082941
55082984
55083782
55083835
55083912
55083955
55084779
55084839
55084916
55084959
55085789
55085849
55085923
55085997
55086044
55086119
55086163
55086779
55086840
55086917
55086960
55087745
55087808
55087885
55087928
55088769
55088829
55088906
55088949
55089714
55089776
55089852
55089895
55090726
55090787
55090861
55090934
55090980
55091057
55091100
55091735
55091798
55091876
55091917
55092736
55092797
55092876
55092917
55093815
55093880
55093954
55093997
55094780
55094834
55094910
55094955
55095778
55095841
55095953
55095989
55096035
55096151
55096157
55096784
55096847
55096924
55096967
55097806
55097867
55097944
55097987
55098796
55098859
55098936
55098979
55099722
55099785
55099862
55099905
55100710
55100775
55100846
55100919
55100965
55101042
55101085
55101755
55101816
55101893
55101936
55102783
55102846
55102923
55102966
55103759
55103822
55103899
55103942
55104802
55104865
55104942
55104986
55105798
55105860
55105934
55106008
55106054
55106130
55106180
55106805
55106866
55106942
55106985
55107763
55107826
55107903
55107946
55108761
55108824
55108900
55108943
55109787
55109849
55109925
55109979
55110730
55110792
55110865
55110939
55110985
55111062
55111105
55111711
55111774
55111849
55111892
55112720
55112781
55112858
55112901
55113717
55113781
55113858
55113901
55114773
55114831
55114909
55114952
55115787
55115850
55115924
55115998
55116044
55116121
55116164
55116719
55116782
55116859
55116902
55117739
55117799
55117877
55117920
55118784
55118848
55118924
55118978
55119759
55119821
55119899
55119942
55120704
55120765
55120839
55120913
55120959
55121036
55121079
55121734
55121796
55121872
55121915
55122780
55122843
55122920
55122963
55123712
55123772
55123849
55123892
55124728
55124792
55124872
55124912
55125813
55125875
55125949
55126023
55126072
55126146
55126190
55126776
55126833
55126909
55126952
55127783
55127846
55127923
55127971
55128756
55128819
55128896
55128939
55129756
55129820
55129896
55129939
55130771
55130833
55130907
55130981
55131027
55131104
55131147
55131709
55131771
55131849
55131892
55132748
55132810
55132887
55132930
55133783
55133846
55133923
55133971
55134703
55134771
55134843
55134886
55135776
55135835
55135908
55135982
55136028
55136105
55136148
55136752
55136816
55136891
55136933
55137718
55137779
55137856
55137899
55138713
55138776
55138852
55138895
55139775
55139837
55139914
55139958
55140775
55140832
55140905
55140979
55141025
55141102
55141146
55141711
55141787
55141852
55141895
55142753
55142815
55142892
55142935
55143776
55143838
55143915
55143958
55144734
55144798
55144875
55144918
55145728
55145789
55145863
55145936
55145982
55146059
55146102
55146707
55146770
55146846
55146889
55147774
55147835
55147912
55147955
55148774
55148830
55148907
55148950
55149774
55149836
55149913
55149956
55150776
55150837
55150911
55150985
55151031
55151108
55151151
55151793
55151854
55151931
55151974
55152773
55152833
55152910
55152953
55153726
55153788
55153868
55153908
55154720
55154781
55154857
55154900
55155707
55155773
55155844
55155917
55155974
55156041
55156084
55156759
55156822
55156898
55156941
55157768
55157825
55157902
55157945
55158714
55158776
55158854
55158897
55159724
55159787
55159868
55159907
55160771
55160832
55160905
55160979
55161025
55161102
55161145
55161773
55161830
55161907
55161950
55162716
55162777
55162854
55162897
55163718
55163779
55163855
55163898
55164751
55164812
55164889
55164932
55165723
55165784
55165857
55165931
55165978
55166054
55166098
55166713
55166777
55166854
55166897
55167725
55167788
55167872
55167907
55168779
55168842
55168919
55168967
55169753
55169813
55169890
55169933
55170771
55170833
55170907
55170980
55171026
55171103
55171146
55171795
55171856
55171933
55171977
55172786
55172849
55172926
55172969
55173776
55173838
55173915
55173959
55174739
55174803
55174880
55174923
55175739
55175799
55175873
55175947
55175993
55176069
55176112
55176741
55176803
55176880
55176923
55177790
55177853
55177930
55177973
55178741
55178804
55178883
55178925
55179792
55179852
55179930
55179973
55180722
55180783
55180857
55180931
55180977
55181053
55181096
55181776
55181838
55181915
55181958
55182771
55182831
55182909
55182952
55183773
55183837
55183913
55183956
55184764
55184825
55184902
55184945
55185772
55185836
55185909
55185983
55186029
55186106
55186149
55186719
55186783
55186870
55186903
55187752
55187816
55187893
55187936
55188751
55188813
55188890
55188934
55189721
55189784
55189864
55189904
55190775
55190839
55190913
55190986
55191032
55191109
55191152
55191741
55191801
55191878
55191921
55192768
55192828
55192906
55192949
55193724
55193785
55193864
55193906
55194803
55194865
55194942
55194985
55195727
55195788
55195869
55195936
55195982
55196068
55196102
55196720
55196780
55196868
55196900
55197742
55197803
55197880
55197923
55198718
55198780
55198863
55198900
55199755
55199815
55199892
55199935
55200747
55200807
55200882
55200955
55201002
55201079
55201122
55201801
55201863
55201940
55201983
55202798
55202863
55202938
55202981
55203803
55203867
55203941
55203983
55204791
55204851
55204928
55204970
55205733
55205794
55205868
55205942
55205988
55206065
55206108
55206791
55206852
55206929
55206972
55207721
55207783
55207867
55207903
55208779
55208843
55208920
55208967
55209741
55209803
55209880
55209923
55210754
55210817
55210891
55210964
55211011
55211087
55211130
55211749
55211812
55211889
55211932
55212785
55212849
55212925
55212968
55213798
55213861
55213938
55213981
55214761
55214818
55214895
55214938
55215784
55215847
55215921
55215994
55216041
55216118
55216166
55216736
55216797
55216874
55216917
55217703
55217765
55217842
55217885
55218767
55218831
55218908
55218951
55219734
55219798
55219874
55219917
55220761
55220824
55220897
55220971
55221017
55221094
55221137
55221763
55221825
55221902
55221945
55222729
55222793
55222870
55222913
55223700
55223762
55223839
55223882
55224770
55224834
55224910
55224953
55225760
55225815
55225888
55225965
55226008
55226085
55226128
55226708
55226771
55226848
55226891
55227707
55227770
55227847
55227890
55228777
55228839
55228916
55228960
55229716
55229778
55229859
55229898
55230718
55230781
55230860
55230928
55230974
55231051
55231094
55231715
55231777
55231859
55231898
55232759
55232820
55232897
55232940
55233759
55233816
55233894
55233937
55234763
55234818
55234894
55234937
55235749
55235811
55235885
55235959
55236004
55236081
55236124
55236785
55236845
55236922
55236966
55237743
55237806
55237882
55237925
55238730
55238794
55238871
55238914
55239784
55239846
55239923
55239966
55240785
55240849
55240923
55240996
55241042
55241119
55241162
55241759
55241821
55241897
55241940
55242758
55242818
55242895
55242938
55243716
55243780
55243857
55243899
55244737
55244798
55244875
55244918
55245803
55245867
55245940
55246014
55246060
55246137
55246180
55246770
55246833
55246910
55246957
55247739
55247802
55247879
55247923
55248716
55248780
55248858
55248900
55249769
55249832
55249909
55249957
55250707
55250769
55250843
55250917
55250963
55251040
55251083
55251702
55251766
55251843
55251886
55252734
55252798
55252875
55252918
55253744
55253807
55253884
55253927
55254775
55254838
55254915
55254962
55255758
55255821
55255895
55255968
55256015
55256092
55256135
55256758
55256819
55256896
55256939
55257762
55257826
55257903
55257946
55258733
55258793
55258870
55258913
55259729
55259791
55259868
55259911
55260701
55260765
55260838
55260912
55260960
55261035
55261078
55261762
55261826
55261902
55261945
55262760
55262814
55262891
55262934
55263788
55263855
55263928
55263971
55264729
55264792
55264869
55264912
55265709
55265769
55265844
55265916
55265964
55266040
55266083
55266777
55266840
55266917
55266960
55267765
55267827
55267904
55267947
55268686
55268747
55268824
55268867
55269742
55269806
55269882
55269925
55270777
55270841
55270915
55270988
55271034
55271111
55271154
55271745
55271808
55271884
55271927
55272731
55272794
55272871
55272914
55273759
55273815
55273891
55273934
55274763
55274826
55274903
55274946
55275791
55275854
55275927
55276001
55276054
55276125
55276168
55276771
55276834
55276911
55276954
55277764
55277828
55277904
55277954
55278689
55278753
55278829
55278872
55279769
55279833
55279909
55279959
55280732
55280794
55280868
55280942
55280989
55281065
55281108
55281698
55281762
55281839
55281882
55282753
55282812
55282889
55282932
55283758
55283813
55283890
55283933
55284721
55284785
55284861
55284904
55285756
55285819
55285893
55285966
55286013
55286090
55286133
55286705
55286768
55286845
55286888
55287757
55287811
55287888
55287931
55288758
55288821
55288898
55288941
55289757
55289821
55289897
55289940
55290757
55290815
55290889
55290962
55291009
55291085
55291128
55291757
55291814
55291891
55291934
55292706
55292770
55292857
55292890
55293707
55293770
55293847
55293890
55294761
55294824
55294901
55294944
55295714
55295776
55295852
55295924
55295971
55296052
55296091
55296759
55296822
55296899
55296942
55297736
55297798
55297874
55297917
55298751
55298809
55298886
55298929
55299704
55299766
55299843
55299886
55300791
55300856
55300928
55301002
55301056
55301125
55301168
55301757
55301821
55301898
55301941
55302736
55302799
55302877
55302920
55303777
55303840
55303917
55303960
55304736
55304799
55304876
55304919
55305771
55305834
55305908
55305981
55306028
55306104
55306150
55306780
55306843
55306919
55306962
55307776
55307839
55307916
55307969
55308750
55308810
55308887
55308930
55309758
55309821
55309898
55309941
55310754
55310811
55310884
55310958
55311004
55311081
55311124
55311695
55311759
55311836
55311879
55312750
55312813
55312889
55312932
55313704
55313767
55313849
55313887
55314754
55314817
55314893
55314936
55315699
55315762
55315835
55315909
55315955
55316032
55316076
55316717
55316781
55316857
55316900
55317749
55317811
55317888
55317931
55318758
55318820
55318897
55318940
55319741
55319803
55319880
55319922
55320728
55320792
55320865
55320939
55320985
55321062
55321105
55321762
55321825
55321902
55321949
55322679
55322748
55322819
55322862
55323704
55323767
55323848
55323887
55324773
55324834
55324911
55324954
55325696
55325758
55325832
55325905
55325953
55326028
55326071
55326752
55326815
55326893
55326936
55327784
55327823
55327900
55327952
55328730
55328793
55328870
55328913
55329704
55329765
55329852
55329885
55330767
55330828
55330902
55330975
55331022
55331098
55331152
55331739
55331802
55331877
55331919
55332691
55332754
55332831
55332875
55333695
55333758
55333835
55333878
55334777
55334852
55334918
55334961
55335727
55335790
55335864
55335938
55335984
55336060
55336103
55336712
55336775
55336852
55336895
55337701
55337764
55337846
55337884
55338756
55338819
55338896
55338939
55339737
55339799
55339876
55339920
55340734
55340796
55340871
55340946
55340991
55341068
55341111
55341751
55341813
55341889
55341931
55342750
55342814
55342889
55342931
55343713
55343776
55343853
55343896
55344710
55344774
55344863
55344893
55345748
55345811
55345885
55345958
55346004
55346081
55346125
55346781
55346850
55346921
55346964
55347752
55347815
55347891
55347933
55348731
55348795
55348872
55348915
55349714
55349777
55349855
55349898
55350690
55350754
55350828
55350901
55350947
55351024
55351067
55351691
55351751
55351828
55351871
55352782
55352845
55352921
55352963
55353698
55353761
55353837
55353879
55354680
55354744
55354820
55354863
55355789
55355851
55355925
55355999
55356045
55356122
55356165
55356677
55356744
55356817
55356860
55357736
55357799
55357876
55357920
55358728
55358791
55358868
55358911
55359727
55359790
55359866
55359909
55360757
55360821
55360894
55360968
55361014
55361091
55361134
55361776
55361849
55361916
55361959
55362766
55362829
55362905
55362949
55363783
55363846
55363922
55363964
55364784
55364848
55364924
55364967
55365732
55365794
55365868
55365948
55365989
55366066
55366109
55366731
55366794
55366871
55366914
55367770
55367832
55367909
55367951
55368755
55368818
55368895
55368943
55369724
55369788
55369865
55369908
55370698
55370761
55370834
55370908
55370955
55371032
55371075
55371674
55371743
55371814
55371857
55372680
55372747
55372820
55372863
55373752
55373815
55373892
55373935
55374691
55374754
55374831
55374874
55375691
55375755
55375828
55375902
55375948
55376025
55376068
55376750
55376814
55376890
55376933
55377677
55377759
55377817
55377860
55378694
55378756
55378833
55378876
55379689
55379751
55379829
55379872
55380732
55380796
55380870
55380946
55380989
55381066
55381109
55381747
55381811
55381888
55381931
55382722
55382786
55382862
55382908
55383718
55383780
55383857
55383900
55384691
55384753
55384829
55384872
55385786
55385849
55385923
55385997
55386043
55386120
55386163
55386705
55386769
55386845
55386887
55387676
55387741
55387816
55387859
55388769
55388832
55388909
55388952
55389757
55389819
55389896
55389940
55390751
55390814
55390887
55390961
55391007
55391083
55391126
55391757
55391818
55391895
55391940
55392721
55392785
55392862
55392905
55393741
55393805
55393882
55393925
55394744
55394806
55394883
55394926
55395688
55395748
55395822
55395896
55395942
55396019
55396063
55396750
55396813
55396890
55396944
55397739
55397800
55397876
55397918
55398694
55398758
55398839
55398876
55399706
55399770
55399846
55399889
55400761
55400823
55400898
55400971
55401018
55401095
55401139
55401706
55401769
55401846
55401889
55402728
55402791
55402868
55402911
55403722
55403783
55403859
55403902
55404747
55404811
55404888
55404931
55405690
55405753
55405827
55405900
55405947
55406024
55406067
55406746
55406808
55406884
55406927
55407683
55407747
55407823
55407866
55408683
55408746
55408823
55408866
55409744
55409807
55409885
55409928
55410692
55410754
55410828
55410902
55410949
55411024
55411068
55411753
55411815
55411892
55411943
55412715
55412775
55412853
55412896
55413725
55413788
55413865
55413908
55414737
55414797
55414874
55414917
55415750
55415813
55415886
55415960
55416007
55416084
55416127
55416700
55416764
55416841
55416884
55417701
55417763
55417840
55417884
55418746
55418809
55418886
55418929
55419712
55419774
55419851
55419894
55420750
55420813
55420887
55420960
55421007
55421083
55421127
55421702
55421765
55421842
55421885
55422715
55422776
55422853
55422896
55423747
55423809
55423886
55423929
55424724
55424788
55424865
55424908
55425728
55425790
55425864
55425938
55425985
55426061
55426105
55426722
55426786
55426863
55426906
55427760
55427823
55427900
55427943
55428677
55428739
55428815
55428858
55429691
55429754
55429835
55429874
55430778
55430841
55430915
55430988
55431035
55431111
55431155
55431693
55431755
55431835
55431876
55432742
55432806
55432883
55432926
55433746
55433808
55433885
55433934
55434683
55434745
55434822
55434865
55435685
55435749
55435823
55435896
55435942
55436019
55436062
55436755
55436818
55436896
55436939
55437772
55437835
55437912
55437955
55438672
55438736
55438813
55438856
55439700
55439764
55439841
55439884
55440740
55440797
55440872
55440945
55440992
55441069
55441112
55441680
55441742
55441820
55441863
55442667
55442739
55442807
55442850
55443690
55443753
55443833
55443873
55444742
55444805
55444882
55444925
55445766
55445833
55445902
55445976
55446023
55446098
55446142
55446752
55446814
55446891
55446938
55447756
55447817
55447894
55447937
55448766
55448838
55448905
55448947
55449664
55449733
55449803
55449846
55450698
55450761
55450838
55450908
55450954
55451038
55451075
55451780
55451843
55451920
55451963
55452722
55452785
55452862
55452905
55453742
55453803
55453880
55453923
55454749
55454812
55454888
55454932
55455691
55455754
55455833
55455901
55455949
55456023
55456066
55456698
55456760
55456837
55456881
55457701
55457764
55457841
55457884
55458713
55458776
55458852
55458895
55459684
55459747
55459824
55459867
55460698
55460761
55460835
55460909
55460955
55461031
55461074
55461738
55461800
55461878
55461921
55462677
55462740
55462817
55462860
55463680
55463743
55463820
55463863
55464685
55464749
55464832
55464868
55465688
55465751
55465831
55465899
55465945
55466021
55466064
55466731
55466795
55466871
55466914
55467741
55467803
55467880
55467923
55468731
55468794
55468871
55468914
55469733
55469796
55469873
55469916
55470741
55470803
55470877
55470951
55470998
55471075
55471118
55471687
55471750
55471831
55471869
55472684
55472747
55472830
55472867
55473730
55473792
55473867
55473909
55474735
55474797
55474874
55474917
55475745
55475807
55475880
55475954
55476000
55476077
55476120
55476666
55476729
55476806
55476849
55477675
55477735
55477812
55477855
55478691
55478752
55478830
55478872
55479733
55479796
55479872
55479914
55480715
55480778
55480852
55480929
55480972
55481048
55481090
55481699
55481761
55481838
55481881
55482714
55482776
55482854
55482897
55483677
55483741
55483817
55483860
55484695
55484759
55484835
55484878
55485677
55485741
55485814
55485888
55485934
55486010
55486052
55486737
55486800
55486876
55486918
55487720
55487783
55487859
55487901
55488742
55488804
55488880
55488928
55489714
55489776
55489853
55489896
55490677
55490740
55490813
55490887
55490934
55491011
55491054
55491735
55491799
55491875
55491918
55492676
55492745
55492815
55492858
55493669
55493733
55493810
55493853
55494737
55494800
55494877
55494920
55495714
55495778
55495852
55495932
55495971
55496048
55496091
55496690
55496753
55496830
55496873
55497731
55497793
55497870
55497913
55498679
55498742
55498819
55498862
55499718
55499782
55499857
55499899
55500722
55500782
55500856
55500930
55500977
55501052
55501094
55501682
55501746
55501827
55501865
55502733
55502796
55502873
55502916
55503715
55503778
55503855
55503898
55504672
55504735
55504811
55504852
55505690
55505754
55505827
55505901
55505947
55506026
55506065
55506732
55506795
55506872
55506915
55507678
55507740
55507817
55507860
55508713
55508775
55508852
55508895
55509709
55509773
55509850
55509893
55510735
55510799
55510873
55510946
55510992
55511069
55511112
55511692
55511755
55511831
55511873
55512708
55512771
55512847
55512889
55513690
55513753
55513829
55513871
55514672
55514735
55514811
55514853
55515754
55515817
55515891
55515965
55516011
55516087
55516130
55516692
55516754
55516830
55516872
55517717
55517780
55517856
55517898
55518725
55518784
55518860
55518902
55519733
55519797
55519874
55519917
55520756
55520824
55520893
55520967
55521013
55521089
55521131
55521761
55521824
55521900
55521942
55522706
55522768
55522846
55522889
55523682
55523744
55523824
55523864
55524731
55524794
55524871
55524914
55525659
55525724
55525796
55525870
55525916
55525993
55526036
55526724
55526786
55526862
55526905
55527703
55527767
55527843
55527886
55528676
55528739
55528816
55528859
55529741
55529803
55529881
55529924
55530761
55530824
55530898
55530972
55531023
55531095
55531138
55531712
55531774
55531852
55531895
55532679
55532742
55532823
55532862
55533730
55533794
55533870
55533912
55534667
55534730
55534807
55534849
55535714
55535776
55535850
55535924
55535970
55536046
55536089
55536760
55536823
55536900
55536943
55537677
55537740
55537827
55537860
55538732
55538795
55538872
55538915
55539710
55539774
55539851
55539894
55540673
55540736
55540809
55540883
55540930
55541006
55541050
55541681
55541744
55541827
55541864
55542722
55542780
55542857
55542900
55543729
55543791
55543868
55543911
55544666
55544729
55544806
55544849
55545677
55545741
55545815
55545888
55545934
55546010
55546052
55546721
55546780
55546856
55546898
55547706
55547768
55547844
55547886
55548683
55548745
55548822
55548865
55549704
55549767
55549843
55549885
55550742
55550806
55550879
55550953
55550999
55551075
55551121
55551710
55551772
55551848
55551890
55552739
55552802
55552879
55552922
55553747
55553811
55553887
55553929
55554745
55554808
55554884
55554926
55555707
55555771
55555845
55555920
55555964
55556041
55556084
55556704
55556767
55556844
55556887
55557731
55557794
55557871
55557924
55558731
55558794
55558872
55558920
55559702
55559766
55559842
55559885
55560752
55560819
55560889
55560963
55561009
55561084
55561126
55561698
55561760
55561836
55561878
55562701
55562764
55562842
55562885
55563656
55563724
55563796
55563839
55564726
55564788
55564866
55564909
55565666
55565729
55565803
55565877
55565923
55565999
55566041
55566672
55566736
55566812
55566854
55567731
55567795
55567870
55567912
55568680
55568743
55568820
55568863
55569681
55569744
55569823
55569864
55570707
55570767
55570841
55570918
55570962
55571039
55571082
55571709
55571773
55571849
55571891
55572723
55572775
55572851
55572893
55573699
55573763
55573838
55573880
55574719
55574782
55574858
55574900
55575725
55575788
55575862
55575936
55575982
55576058
55576101
55576722
55576785
55576861
55576903
55577674
55577738
55577818
55577856
55578676
55578739
55578817
55578857
55579732
55579795
55579872
55579922
55580733
55580796
55580870
55580944
55581001
55581078
55581121
55581755
55581817
55581894
55581937
55582716
55582776
55582853
55582897
55583722
55583776
55583853
55583896
55584693
55584755
55584832
55584875
55585750
55585816
55585886
55585959
55586020
55586097
55586140
55586716
55586774
55586850
55586893
55587775
55587838
55587921
55587958
55588730
55588794
55588871
55588916
55589773
55589836
55589916
55589956
55590690
55590754
55590828
55590901
55590961
55591037
55591080
55591786
55591849
55591926
55591969
55592741
55592805
55592882
55592925
55593753
55593821
55593892
55593936
55594739
55594802
55594880
55594923
55595770
55595834
55595908
55595981
55596041
55596118
55596161
55596694
55596758
55596834
55596877
55597741
55597803
55597881
55597924
55598702
55598765
55598841
55598884
55599691
55599754
55599831
55599874
55600707
55600771
55600844
55600920
55600978
55601055
55601098
55601836
55601898
55601975
55602020
55602721
55602784
55602861
55602904
55603744
55603807
55603885
55603928
55604701
55604764
55604841
55604884
55605821
55605884
55605958
55606032
55606091
55606168
55606214
55606814
55606874
55606950
55606993
55607678
55607742
55607819
55607862
55608719
55608780
55608858
55608901
55609714
55609777
55609853
55609896
55610694
55610758
55610831
55610905
55610964
55611041
55611084
55611702
55611765
55611842
55611885
55612752
55612816
55612893
55612936
55613714
55613776
55613853
55613897
55614806
55614868
55614946
55614989
55615751
55615814
55615888
55615962
55616022
55616099
55616142
55616749
55616813
55616889
55616932
55617696
55617760
55617837
55617880
55618749
55618812
55618889
55618932
55619720
55619783
55619860
55619903
55620714
55620777
55620851
55620925
55620984
55621061
55621105
55621752
55621816
55621893
55621936
55622719
55622781
55622858
55622901
55623757
55623821
55623898
55623941
55624754
55624817
55624893
55624936
55625771
55625834
55625912
55625981
55626042
55626119
55626162
55626754
55626816
55626894
55626937
55627742
55627811
55627882
55627925
55628695
55628758
55628834
55628877
55629687
55629751
55629828
55629871
55630812
55630875
55630949
55631023
55631082
55631159
55631203
55631677
55631739
55631815
55631857
55632738
55632800
55632877
55632920
55633763
55633825
55633902
55633945
55634664
55634726
55634803
55634846
55635744
55635811
55635881
55635955
55636015
55636091
55636134
55636739
55636802
55636879
55636922
55637762
55637825
55637902
55637945
55638710
55638771
55638849
55638892
55639739
55639802
55639879
55639922
55640700
55640764
55640838
55640911
55640972
55641049
55641092
55641715
55641773
55641849
55641892
55642701
55642765
55642842
55642885
55643699
55643762
55643839
55643882
55644752
55644815
55644893
55644936
55645747
55645814
55645884
55645958
55646018
55646095
55646138
55646710
55646773
55646850
55646893
55647691
55647754
55647831
55647874
55648808
55648870
55648947
55648990
55649760
55649822
55649899
55649942
55650701
55650763
55650837
55650914
55650971
55651048
55651091
55651655
55651719
55651795
55651838
55652709
55652767
55652844
55652887
55653698
55653761
55653837
55653880
55654758
55654820
55654897
55654940
55655775
55655837
55655911
55655985
55656045
55656121
55656163
55656811
55656873
55656951
55656994
55657745
55657807
55657884
55657927
55658755
55658817
55658894
55658937
55659737
55659800
55659877
55659920
55660751
55660815
55660889
55660962
55661022
55661099
55661142
55661692
55661756
55661833
55661876
55662759
55662823
55662900
55662943
55663814
55663878
55663954
55663997
55664712
55664766
55664843
55664886
55665730
55665793
55665866
55665940
55666000
55666077
55666120
55666810
55666873
55666950
55666993
55667693
55667757
55667833
55667876
55668656
55668719
55668796
55668839
55669671
55669735
55669812
55669853
55670811
55670864
55670938
55671012
55671071
55671147
55671189
55671767
55671829
55671906
55671948
55672678
55672740
55672817
55672860
55673825
55673888
55673965
55674008
55674745
55674808
55674885
55674928
55675715
55675779
55675852
55675926
55675986
55676063
55676106
55676710
55676772
55676849
55676892
55677746
55677810
55677886
55677929
55678733
55678796
55678873
55678916
55679741
55679805
55679882
55679925
55680754
55680818
55680891
55680965
55681026
55681105
55681145
55681735
55681810
55681875
55681918
55682741
55682805
55682880
55682923
55683680
55683743
55683820
55683863
55684696
55684759
55684836
55684879
55685814
55685877
55685951
55686025
55686085
55686162
55686205
55686725
55686789
55686865
55686909
55687750
55687814
55687890
55687933
55688692
55688755
55688832
55688875
55689691
55689753
55689830
55689873
55690682
55690744
55690818
55690892
55690952
55691029
55691072
55691752
55691814
55691891
55691935
55692687
55692750
55692827
55692870
55693687
55693751
55693828
55693871
55694748
55694811
55694886
55694928
55695677
55695740
55695814
55695888
55695947
55696023
55696065
55696675
55696739
55696816
55696859
55697655
55697719
55697796
55697839
55698703
55698765
55698842
55698885
55699729
55699792
55699869
55699912
55700746
55700808
55700883
55700956
55701016
55701093
55701136
55701707
55701768
55701844
55701889
55702640
55702703
55702779
55702822
55703743
55703806
55703883
55703926
55704702
55704764
55704841
55704884
55705666
55705730
55705803
55705877
55705936
55706013
55706056
55706708
55706772
55706849
55706892
55707744
55707806
55707884
55707927
55708715
55708777
55708854
55708902
55709819
55709870
55709946
55709989
55710759
55710822
55710906
55710969
55711030
55711107
55711150
55711808
55711872
55711948
55711991
55712734
55712801
55712873
55712916
55713750
55713812
55713889
55713932
55714727
55714791
55714868
55714911
55715742
55715806
55715878
55715952
55716013
55716089
55716132
55716687
55716751
55716828
55716871
55717637
55717705
55717777
55717820
55718729
55718793
55718870
55718913
55719700
55719760
55719837
55719880
55720735
55720800
55720871
55720945
55721006
55721082
55721125
55721755
55721818
55721901
55721937
55722748
55722812
55722889
55722934
55723700
55723762
55723839
55723882
55724750
55724814
55724891
55724934
55725704
55725767
55725841
55725915
55725974
55726051
55726100
55726700
55726764
55726840
55726883
55727746
55727809
55727886
55727929
55728704
55728756
55728834
55728877
55729725
55729787
55729864
55729907
55730738
55730801
55730875
55730949
55731008
55731085
55731128
55731737
55731804
55731877
55731920
55732727
55732791
55732868
55732911
55733747
55733811
55733888
55733931
55734684
55734747
55734824
55734867
55735654
55735717
55735791
55735865
55735924
55736003
55736044
55736725
55736787
55736864
55736907
55737675
55737738
55737815
55737858
55738727
55738789
55738866
55738910
55739680
55739743
55739820
55739863
55740699
55740762
55740835
55740909
55740969
55741046
55741089
55741743
55741805
55741883
55741926
55742739
55742802
55742879
55742922
55743746
55743809
55743886
55743929
55744690
55744753
55744830
55744873
55745752
55745814
55745888
55745961
55746022
55746102
55746142
55746672
55746735
55746811
55746854
55747697
55747755
55747831
55747874
55748707
55748769
55748846
55748889
55749679
55749741
55749819
55749862
55750747
55750809
55750883
55750957
55751017
55751097
55751137
55751743
55751806
55751883
55751926
55752751
55752814
55752890
55752932
55753672
55753735
55753810
55753852
55754728
55754796
55754867
55754910
55755740
55755803
55755877
55755951
55756011
55756088
55756131
55756682
55756744
55756821
55756864
55757687
55757751
55757828
55757871
55758736
55758798
55758875
55758918
55759672
55759735
55759812
55759855
55760675
55760739
55760813
55760886
55760947
55761022
55761067
55761700
55761755
55761831
55761874
55762724
55762787
55762864
55762907
55763804
55763867
55763944
55763987
55764734
55764798
55764875
55764918
55765744
55765808
55765881
55765955
55766016
55766094
55766135
55766787
55766849
55766926
55766969
55767678
55767741
55767818
55767862
55768652
55768715
55768795
55768835
55769804
55769868
55769945
55769994
55770733
55770797
55770870
55770944
55771003
55771080
55771123
55771737
55771800
55771877
55771920
55772808
55772871
55772948
55772994
55773693
55773753
55773830
55773873
55774670
55774733
55774810
55774853
55775700
55775764
55775838
55775911
55775971
55776048
55776099
55776796
55776859
55776935
55776978
55777693
55777753
55777830
55777873
55778668
55778732
55778808
55778851
55779720
55779782
55779859
55779902
55780752
55780815
55780893
55780963
55781023
55781100
55781143
55781693
55781755
55781832
55781875
55782693
55782757
55782834
55782877
55783628
55783693
55783769
55783812
55784679
55784742
55784819
55784862
55785731
55785793
55785867
55785940
55786001
55786078
55786121
55786693
55786756
55786833
55786876
55787693
55787754
55787831
55787874
55788685
55788747
55788824
55788868
55789644
55789708
55789785
55789828
55790646
55790708
55790783
55790856
55790916
55790997
55791036
55791716
55791779
55791856
55791899
55792796
55792860
55792936
55792979
55793717
55793780
55793857
55793900
55794665
55794728
55794805
55794848
55795632
55795696
55795769
55795843
55795903
55795980
55796023
55796679
55796743
55796819
55796862
55797696
55797754
55797832
55797875
55798650
55798714
55798796
55798834
55799697
55799760
55799837
55799880
55800737
55800801
55800875
55800948
55801008
55801091
55801128
55801675
55801738
