54901993
54902001
54902014
54902092
54902193
54902292
54902392
54902493
54902592
54902692
54902793
54902897
54902992
54903092
54903192
54903292
54903392
54903492
54903592
54903692
54903792
54903892
54903992
54904092
54904193
54904292
54904392
54904492
54904592
54904692
54904792
54904892
54904992
54905092
54905192
54905292
54905392
54905492
54905592
54905692
54905792
54905892
54905993
54906092
54906191
54906292
54906392
54906491
54906592
54906692
54906791
54906897
54906992
54907091
54907192
54907292
54907392
54907492
54907591
54907692
54907891
54907992
54908092
54908191
54908292
54908392
54908491
54908592
54908692
54908792
54908892
54908992
54909091
54909192
54909291
54909391
54909492
54909591
54909691
54909792
54909891
54909991
54910191
54910291
54910392
54910491
54910592
54910691
54910791
54910892
54910991
54911091
54911192
54911291
54911391
54911492
54911591
54911691
54911792
54911891
54911991
54912091
54912191
54912291
54912391
54912491
54912591
54912691
54912791
54912891
54912991
54913091
54913191
54913291
54913391
54913490
54913591
54913691
54913790
54913891
54913991
54914091
54914191
54914291
54914391
54914491
54914591
54914691
54914791
54914891
54914991
54915091
54915190
54915291
54915391
54915490
54915591
54915691
54915790
54915891
54915991
54916090
54916191
54916291
54916390
54916491
54916591
54916690
54916794
54916890
54916990
54917091
54917190
54917291
54917391
54917490
54917591
54917691
54917790
54917892
54917990
54918090
54918191
54918290
54918390
54918491
54918590
54918690
54918791
54918890
54918990
54919091
54919190
54919290
54919391
54919490
54919590
54919690
54919790
54919890
54919990
54920090
54920190
54920290
54920390
54920491
54920590
54920690
54920791
54920898
54920990
54921095
54921190
54921290
54921390
54921490
54921590
54921690
54921790
54921890
54921990
54922090
54922190
54922290
54922390
54922490
54922590
54922690
54922789
54922890
54922990
54923089
54923190
54923290
54923389
54923490
54923590
54923689
54923790
54923890
54923990
54924090
54924190
54924290
54924390
54924489
54924590
54924690
54924789
54924890
54924990
54925089
54925190
54925290
54925389
54925490
54925589
54925689
54925790
54925889
54925989
54926090
54926189
54926289
54926390
54926489
54926589
54926690
54926789
54926889
54926989
54927089
54927190
54927289
54927389
54927490
54927589
54927689
54927790
54927889
54927989
54928090
54928189
54928289
54928390
54928489
54928589
54928689
54928789
54928894
54928989
54929089
54929189
54929289
54929389
54929489
54929589
54929689
54929789
54929889
54929989
54930089
54930189
54930289
54930388
54930489
54930589
54930689
54930789
54930889
54930989
54931089
54931189
54931289
54931389
54931489
54931589
54931689
54931796
54931889
54931989
54932088
54932189
54932289
54932388
54932489
54932589
54932688
54932789
54932889
54932988
54933089
54933188
54933288
54933389
54933488
54933588
54933689
54933788
54933889
54933989
54934088
54934189
54934289
54934388
54934489
54934588
54934688
54934789
54934888
54934993
54935089
54935188
54935288
54935389
54935488
54935588
54935689
54935788
54935888
54935988
54936088
54936188
54936288
54936388
54936488
54936588
54936688
54936788
54936890
54936988
54937089
54937188
54937288
54937389
54937488
54937588
54937688
54937788
54937888
54937989
54938088
54938188
54938288
54938388
54938488
54938588
54938688
54938788
54938888
54938988
54939088
54939188
54939288
54939387
54939488
54939588
54939687
54939788
54939888
54939987
54940088
54940188
54940288
54940388
54940488
54940588
54940688
54940787
54940888
54940988
54941087
54941188
54941288
54941387
54941488
54941588
54941687
54941788
54941888
54941987
54942088
54942187
54942287
54942388
54942487
54942587
54942688
54942787
54942887
54942988
54943087
54943187
54943288
54943387
54943488
54943587
54943687
54943788
54943887
54943987
54944088
54944187
54944287
54944388
54944487
54944587
54944688
54944787
54944887
54944988
54945087
54945187
54945287
54945387
54945487
54945587
54945687
54945787
54945887
54945987
54946087
54946188
54946287
54946387
54946487
54946587
54946688
54946787
54946887
54946987
54947087
54947187
54947287
54947387
54947487
54947587
54947687
54947787
54947887
54947987
54948086
54948187
54948287
54948386
54948487
54948587
54948686
54948787
54948887
54948986
54949087
54949187
54949286
54949387
54949487
54949586
54949687
54949787
54949886
54949987
54950086
54950187
54950287
54950386
54950487
54950587
54950686
54950787
54950887
54950986
54951087
54951186
54951286
54951387
54951486
54951586
54951687
54951786
54951886
54951987
54952086
54952186
54952287
54952386
54952486
54952586
54952686
54952786
54952890
54952986
54953086
54953186
54953286
54953387
54953486
54953586
54953687
54953786
54953886
54953987
54954086
54954186
54954287
54954386
54954486
54954586
54954686
54954787
54954886
54954986
54955086
54955186
54955286
54955386
54955486
54955586
54955685
54955786
54955886
54956086
54956186
54956285
54956386
54956486
54956585
54956686
54956786
54956887
54956986
54957086
54957186
54957286
54957385
54957486
54957586
54957685
54957786
54957886
54957985
54958086
54958186
54958285
54958386
54958486
54958585
54958686
54958785
54958885
54958987
54959085
54959185
54959286
54959385
54959485
54959586
54959685
54959785
54959887
54959985
54960086
54960186
54960285
54960386
54960485
54960585
54960686
54960785
54960885
54960986
54961085
54961185
54961286
54961385
54961485
54961586
54961685
54961785
54961886
54961989
54962085
54962185
54962285
54962385
54962485
54962585
54962685
54962785
54962885
54962985
54963085
54963185
54963284
54963385
54963485
54963585
54963685
54963785
54963885
54963985
54964085
54964185
54964285
54964385
54964485
54964585
54964685
54964787
54964885
54964984
54965085
54965185
54965284
54965385
54965485
54965584
54965685
54965785
54965884
54965985
54966086
54966184
54966285
54966384
54966484
54966585
54966684
54966785
54966885
54966984
54967085
54967185
54967284
54967385
54967485
54967584
54967685
54967789
54967884
54967985
54968184
54968285
54968384
54968484
54968585
54968684
54968784
54968885
54968984
54969084
54969185
54969284
54969384
54969485
54969584
54969684
54969784
54969884
54969985
54970084
54970184
54970285
54970384
54970484
54970584
54970684
54970784
54970884
54970984
54971094
54971184
54971284
54971384
54971484
54971584
54971684
54971784
54971886
54971984
54972084
54972184
54972284
54972384
54972484
54972583
54972684
54972784
54972883
54972987
54973084
54973184
54973284
54973384
54973484
54973584
54973683
54973784
54973889
54973983
54974084
54974184
54974283
54974384
54974484
54974583
54974684
54974784
54974883
54974984
54975084
54975183
54975284
54975383
54975483
54975584
54975683
54975807
54975884
54976035
54976083
54976184
54976283
54976384
54976484
54976583
54976684
54976784
54976883
54976984
54977083
54977183
54977284
54977383
54977483
54977584
54977683
54977783
54977884
54977983
54978083
54978184
54978283
54978383
54978483
54978583
54978683
54978783
54978883
54978983
54979083
54979183
54979283
54979383
54979483
54979584
54979683
54979783
54979888
54979983
54980083
54980183
54980283
54980383
54980483
54980583
54980683
54980783
54980883
54980983
54981083
54981183
54981282
54981383
54981483
54981582
54981683
54981783
54981882
54981983
54982083
54982182
54982283
54982383
54982482
54982583
54982682
54982782
54982884
54982982
54983083
54983183
54983282
54983383
54983483
54983582
54983683
54983783
54983882
54983983
54984083
54984182
54984283
54984382
54984482
54984583
54984682
54984782
54984883
54984982
54985082
54985183
54985282
54985382
54985483
54985582
54985682
54985783
54985882
54985982
54986082
54986182
54986283
54986382
54986482
54986583
54986782
54986883
54986982
54987082
54987183
54987282
54987382
54987482
54987582
54987682
54987782
54987882
54987982
54988082
54988182
54988282
54988382
54988482
54988582
54988682
54988782
54988881
54988982
54989082
54989181
54989282
54989382
54989481
54989582
54989682
54989782
54989982
54990082
54990182
54990281
54990382
54990482
54990581
54990682
54990782
54990881
54990982
54991082
54991181
54991282
54991382
54991481
54991582
54991681
54991781
54991882
54991981
54992081
54992182
54992281
54992381
54992482
54992581
54992681
54992782
54992881
54992982
54993082
54993181
54993282
54993381
54993481
54993582
54993681
54993781
54993882
54993981
54994081
54994182
54994281
54994381
54994482
54994581
54994681
54994782
54994881
54994981
54995081
54995181
54995281
54995381
54995481
54995581
54995681
54995781
54995881
54995981
54996081
54996182
54996281
54996381
54996481
54996581
54996681
54996781
54996881
54996981
54997081
54997181
54997281
54997381
54997481
54997581
54997681
54997781
54997880
54997981
54998081
54998180
54998281
54998381
54998480
54998581
54998681
54998780
54998881
54998981
54999080
54999181
54999280
54999380
54999481
54999580
54999681
54999781
54999880
54999981
55000081
55000180
55000281
55000381
55000480
55000581
55000681
55000780
55000881
55000980
55001080
55001182
55001280
55001380
55001481
55001580
55001680
55001781
55001884
55001980
55002081
55002180
55002280
55002381
55002480
55002580
55002680
55002780
55002889
55002980
55003080
55003181
55003280
55003380
55003481
55003580
55003680
55003780
55003880
55003980
55004080
55004180
55004280
55004380
55004480
55004580
55004680
55004780
55004880
55004980
55005080
55005180
55005280
55005380
55005479
55005580
55005680
55005779
55005880
55005983
55006080
55006180
55006280
55006380
55006480
55006580
55006680
55006780
55006879
55006980
55007080
55007179
55007280
55007380
55007479
55007580
55007680
55007779
55007880
55007980
55008079
55008180
55008279
55008379
55008480
55008579
55008679
55008780
55008879
55008979
55009080
55009179
55009280
55009380
55009479
55009580
55009679
55009779
55009880
55009979
55010079
55010180
55010279
55010379
55010480
55010579
55010679
55010780
55010879
55010979
55011080
55011179
55011279
55011379
55011479
55011579
55011679
55011779
55011879
55011979
55012079
55012179
55012279
55012379
55012480
55012579
55012679
55012780
55012879
55012979
55013079
55013179
55013279
55013379
55013479
55013579
55013679
55013779
55013879
55013979
55014079
55014179
55014279
55014379
55014478
55014579
55014679
55014778
55014879
55014979
55015078
55015179
55015279
55015378
55015479
55015579
55015678
55015779
55015878
55015979
55016087
55016178
55016279
55016379
55016478
55016579
55016679
55016778
55016879
55016979
55017078
55017179
55017279
55017378
55017479
55017578
55017678
55017779
55017878
55017978
55018079
55018178
55018278
55018379
55018478
55018578
55018679
55018778
55018878
55018978
55019078
55019179
55019278
55019378
55019479
55019578
55019678
55019779
55019878
55019978
55020079
55020178
55020278
55020378
55020478
55020578
55020678
55020778
55020878
55020978
55021078
55021178
55021278
55021378
55021478
55021578
55021678
55021777
55021878
55021978
55022077
55022178
55022278
55022377
55022478
55022578
55022678
55022778
55022878
55022978
55023078
55023178
55023278
55023378
55023477
55023578
55023678
55023777
55023878
55023978
55024077
55024178
55024278
55024377
55024478
55024578
55024677
55024778
55024877
55024977
55025078
55025177
55025277
55025378
55025477
55025577
55025678
55025780
55025878
55025978
55026077
55026178
55026277
55026377
55026478
55026577
55026677
55026778
55026877
55026977
55027078
55027177
55027277
55027378
55027477
55027577
55027678
55027777
55027877
55027977
55028077
55028177
55028277
55028377
55028477
55028577
55028677
55028777
55028877
55028977
55029078
55029177
55029277
55029377
55029477
55029577
55029677
55029777
55029877
55029977
55030077
55030177
55030277
55030377
55030477
55030577
55030677
55030777
55030877
55030977
55031093
55031177
55031277
55031376
55031477
55031577
55031676
55031777
55031877
55031976
55032077
55032177
55032276
55032377
55032476
55032577
55032677
55032776
55032877
55032977
55033076
55033177
55033277
55033376
55033477
55033577
55033676
55033777
55033876
55033976
55034077
55034176
55034276
55034377
55034476
55034576
55034677
55034776
55034876
55034977
55035076
55035176
55035277
55035376
55035476
55035576
55035676
55035780
55035876
55035976
55036077
55036176
55036276
55036377
55036476
55036576
55036677
55036776
55036876
55036976
55037076
55037176
55037276
55037376
55037476
55037576
55037676
55037776
55037876
55037976
55038076
55038176
55038276
55038375
55038476
55038576
55038675
55038778
55038876
55038976
55039076
55039176
55039276
55039376
55039476
55039576
55039676
55039776
55039876
55039976
55040075
55040176
55040276
55040375
55040476
55040576
55040675
55040776
55040876
55040975
55041076
55041176
55041275
55041376
55041475
55041575
55041676
55041775
55041875
55041976
55042075
55042176
55042276
55042375
55042476
55042576
55042675
55042776
55042876
55042975
55043076
55043176
55043275
55043376
55043475
55043575
55043676
55043775
55043875
55043976
55044075
55044175
55044276
55044375
55044475
55044575
55044675
55044775
55044875
55044975
55045075
55045175
55045275
55045376
55045475
55045575
55045676
55045775
55045875
55045975
55046075
55046175
55046275
55046375
55046475
55046575
55046675
55046775
55046882
55046975
55047075
55047175
55047275
55047375
55047475
55047575
55047674
55047775
55047875
55047974
55048075
55048175
55048274
55048375
55048475
55048574
55048675
55048774
55048875
55048975
55049074
55049175
55049275
55049374
55049475
55049575
55049674
55049775
55049875
55049974
55050075
55050175
55050274
55050375
55050475
55050574
55050675
55050774
55050874
55050975
55051074
55051174
55051275
55051374
55051474
55051575
55051674
55051774
55051875
55051974
55052075
55052174
55052274
55052375
55052474
55052574
55052675
55052779
55052874
55052975
55053074
55053174
55053275
55053374
55053474
55053574
55053674
55053774
55053874
55053974
55054074
55054174
55054274
55054374
55054474
55054574
55054674
55054774
55054874
55054973
55055074
55055174
55055273
55055374
55055474
55055574
55055674
55055774
55055874
55055974
55056074
55056174
55056274
55056374
55056474
55056574
55056673
55056774
55056874
55056973
55057074
55057174
55057273
55057374
55057474
55057573
55057674
55057774
55057873
55057974
55058074
55058173
55058274
55058373
55058473
55058574
55058673
55058774
55058874
55058973
55059074
55059174
55059273
55059374
55059473
55059573
55059674
55059773
55059873
55059974
55060073
55060173
55060274
55060373
55060473
55060574
55060673
55060773
55060878
55060973
55061074
55061174
55061273
55061373
55061473
55061573
55061673
55061773
55061873
55061974
55062073
55062173
55062274
55062373
55062473
55062573
55062673
55062773
55062873
55062976
55063073
55063173
55063273
55063373
55063473
55063573
55063673
55063773
55063873
55063972
55064073
55064173
55064272
55064373
55064473
55064572
55064673
55064773
55064872
55064973
55065073
55065172
55065273
55065373
55065473
55065573
55065672
55065773
55065873
55065972
55066073
55066173
55066272
55066373
55066473
55066572
55066673
55066773
55066872
55066973
55067072
55067172
55067273
55067372
55067472
55067573
55067672
55067772
55067873
55067972
55068072
55068173
55068272
55068372
55068472
55068572
55068673
55068772
55068872
55068973
55069072
55069172
55069273
55069372
55069472
55069573
55069672
55069772
55069873
55069972
55070072
55070172
55070272
55070372
55070472
55070572
55070672
55070772
55070872
55070972
55071077
55071172
55071271
55071372
55071472
55071571
55071672
55071772
55071872
55071972
55072072
55072172
55072272
55072372
55072472
55072572
55072672
55072778
55072872
55072972
55073072
55073172
55073271
55073372
55073472
55073571
55073672
55073772
55073875
55073972
55074072
55074171
55074272
55074372
55074471
55074572
55074671
55074771
55074872
55074971
55075072
55075172
55075271
55075372
55075472
55075571
55075672
55075772
55075871
55075972
55076072
55076171
55076272
55076371
55076471
55076572
55076671
55076771
55076872
55076971
55077071
55077172
55077271
55077371
55077471
55077571
55077671
55077771
55077871
55077971
55078071
55078171
55078272
55078371
55078471
55078572
55078671
55078771
55078872
55078971
55079071
55079171
55079271
55079371
55079471
55079571
55079671
55079771
55079871
55079971
55080071
55080171
55080271
55080371
55080471
55080571
55080671
55080771
55080876
55080971
55081071
55081170
55081271
55081371
55081470
55081571
55081671
55081771
55081871
55081970
55082071
55082171
55082270
55082371
55082471
55082570
55082671
55082771
55082870
55082971
55083071
55083170
55083271
55083371
55083470
55083571
55083670
55083770
55083871
55083970
55084070
55084171
55084270
55084370
55084471
55084570
55084670
55084771
55084870
55084971
55085070
55085170
55085271
55085370
55085470
55085571
55085670
55085770
55085871
55085970
55086070
55086171
55086270
55086370
55086470
55086570
55086670
55086770
55086870
55086970
55087070
55087270
55087370
55087470
55087570
55087670
55087770
55087869
55087970
55088070
55088169
55088270
55088370
55088470
55088570
55088670
55088774
55088870
55088970
55089070
55089170
55089270
55089370
55089470
55089569
55089670
55089770
55089869
55089970
55090070
55090169
55090270
55090370
55090469
55090570
55090670
55090769
55090870
55090970
55091069
55091170
55091269
55091369
55091470
55091569
55091670
55091770
55091869
55091970
55092070
55092169
55092270
55092370
55092469
55092570
55092669
55092769
55092870
55092969
55093069
55093170
55093269
55093369
55093470
55093569
55093669
55093770
55093869
55093969
55094069
55094169
55094269
55094369
55094469
55094569
55094669
55094769
55094870
55094969
55095069
55095170
55095269
55095369
55095470
55095569
55095669
55095769
55095869
55095969
55096069
55096169
55096269
55096369
55096469
55096569
55096669
55096769
55096973
55097069
55097169
55097269
55097369
55097468
55097569
55097669
55097768
55097873
55097969
55098068
55098169
55098269
55098369
55098469
55098569
55098669
55098769
55098868
55098969
55099069
55099168
55099269
55099369
55099468
55099569
55099669
55099768
55099869
55099968
55100068
55100169
55100268
55100368
55100469
55100568
55100668
55100769
55100868
55100972
55101069
55101168
55101268
55101369
55101468
55101569
55101668
55101768
55101869
55101968
55102068
55102169
55102268
55102368
55102469
55102568
55102668
55102769
55102868
55102972
55103068
55103168
55103268
55103368
55103468
55103568
55103668
55103769
55103868
55103968
55104068
55104168
55104268
55104368
55104467
55104568
55104668
55104768
55104871
55104968
55105068
55105168
55105268
55105368
55105468
55105568
55105668
55105768
55105868
55105968
55106068
55106168
55106268
55106368
55106467
55106568
55106668
55106767
55106872
55106968
55107067
55107168
55107268
55107367
55107468
55107567
55107667
55107773
55107867
55107968
55108068
55108167
55108268
55108368
55108467
55108568
55108668
55108767
55108868
55108968
55109067
55109168
55109267
55109367
55109468
55109567
55109667
55109768
55109867
55109967
55110068
55110167
55110267
55110368
55110467
55110567
55110667
55110767
55110871
55110967
55111068
55111168
55111267
55111367
55111468
55111567
55111667
55111768
55111867
55111967
55112067
55112167
55112267
55112367
55112467
55112567
55112667
55112767
55112868
55112967
55113067
55113167
55113267
55113367
55113467
55113567
55113667
55113767
55113867
55113967
55114066
55114167
55114267
55114366
55114467
55114567
55114667
55114767
55114867
55115067
55115166
55115267
55115367
55115466
55115567
55115667
55115766
55115867
55115967
55116066
55116170
55116267
55116366
55116467
55116566
55116666
55116767
55116866
55116966
55117067
55117166
55117266
55117367
55117466
55117566
55117667
55117766
55117867
55117967
55118066
55118167
55118266
55118366
55118467
55118566
55118666
55118767
55118866
55118966
55119067
55119166
55119266
55119367
55119466
55119566
55119666
55119766
55119866
55119966
55120066
55120166
55120266
55120366
55120466
55120566
55120666
55120771
55120866
55120966
55121067
55121166
55121266
55121366
55121466
55121566
55121666
55121766
55121866
55121966
55122066
55122166
55122266
55122366
55122466
55122566
55122666
55122765
55122866
55122969
55123065
55123166
55123266
55123365
55123466
55123566
55123665
55123766
55123866
55123965
55124066
55124166
55124265
55124366
55124465
55124566
55124666
55124765
55124866
55124966
55125065
55125166
55125266
55125365
55125466
55125565
55125665
55125766
55125865
55125965
55126066
55126165
55126265
55126366
55126465
55126565
55126666
55126765
55126865
55126966
55127065
55127165
55127265
55127365
55127465
55127565
55127665
55127766
55127865
55127965
55128066
55128165
55128265
55128366
55128465
55128565
55128666
55128765
55128865
55128965
55129065
55129165
55129265
55129365
55129465
55129565
55129665
55129765
55129865
55129965
55130064
55130165
55130265
55130364
55130465
55130565
55130664
55130765
55130865
55130964
55131065
55131165
55131265
55131365
55131465
55131565
55131665
55131764
55131865
55131965
55132064
55132165
55132265
55132364
55132465
55132565
55132664
55132765
55132865
55132964
55133065
55133165
55133264
55133365
55133464
55133564
55133665
55133764
55133864
55133965
55134064
55134164
55134265
55134364
55134465
55134564
55134664
55134765
55134864
55134964
55135065
55135164
55135264
55135365
55135464
55135564
55135665
55135764
55135864
55135965
55136064
55136164
55136264
55136364
55136464
55136565
55136664
55136764
55136864
55136964
55137064
55137164
55137264
55137364
55137464
55137564
55137664
55137764
55137864
55137964
55138064
55138164
55138264
55138364
55138464
55138564
55138664
55138764
55138864
55138964
55139064
55139164
55139264
55139363
55139464
55139564
55139663
55139764
55139864
55139963
55140064
55140164
55140263
55140364
55140563
55140664
55140763
55140864
55140964
55141063
55141164
55141264
55141363
55141464
55141564
55141663
55141764
55141864
55141963
55142064
55142164
55142263
55142364
55142463
55142563
55142664
55142763
55142863
55142964
55143063
55143163
55143264
55143363
55143463
55143564
55143663
55143763
55143864
55143964
55144064
55144163
55144263
55144364
55144463
55144563
55144664
55144763
55144863
55144964
55145063
55145163
55145263
55145363
55145463
55145563
55145663
55145763
55145873
55145963
55146081
55146163
55146263
55146363
55146463
55146563
55146663
55146763
55146863
55146962
55147063
55147163
55147262
55147363
55147463
55147563
55147663
55147763
55147863
55147963
55148063
55148163
55148263
55148362
55148463
55148563
55148662
55148763
55148863
55148962
55149063
55149163
55149262
55149363
55149463
55149562
55149663
55149762
55149862
55149963
55150062
55150162
55150263
55150362
55150462
55150662
55150763
55150863
55150962
55151063
55151163
55151262
55151363
55151462
55151562
55151663
55151762
55151862
55151963
55152062
55152162
55152263
55152362
55152462
55152563
55152662
55152762
55152862
55152962
55153062
55153162
55153262
55153362
55153462
55153562
55153662
55153762
55153862
55153963
55154062
55154162
55154262
55154362
55154462
55154562
55154662
55154762
55154868
55154962
55155062
55155162
55155262
55155362
55155462
55155562
55155661
55155762
55155862
55155961
55156062
55156162
55156261
55156362
55156462
55156561
55156662
55156764
55156861
55156962
55157062
55157161
55157262
55157361
55157462
55157562
55157661
55157762
55157862
55157961
55158062
55158162
55158261
55158362
55158462
55158561
55158662
55158761
55158861
55158962
55159061
55159161
55159262
55159361
55159461
55159562
55159661
55159761
55159862
55159961
55160061
55160162
55160261
55160361
55160461
55160561
55160662
55160761
55160861
55160962
55161061
55161161
55161262
55161361
55161461
55161661
55161761
55161861
55161961
55162061
55162161
55162261
55162361
55162461
55162561
55162661
55162761
55162861
55162961
55163061
55163161
55163260
55163361
55163461
55163560
55163661
55163761
55163862
55163961
55164061
55164161
55164261
55164361
55164461
55164561
55164661
55164762
55164861
55164960
55165061
55165161
55165260
55165461
55165560
55165661
55165761
55165863
55165961
55166061
55166160
55166261
55166360
55166460
55166561
55166660
55166760
55166861
55166960
55167060
55167161
55167260
55167361
55167461
55167560
55167661
55167760
55167860
55167961
55168060
55168160
55168261
55168360
55168460
55168561
55168660
55168760
55168861
55168960
55169060
55169161
55169260
55169360
55169460
55169560
55169660
55169760
55169860
55169960
55170060
55170160
55170260
55170360
55170460
55170561
55170660
55170760
55170860
55170960
55171060
55171160
55171260
55171360
55171460
55171560
55171660
55171760
55171862
55171960
55172060
55172160
55172259
55172360
55172460
55172559
55172660
55172760
55172859
55172960
55173060
55173159
55173260
55173360
55173459
55173560
55173660
55173760
55173860
55173964
55174060
55174160
55174259
55174360
55174460
55174559
55174660
55174760
55174859
55174960
55175060
55175159
55175260
55175359
55175459
55175560
55175659
55175759
55175860
55175959
55176059
55176160
55176259
55176359
55176460
55176559
55176659
55176760
55176859
55176960
55177059
55177159
55177260
55177359
55177459
55177560
55177659
55177759
55177860
55177959
55178059
55178160
55178259
55178359
55178459
55178559
55178659
55178759
55178859
55178959
55179059
55179159
55179259
55179359
55179459
55179559
55179659
55179759
55179858
55179959
55180059
55180158
55180259
55180359
55180459
55180559
55180659
55180759
55180863
55180959
55181060
55181159
55181258
55181359
55181459
55181558
55181659
55181759
55181858
55181963
55182059
55182158
55182259
55182359
55182458
55182559
55182659
55182758
55182859
55182958
55183058
55183159
55183258
55183358
55183459
55183558
55183659
55183759
55183858
55183962
55184059
55184158
55184259
55184359
55184458
55184559
55184658
55184758
55184859
55184958
55185058
55185159
55185258
55185358
55185459
55185558
55185658
55185758
55185858
55185958
55186058
55186158
55186258
55186358
55186458
55186558
55186658
55186758
55186859
55186958
55187058
55187159
55187258
55187358
55187458
55187558
55187658
55187759
55187858
55187958
55188058
55188158
55188258
55188358
55188458
55188558
55188658
55188758
55188857
55188958
55189058
55189157
55189258
55189358
55189457
55189558
55189658
55189757
55189858
55189958
55190057
55190158
55190257
55190358
55190458
55190557
55190658
55190758
55190857
55190958
55191058
55191158
55191258
55191358
55191457
55191558
55191658
55191757
55191858
55191958
55192057
55192158
55192257
55192357
55192458
55192557
55192657
55192758
55192857
55192957
55193058
55193157
55193257
55193357
55193457
55193558
55193657
55193757
55193858
55193957
55194057
55194158
55194257
55194357
55194458
55194557
55194657
55194758
55194857
55194957
55195057
55195157
55195257
55195357
55195457
55195557
55195657
55195757
55195857
55195957
55196057
55196157
55196257
55196357
55196456
55196557
55196657
55196756
55196857
55196957
55197057
55197157
55197257
55197357
55197457
55197557
55197657
55197757
55197857
55197957
55198057
55198156
55198257
55198357
55198456
55198557
55198657
55198756
55198857
55198957
55199056
55199157
55199257
55199356
55199457
55199557
55199656
55199760
55199856
55199956
55200057
55200156
55200257
55200357
55200456
55200557
55200657
55200756
55200857
55200961
55201056
55201157
55201256
55201356
55201457
55201556
55201656
55201757
55201856
55201956
55202057
55202156
55202256
55202357
55202456
55202556
55202656
55202756
55202856
55202956
55203056
55203156
55203256
55203356
55203457
55203556
55203656
55203757
55203856
55203956
55204056
55204156
55204256
55204356
55204456
55204556
55204656
55204756
55204857
55204956
55205056
55205156
55205256
55205356
55205455
55205556
55205656
55205755
55205856
55205956
55206055
55206156
55206256
55206355
55206456
55206556
55206656
55206756
55206857
55206956
55207056
55207155
55207256
55207356
55207455
55207556
55207656
55207755
55207856
55207956
55208055
55208156
55208256
55208355
55208456
55208555
55208655
55208756
55208855
55208955
55209056
55209155
55209255
55209356
55209455
55209555
55209656
55209755
55209856
55209956
55210055
55210156
55210255
55210355
55210456
55210555
55210655
55210760
55210855
55210955
55211056
55211155
55211255
55211355
55211455
55211555
55211655
55211755
55211855
55211955
55212055
55212155
55212255
55212355
55212455
55212555
55212655
55212755
55212855
55212955
55213054
55213155
55213255
55213355
55213455
55213555
55213655
55213755
55213855
55213955
55214055
55214155
55214255
55214355
55214454
55214555
55214655
55214754
55214855
55214955
55215054
55215155
55215255
55215354
55215455
55215555
55215654
55215755
55215854
55215954
55216055
55216154
55216254
55216355
55216454
55216555
55216655
55216754
55216855
55216955
55217054
55217155
55217255
55217354
55217455
55217554
55217654
55217755
55217854
55217954
55218055
55218154
55218254
55218355
55218454
55218554
55218655
55218754
55218854
55218957
55219054
55219154
55219254
55219354
55219454
55219554
55219654
55219755
55219854
55219954
55220055
55220154
55220254
55220355
55220454
55220554
55220654
55220754
55220854
55220954
55221054
55221154
55221254
55221354
55221454
55221554
55221654
55221754
55221854
55221954
55222053
55222154
55222254
55222353
55222454
55222554
55222653
55222754
55222854
55222953
55223054
55223154
55223254
55223354
55223453
55223554
55223654
55223753
55223854
55223954
55224053
55224154
55224254
55224353
55224454
55224554
55224653
55224754
55224854
55224958
55225054
55225153
55225253
55225354
55225453
55225553
55225654
55225753
55225853
55225954
55226053
55226153
55226254
55226353
55226454
55226553
55226653
55226754
55226854
55226953
55227054
55227153
55227253
55227354
55227453
55227553
55227654
55227753
55227853
55227953
55228053
55228153
55228253
55228353
55228453
55228553
55228653
55228753
55228853
55228953
55229053
55229153
55229253
55229453
55229553
55229652
55229753
55229853
55229953
55230053
55230153
55230253
55230353
55230453
55230553
55230653
55230752
55230853
55230953
55231057
55231153
55231253
55231352
55231453
55231553
55231652
55231753
55231853
55231952
55232053
55232153
55232252
55232353
55232453
55232552
55232653
55232752
55232852
55232953
55233052
55233153
55233253
55233352
55233453
55233553
55233652
55233753
55233852
55233952
55234053
55234152
55234252
55234353
55234452
55234552
55234653
55234752
55234852
55234953
55235052
55235152
55235253
55235352
55235452
55235552
55235652
55235756
55235852
55235952
55236052
55236152
55236252
55236353
55236452
55236552
55236653
55236752
55236852
55236952
55237052
55237152
55237252
55237352
55237452
55237552
55237652
55237752
55237852
55238052
55238152
55238252
55238351
55238452
55238552
55238651
55238752
55238852
55238951
55239052
55239152
55239251
55239352
55239452
55239552
55239652
55239752
55239853
55239952
55240051
55240152
55240252
55240351
55240452
55240552
55240651
55240752
55240854
55240951
55241052
55241152
55241251
55241352
55241451
55241551
55241652
55241751
55241851
55241952
55242051
55242151
55242252
55242351
55242451
55242552
55242651
55242752
55242852
55242951
55243052
55243151
55243251
55243352
55243451
55243551
55243652
55243751
55243851
55243952
55244051
55244151
55244252
55244351
55244451
55244551
55244651
55244751
55244851
55244951
55245051
55245151
55245251
55245351
55245451
55245551
55245651
55245751
55245851
55245950
55246051
55246151
55246251
55246351
55246451
55246551
55246651
55246751
55246851
55246951
55247051
55247151
55247251
55247351
55247451
55247551
55247751
55247851
55247950
55248051
55248151
55248250
55248351
55248451
55248550
55248651
55248751
55248850
55248951
55249050
55249150
55249251
55249350
55249451
55249551
55249650
55249751
55249851
55249950
55250051
55250151
55250250
55250351
55250450
55250550
55250651
55250750
55250850
55250951
55251050
55251150
55251251
55251350
55251450
55251551
55251650
55251750
55251851
55251950
55252050
55252150
55252250
55252350
55252450
55252550
55252651
55252750
55252850
55252951
55253050
55253150
55253251
55253350
55253450
55253550
55253650
55253750
55253850
55253950
55254050
55254150
55254250
55254350
55254450
55254550
55254650
55254750
55254850
55254950
55255050
55255150
55255249
55255350
55255450
55255549
55255650
55255750
55255849
55255950
55256050
55256150
55256250
55256349
55256450
55256550
55256649
55256750
55256850
55256949
55257050
55257150
55257249
55257350
55257450
55257549
55257650
55257750
55257849
55257952
55258049
55258149
55258250
55258349
55258449
55258550
55258649
55258749
55258850
55258949
55259049
55259150
55259249
55259350
55259450
55259549
55259650
55259749
55259849
55259950
55260049
55260149
55260250
55260349
55260449
55260550
55260649
55260749
55260850
55260949
55261049
55261149
55261249
55261349
55261449
55261549
55261649
55261749
55261849
55261952
55262049
55262149
55262249
55262349
55262449
55262550
55262649
55262749
55262849
55262949
55263049
55263149
55263249
55263349
55263449
55263549
55263649
55263749
55263849
55263948
55264049
55264149
55264248
55264349
55264449
55264548
55264649
55264749
55264848
55264949
55265049
55265148
55265249
55265349
55265448
55265549
55265648
55265748
55265849
55265948
55266049
55266149
55266248
55266349
55266449
55266548
55266649
55266749
55266848
55266949
55267048
55267148
55267249
55267348
55267448
55267549
55267648
55267748
55267849
55267953
55268048
55268149
55268248
55268348
55268448
55268548
55268648
55268753
55268848
55268948
55269048
55269148
55269249
55269348
55269448
55269549
55269648
55269752
55269849
55269948
55270048
55270149
55270248
55270348
55270448
55270548
55270648
55270748
55270848
55270948
55271048
55271148
55271248
55271348
55271448
55271547
55271648
55271750
55271847
55271948
55272048
55272147
55272248
55272348
55272448
55272548
55272648
55272748
55272848
55272948
55273048
55273148
55273247
55273348
55273448
55273547
55273648
55273748
55273847
55273948
55274048
55274147
55274248
55274347
55274447
55274548
55274647
55274747
55274848
55274951
55275047
55275148
55275247
55275347
55275448
55275547
55275648
55275748
55275847
55275948
55276047
55276147
55276248
55276347
55276447
55276548
55276647
55276747
55276848
55276947
55277047
55277148
55277247
55277347
55277447
55277547
55277647
55277747
55277847
55277947
55278047
55278147
55278247
55278347
55278447
55278547
55278647
55278747
55278848
55278947
55279047
55279147
55279247
55279347
55279447
55279547
55279647
55279747
55279847
55279947
55280047
55280147
55280247
55280347
55280447
55280546
55280647
55280747
55280846
55280948
55281047
55281146
55281247
55281347
55281446
55281547
55281647
55281746
55281847
55281946
55282046
55282147
55282246
55282347
55282447
55282546
55282647
55282747
55282846
55282947
55283047
55283146
55283247
55283347
55283446
55283547
55283646
55283746
55283847
55283946
55284046
55284147
55284246
55284346
55284447
55284546
55284646
55284747
55284846
55284946
55285046
55285146
55285246
55285346
55285446
55285547
55285646
55285746
55285847
55285946
55286046
55286147
55286246
55286346
55286447
55286546
55286646
55286746
55286851
55286946
55287046
55287146
55287246
55287346
55287446
55287546
55287646
55287746
55287846
55287946
55288046
55288146
55288246
55288346
55288445
55288546
55288646
55288745
55288846
55288946
55289046
55289146
55289246
55289346
55289446
55289545
55289646
55289746
55289845
55289947
55290046
55290145
55290246
55290346
55290445
55290546
55290646
55290745
55290846
55290946
55291045
55291146
55291245
55291345
55291446
55291545
55291645
55291746
55291845
55291945
55292046
55292145
55292246
55292346
55292445
55292546
55292645
55292745
55292846
55292945
55293045
55293146
55293245
55293345
55293446
55293545
55293645
55293746
55293945
55294045
55294145
55294245
55294345
55294445
55294545
55294645
55294745
55294845
55294950
55295045
55295145
55295245
55295345
55295446
55295545
55295645
55295745
55295845
55295945
55296045
55296145
55296245
55296345
55296445
55296545
55296645
55296745
55296845
55296952
55297045
55297144
55297245
55297345
55297444
55297545
55297645
55297744
55297845
55297945
55298044
55298145
55298245
55298344
55298445
55298544
55298644
55298745
55298844
55298945
55299045
55299144
55299245
55299345
55299444
55299545
55299645
55299744
55299848
55299945
55300044
55300145
55300244
55300344
55300445
55300544
55300644
55300745
55300844
55300944
55301045
55301144
55301244
55301345
55301444
55301544
55301644
55301744
55301844
55301946
55302044
55302145
55302244
55302344
55302445
55302544
55302745
55302844
55302944
55303045
55303144
55303244
55303344
55303444
55303544
55303644
55303744
55303845
55303944
55304044
55304144
55304244
55304344
55304444
55304544
55304644
55304743
55304844
55304944
55305043
55305144
55305244
55305344
55305444
55305544
55305644
55305744
55305844
55305944
55306044
55306144
55306244
55306344
55306443
55306544
55306644
55306743
55306853
55306944
55307043
55307144
55307244
55307343
55307444
55307544
55307643
55307744
55307844
55307943
55308044
55308143
55308243
55308344
55308443
55308544
55308644
55308743
55308844
55308944
55309043
55309144
55309243
55309343
55309444
55309543
55309643
55309744
55309843
55309947
55310044
55310143
55310243
55310344
55310443
55310543
55310644
55310743
55310843
55310943
55311043
55311143
55311243
55311343
55311443
55311543
55311643
55311744
55311843
55311943
55312043
55312143
55312243
55312343
55312443
55312543
55312643
55312743
55312843
55312943
55313043
55313143
55313243
55313343
55313443
55313543
55313643
55313742
55313843
55313943
55314042
55314143
55314243
55314342
55314443
55314543
55314642
55314743
55314843
55314942
55315043
55315142
55315243
55315343
55315442
55315543
55315643
55315742
55315846
55315943
55316042
55316143
55316243
55316342
55316443
55316543
55316642
55316743
55316842
55316942
55317043
55317142
55317242
55317343
55317442
55317542
55317643
55317742
55317842
55317943
55318042
55318142
55318243
55318342
55318443
55318542
55318642
55318743
55318842
55318946
55319043
55319142
55319242
55319343
55319442
55319542
55319643
55319747
55319842
55319942
55320042
55320142
55320242
55320342
55320442
55320542
55320642
55320742
55320842
55320945
55321042
55321142
55321242
55321341
55321641
55321742
55321842
55321942
55322042
55322142
55322242
55322342
55322442
55322542
55322642
55322741
55322842
55322942
55323041
55323142
55323242
55323341
55323442
55323542
55323641
55323742
55323842
55323941
55324042
55324142
55324241
55324342
55324441
55324541
55324642
55324741
55324841
55324942
55325041
55325142
55325242
55325341
55325442
55325542
55325641
55325742
55325842
55325941
55326042
55326141
55326241
55326342
55326441
55326541
55326642
55326741
55326841
55326942
55327041
55327141
55327241
55327341
55327441
55327541
55327641
55327741
55327841
55327941
55328141
55328241
55328342
55328441
55328541
55328641
55328741
55328841
55328941
55329041
55329141
55329241
55329341
55329441
55329541
55329641
55329741
55329841
55329941
55330041
55330141
55330241
55330340
55330441
55330541
55330640
55330741
55330841
55330940
55331041
55331141
55331240
55331341
55331441
55331641
55331744
55331841
55331941
55332040
55332141
55332241
55332340
55332441
55332541
55332640
55332741
55332841
55332940
55333041
55333141
55333240
55333341
55333441
55333540
55333641
55333740
55333841
55333941
55334040
55334140
55334241
55334340
55334440
55334541
55334640
55334740
55334840
55334940
55335041
55335140
55335240
55335341
55335440
55335540
55335641
55335740
55335840
55335947
55336040
55336140
55336240
55336340
55336440
55336540
55336640
55336740
55336840
55336940
55337040
55337140
55337240
55337340
55337440
55337540
55337639
55337740
55337840
55337939
55338040
55338140
55338240
55338340
55338440
55338540
55338640
55338740
55338840
55338944
55339040
55339140
55339240
55339339
55339440
55339540
55339639
55339747
55339840
55339939
55340040
55340140
55340239
55340340
55340440
55340539
55340640
55340740
55340839
55340940
55341039
55341139
55341240
55341339
55341440
55341540
55341639
55341740
55341840
55341939
55342040
55342140
55342239
55342340
55342439
55342539
55342640
55342739
55342839
55342940
55343039
55343139
55343240
55343339
55343439
55343540
55343639
55343739
55343839
55343939
55344039
55344139
55344239
55344339
55344439
55344539
55344640
55344739
55344839
55344940
55345039
55345139
55345240
55345339
55345439
55345539
55345639
55345739
55345839
55345939
55346039
55346139
55346239
55346339
55346439
55346539
55346638
55346739
55346839
55346938
55347039
55347139
55347238
55347339
55347439
55347538
55347639
55347739
55347838
55347943
55348039
55348139
55348239
55348339
55348439
55348539
55348638
55348739
55348839
55348938
55349039
55349139
55349238
55349339
55349439
55349538
55349639
55349738
55349838
55349939
55350038
55350138
55350239
55350338
55350438
55350539
55350638
55350738
55350839
55350938
55351038
55351139
55351238
55351339
55351438
55351538
55351639
55351738
55351838
55351939
55352038
55352138
55352239
55352338
55352438
55352539
55352638
55352738
55352838
55352938
55353038
55353138
55353238
55353338
55353438
55353538
55353638
55353738
55353843
55353938
55354038
55354138
55354237
55354338
55354438
55354537
55354638
55354738
55354838
55354938
55355138
55355238
55355338
55355438
55355538
55355638
55355738
55355838
55355938
55356038
55356138
55356237
55356338
55356438
55356537
55356638
55356738
55356837
55356938
55357038
55357137
55357238
55357337
55357437
55357538
55357637
55357742
55357838
55357937
55358038
55358138
55358237
55358338
55358438
55358537
55358638
55358737
55358837
55358938
55359037
55359137
55359238
55359337
55359437
55359538
55359637
55359737
55359838
55359937
55360037
55360138
55360237
55360337
55360437
55360537
55360637
55360737
55360837
55360937
55361037
55361140
55361238
55361337
55361437
55361538
55361637
55361737
55361837
55361937
55362037
55362137
55362237
55362337
55362437
55362537
55362637
55362737
55362837
55362937
55363037
55363137
55363237
55363337
55363437
55363536
55363637
55363737
55363836
55363937
55364037
55364136
55364237
55364337
55364436
55364537
55364636
55364737
55364837
55364936
55365037
55365137
55365236
55365337
55365437
55365536
55365637
55365742
55365836
55365937
55366037
55366136
55366237
55366337
55366436
55366537
55366636
55366736
55366837
55366936
55367036
55367137
55367236
55367336
55367437
55367536
55367636
55367736
55367838
55367937
55368036
55368136
55368237
55368336
55368436
55368537
55368636
55368736
55368837
55368936
55369036
55369137
55369236
55369336
55369436
55369536
55369636
55369736
55369836
55369936
55370036
55370136
55370236
55370336
55370436
55370536
55370636
55370736
55370845
55370936
55371041
55371137
55371236
55371336
55371436
55371536
55371636
55371736
55371836
55371936
55372036
55372136
55372235
55372336
55372436
55372535
55372636
55372736
55372835
55372936
55373036
55373135
55373236
55373336
55373435
55373536
55373636
55373735
55373836
55373945
55374035
55374136
55374235
55374336
55374436
55374535
55374636
55374736
55374841
55374936
55375036
55375135
55375236
55375335
55375435
55375536
55375635
55375735
55375836
55375935
55376035
55376136
55376235
55376335
55376436
55376535
55376635
55376735
55376835
55376940
55377035
55377135
55377235
55377335
55377435
55377536
55377735
55377836
55377935
55378035
55378136
55378235
55378335
55378435
55378535
55378635
55378735
55378839
55378935
55379035
55379135
55379235
55379335
55379435
55379535
55379635
55379735
55379834
55379935
55380035
55380134
55380235
55380335
55380434
55380535
55380635
55380743
55380835
55380935
55381035
55381135
55381235
55381335
55381435
55381534
55381635
55381735
55381834
55381937
55382035
55382134
55382235
55382335
55382434
55382535
55382634
55382734
55382835
55382934
55383034
55383135
55383234
55383334
55383435
55383534
55383634
55383735
55383834
55383934
55384035
55384134
55384235
55384334
55384434
55384535
55384634
55384734
55384836
55384934
55385034
55385135
55385234
55385334
55385435
55385534
55385634
55385734
55385834
55385934
55386034
55386134
55386234
55386334
55386434
55386534
55386634
55386734
55386834
55386934
55387034
55387134
55387234
55387334
55387433
55387534
55387634
55387734
55387834
55387934
55388034
55388134
55388234
55388334
55388434
55388534
55388634
55388734
55388837
55388934
55389034
55389133
55389234
55389334
55389433
55389534
55389634
55389733
55389834
55389934
55390033
55390134
55390233
55390333
55390434
55390533
55390633
55390734
55390833
55390934
55391034
55391133
55391234
55391334
55391433
55391534
55391634
55391733
55391834
55391933
55392033
55392134
55392233
55392333
55392434
55392533
55392633
55392734
55392833
55392933
55393034
55393133
55393233
55393333
55393433
55393533
55393633
55393733
55393833
55393933
55394033
55394134
55394233
55394333
55394434
55394533
55394633
55394733
55394833
55394933
55395033
55395133
55395233
55395333
55395433
55395533
55395633
55395733
55395833
55395933
55396033
55396133
55396233
55396333
55396432
55396533
55396633
55396732
55396833
55396933
55397032
55397133
55397233
55397332
55397433
55397533
55397633
55397733
55397832
55397933
55398033
55398132
55398233
55398333
55398432
55398533
55398633
55398732
55398833
55398933
55399032
55399133
55399233
55399332
55399433
55399532
55399632
55399733
55399832
55399932
55400033
55400132
55400232
55400333
55400432
55400532
55400632
55400732
55400834
55400932
55401032
55401133
55401232
55401332
55401433
55401532
55401632
55401733
55401832
55401932
55402033
55402132
55402232
55402332
55402432
55402532
55402632
55402734
55402832
55402932
55403032
55403132
55403232
55403332
55403432
55403532
55403632
55403732
55403832
55403932
55404032
55404132
55404232
55404332
55404432
55404532
55404632
55404732
55404832
55404937
55405032
55405132
55405232
55405332
55405431
55405532
55405632
55405731
55405833
55405932
55406031
55406132
55406232
55406331
55406432
55406532
55406631
55406732
55406831
55406934
55407032
55407131
55407232
55407332
55407431
55407532
55407632
55407731
55407832
55407932
55408031
55408132
55408232
55408331
55408432
55408531
55408732
55408831
55408931
55409032
55409131
55409231
55409332
55409431
55409531
55409632
55409731
55409831
55409933
55410031
55410131
55410231
55410331
55410432
55410531
55410631
55410732
55410834
55410931
55411032
55411131
55411231
55411332
55411431
55411531
55411631
55411731
55411831
55411931
55412031
55412131
55412231
55412331
55412431
55412531
55412631
55412730
55412831
55412931
55413030
55413131
55413231
55413330
55413531
55413630
55413731
55413831
55413931
55414031
55414131
55414331
55414430
55414531
55414631
55414730
55414831
55414931
55415030
55415131
55415231
55415330
55415431
55415531
55415630
55415731
55415830
55415930
55416031
55416132
55416230
55416331
55416430
55416530
55416631
55416730
55416830
55416931
55417030
55417131
55417230
55417330
55417431
55417530
55417630
55417731
55417830
55417930
55418031
55418130
55418230
55418331
55418430
55418530
55418631
55418730
55418830
55418935
55419030
55419130
55419230
55419330
55419430
55419530
55419630
55419730
55419830
55419930
55420030
55420130
55420230
55420329
55420430
55420530
55420630
55420730
55420830
55420930
55421030
55421132
55421230
55421330
55421430
55421530
55421630
55421729
55421830
55421930
55422029
55422130
55422230
55422329
55422430
55422530
55422629
55422730
55422830
55422929
55423030
55423130
55423229
55423330
55423429
55423529
55423630
55423729
55423830
55423935
55424029
55424130
55424230
55424329
55424430
55424530
55424629
55424731
55424829
55424929
55425030
55425129
55425229
55425330
55425429
55425529
55425630
55425733
55425829
55425930
55426029
55426129
55426230
55426329
55426429
55426529
55426629
55426729
55426829
55426929
55427030
55427129
55427229
55427330
55427429
55427529
55427630
55427729
55427829
55427929
55428029
55428129
55428229
55428329
55428429
55428529
55428629
55428729
55428829
55428929
55429029
55429129
55429229
55429328
55429429
55429529
55429628
55429729
55429829
55429928
55430029
55430129
55430228
55430329
55430429
55430529
55430629
55430728
55430829
55430929
55431028
55431129
55431229
55431328
55431429
55431529
55431628
55431729
55431829
55431928
55432029
55432129
55432228
55432329
55432428
55432528
55432629
55432728
55432828
55432931
55433028
55433128
55433229
55433328
55433428
55433529
55433628
55433729
55433829
55433928
55434029
55434128
55434228
55434329
55434428
55434528
55434629
55434728
55434828
55434929
55435028
55435128
55435228
55435328
55435428
55435528
55435628
55435728
55435833
55435928
55436029
55436128
55436228
55436328
55436428
55436528
55436628
55436728
55436828
55436928
55437028
55437128
55437228
55437328
55437428
55437528
55437628
55437728
55437828
55437928
55438028
55438128
55438228
55438327
55438428
55438528
55438627
55438728
55438828
55438927
55439028
55439128
55439227
55439328
55439428
55439527
55439628
55439727
55439827
55439928
55440027
55440128
55440228
55440327
55440428
55440528
55440627
55440728
55440828
55440927
55441028
55441128
55441227
55441328
55441428
55441628
55441727
55441830
55441928
55442027
55442127
55442228
55442327
55442427
55442528
55442627
55442727
55442827
55442927
55443027
55443127
55443227
55443328
55443427
55443527
55443628
55443727
55443827
55443928
55444027
55444127
55444228
55444327
55444427
55444527
55444627
55444727
55444827
55444931
55445027
55445127
55445227
55445327
55445427
55445527
55445627
55445727
55445827
55445926
55446028
55446127
55446226
55446327
55446427
55446526
55446627
55446727
55446827
55446927
55447027
55447127
55447227
55447326
55447427
55447527
55447626
55447727
55447827
55447926
55448027
55448127
55448226
55448327
55448427
55448526
55448627
55448727
55448826
55448927
55449027
55449126
55449227
55449326
55449426
55449527
55449626
55449726
55449827
55449926
55450027
55450127
55450226
55450327
55450426
55450526
55450627
55450726
55450826
55450927
55451026
55451126
55451227
55451326
55451426
55451527
55451626
55451726
55451826
55451930
55452026
55452126
55452226
55452326
55452426
55452526
55452626
55452728
55452826
55452926
55453026
55453126
55453225
55453326
55453426
55453526
55453626
55453726
55453826
55453933
55454026
55454126
55454226
55454326
55454426
55454526
55454626
55454726
55454826
55454925
55455026
55455126
55455225
55455326
55455426
55455525
55455626
55455726
55455825
55455926
55456029
55456125
55456226
55456326
55456425
55456526
55456626
55456726
55456826
55456925
55457026
55457126
55457225
55457326
55457426
55457525
55457626
55457725
55457825
55457926
55458025
55458125
55458226
55458325
55458425
55458526
55458625
55458725
55458826
55458925
55459025
55459126
55459225
55459325
55459426
55459525
55459625
55459725
55459830
55459926
55460025
55460125
55460226
55460325
55460425
55460526
55460625
55460725
55460825
55460925
55461025
55461125
55461225
55461325
55461425
55461525
55461625
55461725
55461825
55461931
55462025
55462125
55462224
55462325
55462425
55462524
55462625
55462725
55462828
55462925
55463025
55463124
55463225
55463325
55463425
55463525
55463624
55463725
55463826
55463925
55464025
55464125
55464224
55464325
55464425
55464524
55464625
55464725
55464824
55464925
55465025
55465124
55465225
55465324
55465424
55465525
55465624
55465724
55465825
55465924
55466028
55466125
55466224
55466324
55466425
55466524
55466625
55466725
55466824
55466925
55467024
55467124
55467225
55467324
55467424
55467525
55467624
55467724
55467825
55467929
55468024
55468125
55468224
55468324
55468424
55468524
55468624
55468724
55468824
55468924
55469024
55469124
55469224
55469324
55469424
55469524
55469624
55469724
55469824
55469924
55470024
55470124
55470224
55470324
55470424
55470524
55470624
55470724
55470824
55470924
55471024
55471124
55471223
55471324
55471424
55471523
55471624
55471724
55471823
55471924
55472024
55472123
55472224
55472324
55472423
55472524
55472624
55472723
55472824
55472923
55473024
55473124
55473223
55473324
55473424
55473523
55473624
55473724
55473823
55473924
55474024
55474123
55474224
55474323
55474423
55474524
55474623
55474723
55474824
55474923
55475023
55475124
55475223
55475323
55475424
55475523
55475623
55475723
55475823
55475923
55476023
55476125
55476224
55476323
55476423
55476524
55476623
55476723
55476824
55476923
55477023
55477124
55477223
55477323
55477423
55477523
55477623
55477723
55477823
55477923
55478023
55478123
55478223
55478323
55478423
55478523
55478623
55478723
55478822
55478923
55479023
55479122
55479223
55479323
55479422
55479523
55479623
55479723
55479823
55479923
55480023
55480123
55480222
55480323
55480423
55480522
55480623
55480723
55480822
55480923
55481023
55481122
55481223
55481323
55481422
55481523
55481623
55481722
55481823
55481922
55482022
55482123
55482222
55482322
55482423
55482522
55482622
55482723
55482822
55482923
55483023
55483122
55483223
55483322
55483422
55483523
55483622
55483722
55483823
55483922
55484022
55484123
55484222
55484322
55484423
55484522
55484622
55484722
55484822
55484922
55485022
55485122
55485222
55485322
55485422
55485522
55485622
55485722
55485822
55485922
55486022
55486123
55486222
55486322
55486422
55486522
55486622
55486722
55486822
55486924
55487022
55487122
55487222
55487322
55487422
55487522
55487622
55487726
55487821
55487922
55488022
55488121
55488222
55488322
55488421
55488522
55488622
55488721
55488822
55488922
55489021
55489122
55489222
55489321
55489422
55489521
55489622
55489724
55489821
55489922
55490022
55490121
55490222
55490322
55490421
55490522
55490622
55490721
55490824
55490921
55491021
55491122
55491221
55491321
55491422
55491521
55491621
55491722
55491821
55491924
55492022
55492121
55492221
55492321
55492421
55492521
55492621
55492721
55492822
55492921
55493021
55493122
55493221
55493321
55493422
55493521
55493621
55493721
55493821
55493921
55494021
55494121
55494221
55494321
55494421
55494521
55494621
55494721
55494821
55494926
55495021
55495121
55495221
55495321
55495420
55495521
55495621
55495720
55495821
55495921
55496020
55496121
55496221
55496321
55496421
55496521
55496621
55496721
55496821
55496921
55497021
55497221
55497321
55497420
55497521
55497621
55497720
55497821
55497921
55498020
55498121
55498220
55498320
55498421
55498520
55498620
55498721
55498825
55498920
55499021
55499120
55499220
55499321
55499420
55499521
55499621
55499724
55499821
55499920
55500020
55500121
55500220
55500320
55500421
55500520
55500620
55500820
55500920
55501021
55501120
55501220
55501320
55501420
55501520
55501620
55501720
55501820
55501920
55502020
55502120
55502220
55502320
55502420
55502520
55502620
55502720
55502820
55502922
55503020
55503120
55503220
55503320
55503420
55503520
55503620
55503721
55503820
55503920
55504020
55504120
55504220
55504320
55504420
55504520
55504620
55504719
55504820
55504920
55505019
55505120
55505220
55505319
55505420
55505520
55505619
55505720
55505819
55505920
55506020
55506119
55506220
55506320
55506419
55506520
55506620
55506719
55506820
55506920
55507019
55507120
55507220
55507319
55507420
55507519
55507619
55507720
55507823
55507919
55508020
55508119
55508219
55508320
55508419
55508519
55508620
55508719
55508819
55508919
55509019
55509120
55509219
55509319
55509420
55509519
55509619
55509720
55509819
55509919
55510020
55510119
55510219
55510319
55510419
55510519
55510619
55510719
55510819
55510919
55511019
55511119
55511219
55511319
55511419
55511519
55511619
55511719
55511819
55511919
55512018
55512119
55512219
55512318
55512419
55512519
55512619
55512719
55512819
55512919
55513019
55513119
55513219
55513319
55513418
55513519
55513619
55513718
55513819
55513919
55514018
55514119
55514219
55514318
55514419
55514519
55514618
55514719
55514821
55514918
55515019
55515118
55515218
55515319
55515418
55515518
55515619
55515718
55515824
55515919
55516018
55516119
55516218
55516318
55516419
55516518
55516618
55516719
55516818
55516918
55517019
55517118
55517218
55517319
55517418
55517518
55517619
55517727
55517818
55517918
55518018
55518118
55518218
55518318
55518518
55518618
55518718
55518818
55518918
55519019
55519118
55519218
55519319
55519418
55519518
55519618
55519718
55519818
55519922
55520018
55520118
55520218
55520318
55520418
55520518
55520618
55520718
55520818
55520918
55521019
55521118
55521218
55521317
55521418
55521518
55521617
55521718
55521818
55521917
55522018
55522118
55522217
55522318
55522417
55522518
55522618
55522717
55522818
55522918
55523017
55523118
55523218
55523317
55523418
55523518
55523617
55523718
55523818
55523917
55524018
55524117
55524217
55524318
55524417
55524517
55524618
55524717
55524817
55524924
55525017
55525117
55525218
55525317
55525417
55525517
55525617
55525718
55525817
55525922
55526018
55526117
55526217
55526318
55526417
55526517
55526618
55526717
55526817
55526918
55527017
55527117
55527217
55527317
55527417
55527517
55527617
55527717
55527817
55527917
55528017
55528117
55528217
55528316
55528417
55528517
55528616
55528717
55528821
55528916
55529017
55529117
55529217
55529317
55529417
55529517
55529617
55529717
55529817
55529917
55530016
55530117
55530217
55530316
55530417
55530517
55530616
55530717
55530817
55530916
55531017
55531117
55531216
55531317
55531416
55531516
55531617
55531717
55531816
55531917
55532016
55532116
55532217
55532316
55532417
55532517
55532616
55532717
55532816
55532916
55533017
55533116
55533216
55533317
55533416
55533516
55533617
55533716
55533816
55533917
55534016
55534116
55534217
55534316
55534416
55534517
55534616
55534716
55534816
55534916
55535016
55535116
55535216
55535316
55535416
55535516
55535617
55535719
55535816
55535916
55536016
55536116
55536216
55536316
55536416
55536516
55536616
55536716
55536816
55536916
55537016
55537116
55537216
55537316
55537416
55537516
55537615
55537716
55537816
55537915
55538016
55538116
55538215
55538316
55538416
55538515
55538616
55538716
55538816
55538921
55539015
55539116
55539216
55539315
55539416
55539516
55539615
55539717
55539816
55539915
55540016
55540116
55540215
55540316
55540415
55540515
55540616
55540715
55540815
55540916
55541015
55541115
55541216
55541315
55541415
55541516
55541615
55541715
55541815
55541915
55542016
55542116
55542215
55542316
55542415
55542515
55542616
55542715
55542815
55542916
55543015
55543115
55543216
55543315
55543415
55543515
55543615
55543715
55543815
55543917
55544015
55544115
55544215
55544315
55544415
55544515
55544615
55544715
55544815
55544915
55545015
55545115
55545214
55545315
55545415
55545515
55545615
55545715
55545820
55545915
55546016
55546115
55546215
55546314
55546415
55546515
55546614
55546715
55546815
55546914
55547015
55547115
55547214
55547315
55547415
55547514
55547615
55547715
55547814
55547915
55548014
55548114
55548218
55548314
55548414
55548515
55548614
55548715
55548815
55548914
55549015
55549115
55549214
55549315
55549414
55549514
55549615
55549714
55549814
55549915
55550014
55550114
55550215
55550314
55550414
55550515
55550614
55550714
55550814
55550914
55551014
55551114
55551214
55551314
55551414
55551514
55551614
55551715
55551814
55551915
55552014
55552114
55552215
55552314
55552414
55552514
55552614
55552714
55552814
55552914
55553014
55553114
55553214
55553314
55553414
55553514
55553614
55553714
55553816
55553914
55554014
55554114
55554213
55554314
55554414
55554513
55554614
55554714
55554813
55554914
55555014
55555113
55555214
55555314
55555414
55555514
55555613
55555714
55555814
55555913
55556014
55556114
55556213
55556314
55556414
55556513
55556614
55556714
55556813
55556914
55557013
55557113
55557214
55557313
55557413
55557514
55557613
55557713
55557814
55557913
55558013
55558114
55558213
55558313
55558413
55558513
55558614
55558713
55558813
55558914
55559013
55559113
55559214
55559313
55559413
55559514
55559613
55559713
55559814
55559913
55560013
55560113
55560213
55560313
55560413
55560513
55560613
55560713
55560813
55560913
55561015
55561113
55561213
55561313
55561413
55561512
55561613
55561713
55561812
55561913
55562013
55562113
55562213
55562313
55562413
55562513
55562613
55562713
55562813
55562912
55563013
55563113
55563212
55563313
55563413
55563512
55563613
55563713
55563812
55563913
55564013
55564112
55564213
55564312
55564412
55564513
55564612
55564712
55564813
55564914
55565012
55565113
55565212
55565313
55565413
55565512
55565613
55565713
55565812
55565913
55566012
55566112
55566213
55566312
55566412
55566513
55566612
55566712
55566822
55566912
55567012
55567113
55567212
55567312
55567413
55567512
55567612
55567712
55567812
55567918
55568012
55568112
55568212
55568312
55568412
55568513
55568712
55568812
55568912
55569012
55569112
55569212
55569312
55569412
55569512
55569612
55569712
55569812
55569912
55570012
55570112
55570212
55570312
55570412
55570511
55570612
55570712
55570811
55570912
55571012
55571111
55571212
55571312
55571411
55571512
55571612
55571716
55571812
55571911
55572012
55572112
55572211
55572312
55572412
55572511
55572612
55572712
55572811
55572912
55573012
55573111
55573212
55573311
55573411
55573512
55573611
55573711
55573812
55573911
55574011
55574112
55574211
55574311
55574412
55574511
55574611
55574712
55574811
55574912
55575011
55575111
55575212
55575311
55575411
55575512
55575611
55575711
55575812
55575911
55576011
55576112
55576211
55576311
55576411
55576511
55576611
55576711
55576811
55576911
55577011
55577111
55577211
55577311
55577411
55577511
55577611
55577711
55577810
55577911
55578011
55578110
55578211
55578311
55578411
55578511
55578611
55578711
55578811
55578911
55579011
55579111
55579211
55579311
55579411
55579510
55579611
55579711
55579810
55579911
55580011
55580110
55580211
55580311
55580410
55580511
55580611
55580710
55580811
55580910
55581010
55581111
55581210
55581310
55581411
55581510
55581611
55581711
55581810
55581911
55582011
55582110
55582211
55582311
55582410
55582511
55582610
55582710
55582811
55582910
55583010
55583111
55583210
55583310
55583411
55583510
55583610
55583711
55583810
55583910
55584010
55584110
55584210
55584310
55584410
55584510
55584610
55584710
55584811
55584910
55585010
55585111
55585210
55585310
55585411
55585510
55585610
55585710
55585810
55585910
55586010
55586110
55586210
55586310
55586410
55586510
55586610
55586710
55586809
55586910
55587010
55587109
55587210
55587310
55587409
55587510
55587610
55587709
55587810
55587910
55588009
55588110
55588210
55588310
55588410
55588509
55588610
55588710
55588809
55588910
55589010
55589109
55589210
55589310
55589409
55589510
55589610
55589709
55589810
55589910
55590009
55590110
55590210
55590309
55590410
55590509
55590609
55590710
55590809
55590909
55591010
55591109
55591209
55591309
55591409
55591510
55591609
55591709
55591810
55591909
55592009
55592110
55592209
55592309
55592410
55592509
55592609
55592710
55592810
55592909
55593009
55593109
55593209
55593409
55593509
55593609
55593709
55593809
55593909
55594009
55594109
55594209
55594309
55594408
55594509
55594609
55594708
55594809
55594909
55595009
55595109
55595209
55595309
55595409
55595509
55595609
55595709
55595808
55595913
55596009
55596108
55596209
55596309
55596408
55596509
55596609
55596708
55596809
55596909
55597008
55597109
55597209
55597308
55597409
55597508
55597608
55597709
55597813
55597908
55598009
55598108
55598209
55598309
55598408
55598509
55598609
55598711
55598809
55598908
55599008
55599109
55599208
55599308
55599409
55599508
55599608
55599709
55599808
55599908
55600009
55600108
55600208
55600309
55600408
55600508
55600608
55600713
55600808
55600908
55601008
55601108
55601208
55601308
55601409
55601508
55601608
55601709
55601808
55601908
55602008
55602108
55602208
55602308
55602408
55602508
55602608
55602708
55602808
55602914
55603008
55603108
55603208
55603308
55603407
55603508
55603608
55603707
55603813
55603908
55604007
55604108
55604208
55604307
55604408
55604508
55604608
55604708
55604807
55604908
55605008
55605107
55605208
55605308
55605407
55605508
55605608
55605707
55605808
55605908
55606007
55606108
55606208
55606307
55606408
55606507
55606607
55606708
55606807
55606907
55607008
55607107
55607207
55607308
55607407
55607507
55607608
55607707
55607808
55607907
55608007
55608108
55608207
55608307
55608408
55608507
55608607
55608708
55608807
55608907
55609008
55609107
55609207
55609307
55609407
55609507
55609607
55609707
55609807
55609907
55610007
55610107
55610207
55610307
55610407
55610507
55610607
55610707
55610807
55610910
55611006
55611107
55611207
55611307
55611407
55611507
55611607
55611708
55611807
55611907
55612007
55612107
55612207
55612307
55612406
55612507
55612607
55612706
55612807
55612907
55613006
55613107
55613207
55613306
55613407
55613507
55613606
55613707
55613806
55613906
55614007
55614106
55614206
55614307
55614406
55614507
55614607
55614706
55614816
55614907
55615006
55615107
55615207
55615306
55615407
55615506
55615606
55615707
55615806
55615906
55616007
55616108
55616206
55616307
55616406
55616506
55616606
55616706
55616806
55616906
55617006
55617106
55617206
55617306
55617406
55617506
55617606
55617707
55617806
55617906
55618007
55618106
55618206
55618306
55618406
55618506
55618606
55618706
55618806
55618906
55619006
55619106
55619206
55619306
55619406
55619506
55619606
55619705
55619806
55619909
55620005
55620106
55620206
55620305
55620406
55620506
55620605
55620706
55620806
55620905
55621006
55621110
55621206
55621306
55621405
55621506
55621606
55621705
55621806
55621906
55622005
55622106
55622206
55622305
55622406
55622506
55622605
55622706
55622806
55622907
55623006
55623105
55623205
55623306
55623405
55623505
55623606
55623705
55623805
55623908
55624005
55624105
55624205
55624305
55624406
55624505
55624605
55624706
55624805
55624905
55625006
55625105
55625205
55625306
55625405
55625505
55625606
55625705
55625805
55625905
55626005
55626105
55626205
55626305
55626405
55626505
55626605
55626705
55626805
55626905
55627005
55627105
55627205
55627305
55627405
55627505
55627604
55627705
55627805
55627905
55628005
55628105
55628205
55628305
55628405
55628505
55628605
55628705
55628805
55628905
55629004
55629105
55629205
55629304
55629405
55629505
55629604
55629705
55629805
55629904
55630005
55630105
55630204
55630305
55630405
55630504
55630605
55630704
55630804
55630905
55631004
55631105
55631208
55631304
55631405
55631505
55631604
55631705
55631804
55631904
55632005
55632104
55632204
55632305
55632404
55632504
55632605
55632704
55632811
55632905
55633004
55633104
55633204
55633304
55633404
55633504
55633604
55633704
55633804
55633908
55634004
55634104
55634204
55634305
55634404
55634504
55634605
55634704
55634813
55634904
55635004
55635104
55635204
55635304
55635404
55635504
55635604
55635704
55635804
55635904
55636004
55636104
55636204
55636303
55636404
55636504
55636603
55636704
55636812
55636903
55637004
55637104
55637203
55637304
55637404
55637504
55637604
55637704
55637804
55637908
55638003
55638104
55638204
55638303
55638404
55638504
55638603
55638704
55638804
55638903
55639004
55639104
55639203
55639304
55639403
55639503
55639604
55639703
55639809
55639904
55640003
55640103
55640204
55640303
55640403
55640504
55640603
55640707
55640803
55640903
55641004
55641103
55641203
55641304
55641403
55641503
55641604
55641703
55641803
55641904
55642003
55642103
55642203
55642303
55642403
55642503
55642603
55642707
55642803
55642903
55643003
55643103
55643203
55643303
55643403
55643503
55643603
55643705
55643803
55643902
55644003
55644103
55644203
55644303
55644403
55644503
55644603
55644703
55644803
55644903
55645003
55645103
55645203
55645303
55645403
55645503
55645602
55645703
55645803
55645902
55646003
55646103
55646202
55646303
55646403
55646502
55646603
55646703
55646802
55646903
55647002
55647102
55647203
55647302
55647403
55647503
55647602
55647703
55647803
55647902
55648003
55648103
55648202
55648303
55648402
55648502
55648603
55648702
55648802
55648903
55649002
55649102
55649203
55649302
55649402
55649503
55649602
55649702
55649802
55649905
55650002
55650102
55650202
55650302
55650402
55650502
55650603
55650711
55650802
55650903
55651002
55651102
55651203
55651302
55651402
55651502
55651602
55651702
55651802
55651902
55652002
55652102
55652202
55652302
55652402
55652502
55652602
55652702
55652802
55652902
55653002
55653102
55653201
55653302
55653402
55653501
55653602
55653703
55653801
55653902
55654002
55654102
55654202
55654301
55654402
55654502
55654601
55654702
55654802
55654907
55655002
55655102
55655201
55655302
55655402
55655501
55655602
55655702
55655801
55655902
55656001
55656101
55656202
55656301
55656401
55656502
55656601
55656701
55656802
55656901
55657001
55657102
55657201
55657302
55657401
55657501
55657602
55657701
55657801
55657902
55658001
55658101
55658202
55658301
55658401
55658502
55658601
55658701
55658801
55658904
55659001
55659101
55659201
55659301
55659401
55659501
55659601
55659701
55659806
55659901
55660001
55660101
55660201
55660301
55660401
55660502
55660601
55660701
55660801
55660901
55661001
55661105
55661201
55661301
55661401
55661501
55661600
55661701
55661801
55661900
55662001
55662101
55662200
55662301
55662401
55662500
55662601
55662701
55662800
55662910
55663001
55663100
55663201
55663301
55663400
55663501
55663600
55663700
55663801
55663900
55664004
55664101
55664200
55664301
55664401
55664500
55664601
55664700
55664800
55664901
55665000
55665100
55665201
55665300
55665400
55665501
55665600
55665700
55665801
55665900
55666006
55666101
55666200
55666300
55666400
55666500
55666600
55666700
55666800
55666900
55667000
55667100
55667201
55667300
55667400
55667501
55667600
55667700
55667801
55667900
55668000
55668101
55668200
55668300
55668400
55668500
55668600
55668700
55668801
55668900
55669000
55669100
55669200
55669300
55669400
55669499
55669600
55669700
55669799
55669900
55670000
55670099
55670200
55670300
55670400
55670500
55670600
55670700
55670800
55670900
55671000
55671100
55671199
55671300
55671400
55671499
55671600
55671700
55671799
55671900
55672000
55672099
55672200
55672299
55672399
55672500
55672599
55672699
55672800
55672899
55672999
55673100
55673199
55673299
55673400
55673499
55673600
55673699
55673799
55673900
55673999
55674099
55674200
55674299
55674399
55674500
55674599
55674699
55674800
55674899
55674999
55675100
55675199
55675299
55675399
55675499
55675599
55675699
55675799
55675899
55675999
55676099
55676199
55676299
55676399
55676499
55676599
55676699
55676798
55676924
55676999
55677099
55677199
55677299
55677399
55677499
55677599
55677699
55677799
55677899
55677999
55678099
55678199
55678299
55678399
55678498
55678599
55678699
55678801
55678899
55678999
55679098
55679199
55679299
55679398
55679499
55679599
55679698
55679799
55679898
55679998
55680099
55680198
55680299
55680399
55680498
55680599
55680699
55680798
55680899
55680999
55681098
55681199
55681299
55681398
55681499
55681598
55681698
55681799
55681898
55681998
55682099
55682198
55682298
55682399
55682498
55682598
55682699
55682798
55682898
55682998
55683098
55683198
55683298
55683398
55683499
55683598
55683698
55683799
55683898
55683998
55684099
55684198
55684298
55684398
55684498
55684598
55684702
55684798
55684898
55684998
55685098
55685198
55685298
55685398
55685498
55685598
55685698
55685798
55685898
55685998
55686097
55686198
55686298
55686397
55686498
55686598
55686697
55686798
55686898
55686998
55687098
55687197
55687298
55687398
55687497
55687598
55687698
55687797
55687898
55687998
55688097
55688198
55688298
55688397
55688498
55688597
55688697
55688798
55688897
55688997
55689098
55689197
55689297
55689398
55689497
55689597
55689701
55689797
55689897
55689998
55690097
55690198
55690298
55690397
55690498
55690597
55690697
55690798
55690898
55690997
55691098
55691197
55691297
55691398
55691497
55691597
55691698
55691797
55691897
55691997
55692097
55692197
55692297
55692397
55692497
55692597
55692697
55692797
55692897
55692997
55693097
55693197
55693297
55693396
55693497
55693597
55693698
55693797
55693897
55693997
55694097
55694197
55694297
55694397
55694497
55694597
55694697
55694796
55694897
55694997
55695096
55695197
55695297
55695396
55695497
55695597
55695696
55695797
55695897
55695996
55696097
55696196
55696296
55696397
55696496
55696596
55696697
55696796
55696897
55696997
55697096
55697197
55697297
55697396
55697497
55697596
55697696
55697801
55697896
55697996
55698097
55698196
55698296
55698397
55698496
55698596
55698697
55698796
55698896
55698997
55699096
55699196
55699296
55699396
55699496
55699596
55699696
55699798
55699896
55699996
55700097
55700196
55700296
55700397
55700496
55700596
55700697
55700796
55700896
55700996
55701099
55701196
55701296
55701396
55701496
55701596
55701696
55701796
55701896
55701996
55702096
55702196
55702296
55702395
55702496
55702596
55702695
55702796
55702896
55702995
55703096
55703196
55703296
55703396
55703496
55703596
55703696
55703795
55703896
55703996
55704095
55704196
55704296
55704395
55704496
55704596
55704695
55704796
55704896
55704995
55705096
55705195
55705295
55705396
55705495
55705595
55705696
55705795
55705895
55705996
55706095
55706195
55706296
55706395
55706496
55706596
55706695
55706796
55706897
55706995
55707096
55707195
55707295
55707396
55707495
55707595
55707696
55707795
55707895
55707996
55708095
55708195
55708296
55708395
55708495
55708595
55708695
55708795
55708895
55708995
55709095
55709195
55709295
55709395
55709495
55709595
55709694
55709795
55709895
55710000
55710095
55710195
55710295
55710395
55710495
55710595
55710695
55710795
55710895
55710995
55711095
55711195
55711295
55711394
55711495
55711595
55711694
55711795
55711895
55711996
55712095
55712195
55712294
55712395
55712495
55712594
55712695
55712794
55712894
55712995
55713094
55713195
55713295
55713394
55713495
55713595
55713694
55713795
55713895
55713994
55714095
55714194
55714294
55714395
55714494
55714594
55714695
55714796
55714894
55714995
55715094
55715194
55715295
55715394
55715494
55715595
55715694
55715794
55715895
55715994
55716094
55716194
55716294
55716395
55716494
55716594
55716695
55716794
55716894
55716995
55717094
55717194
55717294
55717394
55717494
55717594
55717694
55717794
55717894
55717994
55718094
55718194
55718294
55718394
55718494
55718594
55718694
55718798
55718894
55718993
55719094
55719194
55719293
55719394
55719494
55719593
55719694
55719794
55719894
55719994
55720094
55720194
55720294
55720393
55720494
55720594
55720693
55720794
55720894
55720993
55721094
55721194
55721293
55721394
55721494
55721593
55721694
55721793
55721893
55721994
55722093
55722193
55722294
55722393
55722493
55722594
55722693
55722793
55722939
55722993
55723094
55723194
55723293
55723394
55723494
55723593
55723694
55723793
55723893
55723994
55724093
55724193
55724294
55724393
55724493
55724594
55724693
55724793
55724896
55724993
55725093
55725193
55725293
55725393
55725493
55725593
55725693
55725793
55725893
55725993
55726093
55726193
55726294
55726393
55726493
55726593
55726693
55726793
55726893
55726993
55727093
55727193
55727293
55727393
55727493
55727593
55727692
55727793
55727893
55727992
55728093
55728193
55728292
55728393
55728493
55728592
55728693
55728793
55728892
55728993
55729093
55729192
55729293
55729392
55729492
55729593
55729692
55729794
55729893
55729992
55730093
55730193
55730292
55730393
55730493
55730592
55730693
55730792
55730892
55730993
55731093
55731192
55731293
55731392
55731492
55731593
55731692
55731792
55731893
55731992
55732092
55732193
55732292
55732392
55732492
55732592
55732692
55732796
55732892
55732993
55733092
55733192
55733293
55733392
55733492
55733593
55733692
55733792
55733894
55733992
55734092
55734192
55734292
55734392
55734492
55734592
55734692
55734792
55734892
55734992
55735092
55735192
55735291
55735392
55735492
55735591
55735692
55735796
55735891
55735992
55736092
55736192
55736292
55736392
55736492
55736592
55736691
55736794
55736892
55736991
55737092
55737192
55737291
55737392
55737492
55737591
55737692
55737792
55737891
55737992
55738092
55738191
55738292
55738391
55738491
55738592
55738691
55738796
55738892
55738991
55739091
55739192
55739291
55739392
55739492
55739591
55739692
55739791
55739891
55739992
55740091
55740191
55740292
55740391
55740491
55740592
55740691
55740791
55740892
55740991
55741094
55741192
55741291
55741391
55741491
55741591
55741691
55741791
55741891
55741991
55742091
55742191
55742291
55742391
55742491
55742592
55742691
55742791
55742891
55742991
55743091
55743191
55743291
55743391
55743491
55743591
55743691
55743791
55743892
55743991
55744091
55744191
55744291
55744391
55744491
55744590
55744696
55744791
55744890
55744991
55745091
55745190
55745291
55745391
55745490
55745591
55745690
55745790
55745894
55745990
55746091
55746191
55746290
55746391
55746491
55746590
55746691
55746791
55746890
55746991
55747091
55747190
55747291
55747390
55747490
55747591
55747690
55747790
55747891
55747990
55748090
55748191
55748290
55748390
55748491
55748590
55748690
55748791
55748895
55748990
55749090
55749190
55749291
55749390
55749490
55749591
55749690
55749790
55749891
55749990
55750090
55750190
55750290
55750390
55750490
55750590
55750690
55750790
55750890
55750990
55751090
55751190
55751290
55751390
55751490
55751589
55751690
55751790
55751889
55751990
55752090
55752189
55752290
55752390
55752489
55752590
55752690
55752790
55752990
55753090
55753190
55753289
55753390
55753490
55753589
55753690
55753790
55753889
55753990
55754090
55754189
55754290
55754390
55754489
55754590
55754690
55754789
55754890
55754989
55755089
55755190
55755289
55755389
55755490
55755589
55755689
55755790
55755889
55755990
55756093
55756189
55756290
55756390
55756489
55756590
55756689
55756789
55756890
55756989
55757089
55757190
55757289
55757389
55757490
55757589
55757693
55757789
55757889
55757989
55758089
55758189
55758289
55758389
55758489
55758589
55758689
55758789
55758889
55758989
55759089
55759188
55759289
55759389
55759489
55759589
55759689
55759789
55759889
55759989
55760089
55760189
55760289
55760389
55760489
55760588
55760689
55760789
55760897
55760989
55761089
55761188
55761289
55761389
55761488
55761589
55761689
55761788
55761889
55761989
55762088
55762189
55762288
55762388
55762489
55762588
55762689
55762793
55762888
55762989
55763089
55763188
55763289
55763389
55763488
55763589
55763689
55763788
55763889
55763997
55764088
55764189
55764288
55764388
55764489
55764588
55764688
55764789
55764888
55764988
55765089
55765188
55765288
55765388
55765488
55765588
55765688
55765788
55765889
55765988
55766088
55766189
55766288
55766388
55766489
55766588
55766688
55766792
55766888
55766988
55767088
55767188
55767288
55767388
55767488
55767588
55767688
55767788
55767888
55767988
55768088
55768188
55768288
55768388
55768487
55768588
55768688
55768787
55768888
55768988
55769088
55769188
55769288
55769388
55769488
55769588
55769688
55769788
55769887
55769988
55770088
55770187
55770288
55770388
55770487
55770588
55770688
55770787
55770888
55770988
55771087
55771188
55771287
55771387
55771488
55771587
55771687
55771788
55771887
55771987
55772088
55772187
55772288
55772388
55772487
55772588
55772687
55772787
55772888
55772987
55773087
55773287
55773387
55773488
55773587
55773687
55773788
55773887
55773987
55774088
55774187
55774287
55774387
55774487
55774587
55774687
55774787
55774887
55774987
55775087
55775187
55775287
55775387
55775488
55775587
55775687
55775787
55775887
55775987
55776087
55776187
55776287
55776387
55776487
55776587
55776687
55776787
55776887
55776987
55777087
55777186
55777287
55777387
55777486
55777587
55777687
55777786
55777887
55777987
55778086
55778187
55778287
55778386
55778487
55778587
55778686
55778787
55778886
55778987
55779087
55779186
55779287
55779387
55779486
55779587
55779687
55779788
55779887
55779987
55780086
55780187
55780286
55780386
55780487
55780586
55780686
55780787
55780886
55780986
55781087
55781186
55781286
55781387
55781486
55781586
55781687
55781786
55781886
55781986
55782086
55782187
55782286
55782386
55782487
55782586
55782686
55782787
55782886
55782986
55783087
55783186
55783286
55783386
55783486
55783586
55783686
55783786
55783886
55783986
55784086
55784186
55784286
55784386
55784486
55784586
55784686
55784785
55784886
55784986
55785085
55785186
55785286
55785385
55785486
55785586
55785686
55785786
55785886
55785986
55786086
55786185
55786286
55786386
55786485
55786586
55786686
55786785
55786886
55786986
55787085
55787186
55787286
55787402
55787486
55787586
55787685
55787786
55787885
55787985
55788086
55788185
55788285
55788386
55788485
55788585
55788690
55788785
55788886
55788986
55789085
55789186
55789286
55789385
55789486
55789585
55789685
55789790
55789885
55789985
55790086
55790185
55790285
55790386
55790485
55790585
55790685
55790788
55790885
55790985
55791085
55791185
55791285
55791385
55791485
55791585
55791685
55791785
55791885
55791985
55792086
55792185
55792285
55792385
55792485
55792585
55792685
55792785
55792885
55792985
55793085
55793185
55793285
55793385
55793485
55793585
55793685
55793785
55793885
55793985
55794084
55794185
55794285
55794384
55794485
55794585
55794684
55794785
55794885
55794984
55795085
55795184
55795284
55795385
55795484
55795585
55795685
55795784
55795885
55795985
55796084
55796185
55796285
55796384
55796485
55796585
55796685
55796785
55796884
55796984
55797085
55797184
55797284
55797385
55797484
55797584
55797685
55797784
55797884
55797985
55798084
55798184
55798284
55798384
55798484
55798584
55798684
55798785
55798884
55798984
55799085
55799184
55799284
55799385
55799484
55799584
55799684
55799784
55799886
55799984
55800084
55800184
55800284
55800384
55800484
55800584
55800684
55800784
55800984
55801084
55801184
55801284
55801383
55801484
55801584
55801683
