59402146
59402340
59402348
59402446
59402547
59402646
59402746
59402847
59402946
59403046
59403146
59403246
59403346
59403446
59403551
59403646
59403746
59403846
59403947
59404046
59404146
59404247
59404346
59404448
59404547
59404646
59404746
59404846
59404946
59405046
59405146
59405246
59405348
59405446
59405546
59405646
59405746
59405846
59405946
59406046
59406146
59406245
59406350
59406446
59406545
59406646
59406746
59406845
59406946
59407046
59407145
59407246
59407346
59407446
59407546
59407645
59407746
59407846
59407945
59408046
59408146
59408245
59408346
59408446
59408545
59408646
59408746
59408845
59408946
59409045
59409145
59409246
59409345
59409445
59409546
59409645
59409745
59409846
59409945
59410045
59410146
59410245
59410345
59410446
59410545
59410651
59410745
59410845
59410946
59411045
59411145
59411246
59411345
59411445
59411546
59411645
59411745
59411846
59411945
59412045
59412146
59412245
59412350
59412445
59412545
59412645
59412745
59412845
59412945
59413045
59413145
59413245
59413345
59413445
59413545
59413645
59413844
59413945
59414045
59414145
59414245
59414345
59414445
59414545
59414645
59414745
59414845
59414945
59415045
59415145
59415244
59415345
59415445
59415544
59415645
59415745
59415844
59415945
59416045
59416144
59416245
59416345
59416444
59416547
59416645
59416744
59416845
59416944
59417044
59417145
59417244
59417345
59417445
59417544
59417645
59417745
59417844
59417945
59418045
59418144
59418245
59418344
59418445
59418545
59418644
59418744
59418845
59418944
59419044
59419145
59419244
59419344
59419445
59419544
59419644
59419745
59419844
59419944
59420044
59420144
59420244
59420344
59420444
59420548
59420649
59420744
59420845
59420944
59421044
59421144
59421244
59421344
59421444
59421544
59421644
59421744
59421944
59422044
59422144
59422244
59422345
59422444
59422544
59422644
59422744
59422843
59422944
59423044
59423143
59423244
59423344
59423443
59423544
59423644
59423744
59423844
59423944
59424044
59424144
59424244
59424344
59424444
59424543
59424644
59424744
59424843
59424944
59425044
59425143
59425244
59425344
59425443
59425544
59425644
59425743
59425844
59425943
59426043
59426144
59426246
59426343
59426444
59426543
59426643
59426744
59426843
59426944
59427044
59427143
59427244
59427346
59427443
59427544
59427644
59427743
59427844
59427943
59428043
59428144
59428243
59428343
59428444
59428543
59428643
59428743
59428843
59428943
59429043
59429243
59429343
59429443
59429543
59429643
59429743
59429843
59429943
59430043
59430144
59430243
59430343
59430443
59430544
59430649
59430743
59430843
59430943
59431043
59431143
59431243
59431343
59431443
59431543
59431643
59431743
59431842
59431943
59432043
59432142
59432243
59432343
59432442
59432543
59432643
59432742
59432843
59432943
59433042
59433143
59433242
59433342
59433443
59433542
59433643
59433743
59433842
59433943
59434043
59434142
59434243
59434343
59434442
59434543
59434643
59434742
59434843
59434943
59435042
59435143
59435242
59435342
59435443
59435542
59435646
59435745
59435942
59436043
59436142
59436242
59436342
59436442
59436542
59436642
59436742
59436843
59436942
59437042
59437143
59437242
59437342
59437443
59437542
59437642
59437743
59437842
59437942
59438042
59438142
59438242
59438342
59438442
59438542
59438642
59438742
59438842
59438942
59439042
59439142
59439242
59439342
59439442
59439542
59439642
59439741
59439842
59439942
59440041
59440242
59440342
59440442
59440542
59440642
59440742
59440842
59440942
59441042
59441141
59441242
59441342
59441441
59441543
59441642
59441741
59441842
59441942
59442041
59442142
59442242
59442341
59442442
59442542
59442641
59442742
59442841
59442941
59443042
59443141
59443241
59443342
59443441
59443542
59443642
59443741
59443842
59443941
59444041
59444142
59444241
59444341
59444442
59444541
59444641
59444742
59444841
59444941
59445042
59445141
59445241
59445342
59445441
59445541
59445642
59445750
59445841
59445941
59446041
59446141
59446241
59446341
59446441
59446546
59446641
59446742
59446841
59446941
59447041
59447141
59447241
59447341
59447441
59447545
59447641
59447741
59447841
59447941
59448041
59448141
59448241
59448341
59448441
59448541
59448641
59448740
59448841
59448941
59449040
59449141
59449241
59449340
59449441
59449542
59449640
59449741
59449841
59449940
59450041
59450141
59450241
59450341
59450440
59450541
59450643
59450743
59450841
59450941
59451040
59451141
59451241
59451340
59451441
59451541
59451640
59451741
59451840
59451940
59452041
59452140
59452240
59452341
59452440
59452540
59452641
59452740
59452941
59453040
59453140
59453340
59453441
59453540
59453640
59453741
59453840
59453940
59454041
59454140
59454240
59454341
59454440
59454542
59454640
59454740
59454840
59454940
59455040
59455140
59455240
59455340
59455440
59455541
59455640
59455740
59455840
59455940
59456039
59456140
59456240
59456339
59456440
59456540
59456640
59456740
59456840
59456940
59457040
59457140
59457240
59457340
59457440
59457540
59457640
59457740
59457840
59457940
59458039
59458140
59458240
59458339
59458440
59458540
59458639
59458740
59458839
59458939
59459040
59459139
59459239
59459340
59459439
59459539
59459640
59459739
59459840
59459940
59460039
59460140
59460240
59460339
59460440
59460540
59460642
59460741
59460839
59460939
59461040
59461139
59461239
59461340
59461439
59461539
59461640
59461739
59461839
59461940
59462039
59462139
59462239
59462339
59462439
59462539
59462639
59462739
59462839
59462939
59463040
59463139
59463239
59463340
59463439
59463539
59463640
59463739
59463839
59463939
59464039
59464139
59464239
59464339
59464439
59464539
59464639
59464739
59464839
59464939
59465039
59465139
59465239
59465338
59465439
59465539
59465639
59465739
59465839
59465938
59466039
59466139
59466238
59466339
59466439
59466539
59466639
59466738
59466839
59466939
59467038
59467139
59467239
59467342
59467439
59467539
59467638
59467739
59467839
59467938
59468039
59468139
59468238
59468339
59468438
59468538
59468639
59468738
59468838
59468939
59469038
59469138
59469239
59469338
59469438
59469539
59469638
59469739
59469838
59469938
59470039
59470138
59470238
59470339
59470438
59470538
59470639
59470738
59470838
59470939
59471038
59471138
59471238
59471338
59471438
59471538
59471638
59471738
59471838
59471938
59472038
59472138
59472238
59472338
59472438
59472538
59472638
59472738
59472937
59473038
59473138
59473238
59473338
59473438
59473538
59473638
59473738
59473838
59473938
59474038
59474138
59474238
59474337
59474438
59474538
59474637
59474738
59474838
59474937
59475038
59475138
59475237
59475338
59475438
59475537
59475638
59475738
59475837
59475938
59476037
59476137
59476238
59476337
59476438
59476542
59476637
59476738
59476838
59476937
59477038
59477138
59477237
59477338
59477437
59477537
59477638
59477737
59477837
59477938
59478037
59478137
59478238
59478337
59478437
59478541
59478637
59478737
59478837
59478937
59479037
59479137
59479237
59479343
59479437
59479537
59479638
59479737
59479837
59479938
59480037
59480137
59480238
59480337
59480437
59480539
59480643
59480737
59480837
59480937
59481037
59481137
59481237
59481337
59481437
59481537
59481637
59481737
59481837
59481936
59482037
59482137
59482236
59482337
59482437
59482536
59482637
59482737
59482836
59482937
59483037
59483137
59483237
59483337
59483437
59483537
59483636
59483737
59483837
59483936
59484037
59484137
59484236
59484337
59484437
59484536
59484637
59484737
59484836
59484937
59485036
59485136
59485237
59485336
59485436
59485537
59485636
59485736
59485837
59485936
59486036
59486137
59486236
59486337
59486436
59486536
59486637
59486736
59486836
59486937
59487036
59487136
59487237
59487336
59487436
59487537
59487636
59487736
59487837
59487936
59488036
59488136
59488236
59488336
59488436
59488536
59488636
59488736
59488836
59488936
59489036
59489136
59489235
59489336
59489436
59489536
59489636
59489736
59489836
59489936
59490036
59490136
59490236
59490336
59490436
59490536
59490636
59490736
59490841
59490936
59491036
59491136
59491235
59491336
59491436
59491535
59491636
59491736
59491835
59491936
59492036
59492135
59492236
59492336
59492435
59492536
59492635
59492736
59492836
59492935
59493036
59493136
59493235
59493336
59493436
59493535
59493636
59493736
59493835
59493936
59494035
59494135
59494236
59494335
59494435
59494536
59494635
59494735
59494836
59494935
59495035
59495136
59495235
59495335
59495435
59495535
59495635
59495735
59495835
59495936
59496035
59496135
59496236
59496335
59496435
59496536
59496635
59496735
59496836
59496935
59497035
59497135
59497235
59497335
59497435
59497535
59497635
59497735
59497835
59497935
59498035
59498135
59498235
59498335
59498435
59498535
59498635
59498735
59498834
59498935
59499035
59499134
59499235
59499335
59499435
59499535
59499635
59499735
59499835
59499935
59500035
59500135
59500234
59500335
59500435
59500534
59500635
59500739
59500834
59500935
59501035
59501134
59501235
59501335
59501434
59501535
59501634
59501734
59501835
59502034
59502135
59502234
59502334
59502435
59502534
59502635
59502735
59502834
59502935
59503034
59503134
59503235
59503334
59503434
59503535
59503634
59503734
59503835
59503934
59504034
59504135
59504234
59504334
59504435
59504534
59504634
59504734
59504834
59504934
59505034
59505134
59505234
59505334
59505434
59505534
59505634
59505734
59505835
59505934
59506034
59506135
59506234
59506334
59506434
59506534
59506634
59506734
59506834
59506934
59507034
59507134
59507234
59507334
59507434
59507533
59507634
59507734
59507833
59507934
59508034
59508133
59508234
59508334
59508433
59508534
59508634
59508733
59508834
59508934
59509033
59509134
59509233
59509334
59509435
59509533
59509634
59509734
59509833
59509934
59510034
59510133
59510234
59510334
59510433
59510534
59510634
59510735
59510834
59510933
59511033
59511134
59511233
59511333
59511434
59511533
59511633
59511734
59511833
59511933
59512034
59512133
59512233
59512333
59512433
59512534
59512633
59512733
59512834
59512933
59513033
59513134
59513233
59513333
59513434
59513533
59513633
59513733
59513833
59513933
59514033
59514133
59514233
59514333
59514433
59514533
59514633
59514733
59514833
59514933
59515033
59515133
59515233
59515333
59515432
59515533
59515633
59515732
59515833
59515933
59516033
59516133
59516233
59516333
59516433
59516533
59516633
59516733
59516832
59516933
59517033
59517132
59517233
59517333
59517432
59517533
59517633
59517732
59517833
59517933
59518032
59518133
59518232
59518334
59518433
59518532
59518632
59518733
59518832
59518932
59519033
59519132
59519233
59519333
59519432
59519536
59519633
59519732
59519833
59519932
59520032
59520133
59520232
59520332
59520433
59520532
59520632
59520733
59520832
59520932
59521033
59521132
59521232
59521333
59521432
59521532
59521632
59521732
59521832
59521932
59522032
59522132
59522232
59522332
59522433
59522532
59522632
59522733
59522832
59522932
59523032
59523132
59523232
59523332
59523432
59523532
59523632
59523732
59523832
59523932
59524032
59524132
59524232
59524332
59524431
59524532
59524632
59524731
59524832
59524932
59525031
59525132
59525232
59525331
59525432
59525532
59525634
59525732
59525831
59525932
59526032
59526131
59526232
59526332
59526431
59526532
59526632
59526731
59526832
59526932
59527031
59527132
59527231
59527331
59527432
59527531
59527631
59527732
59527831
59527931
59528032
59528131
59528231
59528332
59528431
59528531
59528632
59528731
59528832
59528931
59529031
59529132
59529231
59529331
59529432
59529531
59529631
59529732
59529831
59529931
59530032
59530131
59530231
59530331
59530431
59530531
59530631
59530731
59530831
59530931
59531031
59531131
59531231
59531331
59531431
59531531
59531631
59531730
59531831
59531931
59532030
59532131
59532231
59532331
59532431
59532531
59532631
59532731
59532831
59532931
59533031
59533131
59533231
59533331
59533430
59533531
59533631
59533730
59533831
59533931
59534030
59534131
59534231
59534330
59534431
59534531
59534630
59534731
59534830
59534930
59535031
59535130
59535230
59535336
59535430
59535531
59535631
59535730
59535831
59535931
59536030
59536131
59536231
59536330
59536431
59536530
59536630
59536731
59536830
59536930
59537031
59537130
59537230
59537331
59537430
59537530
59537631
59537730
59537830
59537930
59538030
59538130
59538230
59538330
59538430
59538530
59538630
59538731
59538830
59538930
59539031
59539130
59539230
59539331
59539430
59539530
59539630
59539730
59539930
59540030
59540130
59540230
59540330
59540430
59540530
59540630
59540751
59540830
59540930
59541029
59541130
59541230
59541329
59541430
59541530
59541629
59541730
59541830
59541929
59542030
59542130
59542230
59542330
59542430
59542530
59542630
59542729
59542830
59542930
59543029
59543130
59543230
59543329
59543430
59543530
59543629
59543730
59543830
59543929
59544030
59544130
59544229
59544330
59544429
59544529
59544630
59544729
59544829
59544930
59545029
59545129
59545230
59545334
59545430
59545529
59545629
59545732
59545829
59545929
59546030
59546129
59546229
59546330
59546429
59546529
59546630
59546729
59546829
59546929
59547029
59547129
59547229
59547329
59547429
59547529
59547629
59547729
59547829
59547929
59548029
59548129
59548229
59548329
59548429
59548529
59548630
59548729
59548829
59548929
59549029
59549129
59549229
59549329
59549429
59549529
59549629
59549729
59549829
59549929
59550028
59550129
59550229
59550328
59550429
59550538
59550628
59550729
59550829
59550928
59551029
59551129
59551228
59551329
59551429
59551528
59551629
59551729
59551828
59551929
59552028
59552129
59552229
59552328
59552429
59552529
59552628
59552729
59552829
59552928
59553029
59553128
59553228
59553329
59553428
59553528
59553629
59553728
59553828
59553929
59554028
59554128
59554229
59554328
59554428
59554529
59554628
59554728
59554828
59554928
59555028
59555128
59555228
59555329
59555428
59555528
59555629
59555728
59555828
59555929
59556028
59556128
59556228
59556331
59556428
59556528
59556628
59556728
59556828
59556928
59557028
59557128
59557228
59557328
59557428
59557528
59557627
59557728
59557828
59557927
59558028
59558128
59558227
59558328
59558428
59558528
59558628
59558728
59558828
59558928
59559028
59559128
59559228
59559327
59559428
59559528
59559627
59559728
59559828
59559927
59560028
59560128
59560227
59560331
59560428
59560527
59560628
59560727
59560827
59560928
59561027
59561127
59561228
59561327
59561427
59561528
59561627
59561728
59561828
59561927
59562028
59562128
59562227
59562328
59562427
59562531
59562628
59562727
59562827
59562928
59563027
59563127
59563228
59563327
59563427
59563531
59563627
59563727
59563827
59563927
59564027
59564127
59564227
59564327
59564427
59564527
59564627
59564727
59564827
59564928
59565027
59565127
59565228
59565327
59565427
59565527
59565627
59565727
59565827
59565927
59566027
59566127
59566227
59566327
59566427
59566527
59566627
59566727
59566827
59566927
59567027
59567127
59567226
59567327
59567427
59567526
59567627
59567727
59567826
59567927
59568027
59568126
59568227
59568326
59568427
59568527
59568626
59568727
59568827
59568926
59569027
59569127
59569226
59569327
59569427
59569526
59569627
59569727
59569826
59569927
59570026
59570126
59570227
59570326
59570426
59570527
59570626
59570726
59570827
59570926
59571026
59571127
59571226
59571326
59571426
59571526
59571627
59571726
59571826
59571927
59572026
59572126
59572227
59572326
59572426
59572527
59572626
59572726
59572826
59572926
59573026
59573126
59573226
59573326
59573430
59573526
59573626
59573726
59573826
59573926
59574026
59574126
59574226
59574326
59574426
59574528
59574626
59574726
59574825
59574926
59575026
59575126
59575226
59575326
59575426
59575528
59575626
59575726
59575826
59575925
59576026
59576126
59576225
59576326
59576426
59576527
59576626
59576726
59576825
59576926
59577026
59577125
59577226
59577425
59577526
59577625
59577725
59577826
59577925
59578025
59578126
59578225
59578326
59578426
59578525
59578626
59578726
59578825
59578926
59579025
59579125
59579226
59579325
59579427
59579526
59579625
59579725
59579826
59579925
59580025
59580126
59580225
59580325
59580434
59580525
59580625
59580725
59580825
59580925
59581025
59581125
59581225
59581325
59581425
59581526
59581625
59581725
59581826
59581925
59582025
59582125
59582225
59582334
59582425
59582525
59582625
59582725
59582825
59582925
59583025
59583125
59583225
59583325
59583425
59583524
59583625
59583725
59583824
59583925
59584025
59584124
59584225
59584325
59584424
59584525
59584625
59584724
59584825
59584925
59585025
59585125
59585224
59585325
59585425
59585524
59585625
59585731
59585824
59585925
59586025
59586124
59586225
59586331
59586424
59586525
59586624
59586724
59586825
59586924
59587024
59587125
59587224
59587324
59587425
59587524
59587624
59587725
59587824
59587924
59588024
59588124
59588225
59588324
59588424
59588527
59588624
59588724
59588825
59588924
59589024
59589125
59589224
59589329
59589425
59589524
59589624
59589725
59589824
59589924
59590024
59590124
59590224
59590324
59590424
59590524
59590634
59590724
59590824
59590924
59591024
59591123
59591224
59591324
59591424
59591528
59591624
59591724
59591824
59591924
59592024
59592124
59592224
59592324
59592424
59592523
59592624
59592724
59592823
59592924
59593024
59593123
59593224
59593324
59593423
59593524
59593624
59593723
59593824
59593924
59594023
59594124
59594223
59594323
59594424
59594523
59594624
59594724
59594823
59594924
59595024
59595123
59595224
59595324
59595423
59595524
59595624
59595723
59595824
59595923
59596023
59596124
59596223
59596323
59596424
59596529
59596623
59596724
59596823
59596923
59597024
59597123
59597223
59597323
59597423
59597528
59597623
59597723
59597824
59597923
59598023
59598124
59598223
59598323
59598424
59598523
59598623
59598723
59598823
59598923
59599023
59599123
59599223
59599323
59599423
59599523
59599623
59599723
59599823
59599923
59600023
59600122
59600223
59600323
59600422
59600523
59600623
59600722
59600823
59600923
59601022
59601123
59601223
59601323
59601423
59601522
59601623
59601723
59601822
59601923
59602023
59602122
59602223
59602323
59602422
59602523
59602623
59602722
59602823
59602923
59603022
59603123
59603222
59603322
59603423
59603528
59603622
59603723
59603822
59603922
59604023
59604122
59604222
59604323
59604422
59604523
59604623
59604722
59604823
59604922
59605022
59605123
59605222
59605322
59605423
59605522
59605622
59605723
59605822
59605922
59606023
59606122
59606222
59606322
59606422
59606522
59606622
59606722
59606822
59606922
59607022
59607122
59607222
59607322
59607422
59607522
59607622
59607721
59607822
59607922
59608022
59608122
59608222
59608322
59608422
59608522
59608622
59608722
59608822
59608922
59609022
59609122
59609222
59609322
59609421
59609522
59609622
59609721
59609822
59609922
59610021
59610122
59610222
59610326
59610422
59610522
59610621
59610722
59610821
59610921
59611022
59611121
59611222
59611325
59611421
59611522
59611622
59611721
59611822
59611922
59612021
59612122
59612222
59612321
59612422
59612521
59612621
59612722
59612821
59612921
59613022
59613121
59613221
59613322
59613421
59613521
59613622
59613721
59613821
59613921
59614021
59614121
59614221
59614323
59614422
59614521
59614621
59614722
59614821
59614921
59615022
59615121
59615221
59615321
59615421
59615521
59615621
59615721
59615821
59615921
59616021
59616121
59616221
59616321
59616421
59616521
59616621
59616721
59616821
59616921
59617020
59617121
59617221
59617320
59617421
59617521
59617620
59617721
59617821
59617921
59618021
59618121
59618221
59618321
59618420
59618521
59618621
59618720
59618821
59618921
59619020
59619121
59619221
59619320
59619421
59619521
59619620
59619721
59619821
59620021
59620120
59620220
59620321
59620420
59620520
59620621
59620720
59620820
59620921
59621020
59621121
59621221
59621320
59621421
59621520
59621620
59621721
59621820
59621920
59622021
59622120
59622220
59622321
59622420
59622520
59622621
59622720
59622820
59622920
59623020
59623120
59623220
59623321
59623420
59623520
59623620
59623720
59623820
59623920
59624020
59624120
59624220
59624320
59624420
59624520
59624620
59624720
59624820
59624920
59625020
59625120
59625220
59625320
59625420
59625520
59625620
59625720
59625820
59625920
59626019
59626120
59626220
59626319
59626422
59626520
59626619
59626720
59626820
59626919
59627020
59627120
59627219
59627320
59627420
59627520
59627620
59627720
59627820
59627920
59628019
59628120
59628220
59628319
59628420
59628520
59628619
59628720
59628820
59628919
59629020
59629119
59629219
59629320
59629419
59629519
59629620
59629719
59629819
59629920
59630019
59630119
59630220
59630319
59630419
59630520
59630619
59630720
59630819
59630919
59631020
59631119
59631219
59631320
59631419
59631519
59631620
59631719
59631819
59631920
59632019
59632119
59632219
59632321
59632419
59632519
59632619
59632719
59632819
59632919
59633019
59633119
59633219
59633319
59633419
59633519
59633618
59633719
59633819
59633918
59634019
59634119
59634219
59634323
59634419
59634519
59634619
59634719
59634819
59634919
59635019
59635119
59635219
59635319
59635419
59635519
59635618
59635719
59635821
59635918
59636019
59636119
59636218
59636319
59636419
59636520
59636619
59636718
59636818
59636919
59637018
59637118
59637219
59637318
59637419
59637519
59637618
59637719
59637819
59637918
59638019
59638119
59638218
59638319
59638418
59638518
59638619
59638718
59638818
59638919
59639018
59639118
59639219
59639318
59639418
59639519
59639618
59639718
59639818
59639918
59640018
59640118
59640218
59640318
59640418
59640519
59640619
59640718
59640818
59640919
59641018
59641118
59641218
59641318
59641418
59641518
59641618
59641718
59641818
59641918
59642018
59642118
59642218
59642318
59642418
59642521
59642618
59642718
59642818
59642918
59643018
59643118
59643217
59643318
59643418
59643517
59643618
59643718
59643817
59643918
59644018
59644118
59644218
59644317
59644420
59644518
59644617
59644718
59644818
59644917
59645018
59645118
59645217
59645318
59645418
59645517
59645618
59645718
59645817
59645918
59646017
59646117
59646218
59646317
59646417
59646518
59646617
59646717
59646818
59646917
59647017
59647117
59647217
59647318
59647417
59647517
59647618
59647717
59647817
59647918
59648017
59648117
59648218
59648317
59648417
59648518
59648617
59648717
59648817
59648917
59649017
59649117
59649217
59649317
59649417
59649517
59649617
59649717
59649817
59649917
59650017
59650117
59650216
59650317
59650417
59650516
59650623
59650717
59650817
59650917
59651017
59651117
59651217
59651317
59651417
59651517
59651617
59651717
59651817
59651916
59652017
59652117
59652216
59652317
59652417
59652516
59652617
59652717
59652816
59652917
59653017
59653116
59653217
59653316
59653416
59653517
59653716
59653817
59653916
59654017
59654117
59654216
59654317
59654417
59654516
59654617
59654717
59654816
59654917
59655016
59655116
59655217
59655316
59655416
59655517
59655616
59655716
59655817
59655916
59656016
59656117
59656216
59656316
59656416
59656518
59656616
59656716
59656816
59656916
59657016
59657116
59657217
59657316
59657416
59657517
59657616
59657716
59657816
59657916
59658016
59658116
59658216
59658316
59658416
59658516
59658616
59658716
59658816
59658916
59659016
59659116
59659216
59659316
59659416
59659515
59659616
59659716
59659815
59659916
59660016
59660115
59660216
59660316
59660416
59660520
59660616
59660716
59660816
59660916
59661016
59661116
59661215
59661316
59661416
59661515
59661616
59661716
59661815
59661916
59662016
59662115
59662216
59662316
59662415
59662516
59662615
59662715
59662816
59662915
59663015
59663116
59663215
59663315
59663416
59663515
59663616
59663716
59663815
59663916
59664016
59664115
59664216
59664315
59664415
59664516
59664615
59664715
59664816
59664915
59665015
59665116
59665215
59665315
59665415
59665515
59665615
59665715
59665815
59665915
59666015
59666115
59666215
59666315
59666415
59666515
59666615
59666715
59666816
59666915
59667015
59667115
59667215
59667315
59667418
59667515
59667615
59667715
59667815
59667915
59668015
59668115
59668215
59668315
59668420
59668515
59668615
59668715
59668814
59668915
59669015
59669114
59669215
59669315
59669414
59669515
59669615
59669714
59669815
59669914
59670014
59670115
59670214
59670315
59670415
59670514
59670615
59670715
59670814
59670915
59671015
59671114
59671215
59671315
59671414
59671523
59671614
59671714
59671815
59671914
59672014
59672115
59672214
59672314
59672415
59672514
59672614
59672715
59672814
59672914
59673014
59673114
59673214
59673314
59673414
59673515
59673614
59673714
59673815
59673914
59674014
59674115
59674214
59674315
59674415
59674514
59674614
59674714
59674814
59674914
59675014
59675114
59675214
59675314
59675414
59675514
59675614
59675714
59675814
59675914
59676014
59676114
59676214
59676314
59676413
59676514
59676614
59676713
59676814
59676914
59677014
59677114
59677214
59677314
59677418
59677514
59677614
59677714
59677813
59677914
59678014
59678113
59678214
59678314
59678413
59678514
59678614
59678713
59678814
59678914
59679013
59679114
59679213
59679313
59679414
59679513
59679613
59679714
59679813
59679913
59680014
59680113
59680214
59680314
59680413
59680514
59680614
59680713
59680814
59680913
59681013
59681114
59681213
59681313
59681414
59681513
59681613
59681714
59681813
59681913
59682014
59682113
59682213
59682313
59682413
59682516
59682613
59682713
59682813
59682913
59683013
59683113
59683213
59683313
59683414
59683513
59683613
59683714
59683813
59683913
59684013
59684113
59684213
59684313
59684414
59684513
59684613
59684713
59684813
59684913
59685013
59685113
59685213
59685313
59685412
59685513
59685613
59685712
59685813
59686012
59686113
59686213
59686315
59686413
59686513
59686612
59686713
59686812
59686913
59687013
59687112
59687213
59687313
59687412
59687513
59687613
59687712
59687813
59687913
59688012
59688113
59688212
59688312
59688413
59688512
59688612
59688713
59688812
59688912
59689013
59689112
59689212
59689313
59689412
59689512
59689613
59689712
59689812
59689912
59690012
59690113
59690212
59690312
59690413
59690512
59690612
59690713
59690812
59690912
59691013
59691112
59691212
59691313
59691412
59691514
59691612
59691712
59691812
59691912
59692012
59692112
59692212
59692312
59692417
59692512
59692612
59692711
59692812
59692912
59693011
59693112
59693212
59693312
59693417
59693512
59693612
59693712
59693812
59693912
59694012
59694112
59694212
59694312
59694411
59694512
59694612
59694711
59694812
59694912
59695011
59695112
59695212
59695312
59695412
59695512
59695611
59695712
59695812
59695911
59696012
59696111
59696211
59696312
59696411
59696512
59696612
59696711
59696812
59696912
59697011
59697112
59697212
59697311
59697412
59697511
59697611
59697712
59697811
59697911
59698012
59698111
59698211
59698312
59698411
59698511
59698612
59698711
59698811
59698912
59699011
59699111
59699211
59699311
59699411
59699511
59699611
59699712
59699811
59699911
59700012
59700111
59700211
59700313
59700411
59700511
59700611
59700711
59700811
59700911
59701011
59701111
59701211
59701311
59701411
59701511
59701611
59701711
59701811
59701911
59702010
59702111
59702211
59702310
59702411
59702511
59702610
59702711
59702811
59702910
59703011
59703111
59703211
59703311
59703410
59703516
59703611
59703710
59703811
59703911
59704010
59704111
59704211
59704310
59704411
59704513
59704610
59704711
59704811
59704910
59705011
59705110
59705210
59705311
59705410
59705510
59705611
59705710
59705810
59705911
59706010
59706110
59706211
59706310
59706420
59706511
59706610
59706711
59706810
59706910
59707011
59707110
59707210
59707311
59707410
59707510
59707611
59707710
59707810
59707910
59708010
59708110
59708210
59708310
59708410
59708510
59708610
59708710
59708810
59708910
59709010
59709110
59709210
59709310
59709410
59709510
59709611
59709710
59709810
59709910
59710010
59710110
59710210
59710310
59710413
59710510
59710610
59710710
59710810
59710910
59711009
59711110
59711210
59711309
59711410
59711510
59711609
59711710
59711810
59711909
59712010
59712110
59712209
59712310
59712410
59712509
59712610
59712709
59712809
59712910
59713009
59713110
59713210
59713410
59713510
59713609
59713710
59713810
59713909
59714010
59714110
59714209
59714310
59714409
59714509
59714610
59714709
59714809
59714910
59715009
59715109
59715210
59715309
59715409
59715510
59715609
59715709
59715809
59715909
59716009
59716109
59716209
59716310
59716409
59716509
59716610
59716709
59716809
59716910
59717009
59717109
59717210
59717309
59717409
59717509
59717609
59717709
59717809
59717909
59718009
59718109
59718209
59718311
59718409
59718509
59718609
59718709
59718809
59718908
59719009
59719109
59719208
59719309
59719409
59719508
59719609
59719809
59719909
59720009
59720109
59720209
59720308
59720409
59720509
59720613
59720709
59720809
59720908
59721009
59721109
59721208
59721309
59721409
59721508
59721609
59721709
59721808
59721909
59722008
59722108
59722209
59722308
59722408
59722509
59722608
59722708
59722809
59722908
59723009
59723109
59723208
59723309
59723508
59723609
59723708
59723808
59723909
59724008
59724108
59724209
59724308
59724408
59724509
59724608
59724708
59724808
59724908
59725008
59725108
59725208
59725308
59725408
59725508
59725609
59725714
59725808
59725908
59726008
59726108
59726208
59726308
59726412
59726508
59726608
59726708
59726808
59726908
59727008
59727108
59727208
59727408
59727508
59727608
59727708
59727808
59727907
59728008
59728108
59728212
59728308
59728408
59728507
59728608
59728708
59728807
59728908
59729008
59729107
59729208
59729308
59729408
59729508
59729607
59729708
59729808
59729907
59730008
59730108
59730207
59730308
59730408
59730507
59730608
59730708
59730807
59730908
59731007
59731107
59731208
59731307
59731407
59731508
59731607
59731707
59731808
59731907
59732007
59732108
59732207
59732307
59732408
59732507
59732608
59732707
59732807
59732908
59733007
59733107
59733208
59733307
59733407
59733510
59733607
59733707
59733807
59733907
59734007
59734107
59734207
59734309
59734407
59734507
59734607
59734707
59734807
59734907
59735007
59735107
59735207
59735307
59735407
59735506
59735607
59735707
59735806
59735907
59736007
59736107
59736207
59736307
59736407
59736512
59736607
59736707
59736807
59736907
59737007
59737107
59737206
59737307
59737407
59737509
59737607
59737707
59737806
59737907
59738007
59738106
59738207
59738307
59738406
59738507
59738606
59738807
59738906
59739006
59739107
59739206
59739307
59739407
59739506
59739607
59739707
59739806
59739907
59740006
59740106
59740207
59740306
59740406
59740509
59740606
59740706
59740807
59740906
59741006
59741107
59741206
59741306
59741406
59741507
59741606
59741706
59741806
59741906
59742006
59742106
59742206
59742306
59742406
59742510
59742606
59742706
59742807
59742906
59743006
59743106
59743206
59743306
59743406
59743506
59743606
59743706
59743806
59743906
59744006
59744106
59744206
59744306
59744411
59744506
59744606
59744706
59744805
59744906
59745006
59745105
59745206
59745306
59745405
59745506
59745606
59745705
59745806
59745905
59746006
59746106
59746205
59746306
59746409
59746505
59746606
59746706
59746805
59746906
59747006
59747105
59747206
59747306
59747405
59747506
59747606
59747705
59747806
59747905
59748005
59748106
59748205
59748305
59748406
59748505
59748605
59748706
59748805
59748905
59749005
59749105
59749206
59749305
59749405
59749506
59749605
59749705
59749806
59749905
59750005
59750106
59750205
59750305
59750406
59750505
59750605
59750705
59750805
59750905
59751005
59751105
59751205
59751308
59751405
59751505
59751605
59751705
59751805
59751905
59752005
59752104
59752205
59752305
59752404
59752505
59752605
59752705
59752805
59752905
59753005
59753105
59753205
59753305
59753405
59753505
59753605
59753705
59753804
59753905
59754005
59754104
59754205
59754305
59754404
59754505
59754605
59754704
59754805
59754905
59755004
59755105
59755204
59755304
59755405
59755504
59755604
59755705
59755804
59755905
59756005
59756104
59756205
59756305
59756407
59756505
59756605
59756704
59756805
59756904
59757004
59757105
59757204
59757304
59757405
59757504
59757604
59757705
59757804
59757904
59758005
59758104
59758204
59758304
59758404
59758504
59758604
59758704
59758804
59758904
59759004
59759105
59759204
59759304
59759504
59759604
59759704
59759804
59759904
59760004
59760104
59760204
59760304
59760404
59760504
59760604
59760704
59760804
59760904
59761004
59761104
59761204
59761304
59761403
59761504
59761604
59761703
59761804
59761904
59762003
59762104
59762204
59762304
59762404
59762508
59762604
59762704
59762804
59762904
59763004
59763103
59763204
59763304
59763403
59763504
59763604
59763703
59763804
59763904
59764003
59764104
59764203
59764303
59764404
59764503
59764603
59764704
59764803
59764903
59765004
59765103
59765203
59765304
59765403
59765504
59765604
59765703
59765804
59765903
59766003
59766104
59766203
59766303
59766404
59766503
59766603
59766704
59766803
59766903
59767004
59767103
59767203
59767303
59767403
59767503
59767604
59767703
59767803
59767903
59768003
59768103
59768203
59768303
59768403
59768503
59768603
59768704
59768803
59768903
59769003
59769103
59769203
59769303
59769403
59769503
59769603
59769703
59769803
59769903
59770003
59770103
59770203
59770303
59770403
59770503
59770694
59770702
59770803
59770903
59771002
59771103
59771203
59771302
59771403
59771503
59771602
59771703
59771802
59771902
59772003
59772102
59772203
59772303
59772402
59772503
59772603
59772702
59772803
59772903
59773002
59773103
59773203
59773302
59773403
59773502
59773602
59773703
59773802
59773902
59774003
59774102
59774202
59774303
59774402
59774502
59774603
59774702
59774802
59774902
59775002
59775102
59775202
59775302
59775403
59775502
59775602
59775708
59775802
59775902
59776003
59776102
59776202
59776303
59776402
59776502
59776602
59776702
59776802
59776902
59777002
59777102
59777202
59777302
59777402
59777502
59777602
59777702
59777802
59777902
59778002
59778102
59778202
59778301
59778402
59778502
59778601
59778702
59778802
59778902
59779002
59779102
59779202
59779302
59779402
59779502
59779602
59779701
59779802
59779902
59780001
59780102
59780202
59780301
59780402
59780502
59780601
59780702
59780802
59780901
59781002
59781101
59781201
59781302
59781401
59781501
59781602
59781701
59781801
59781902
59782001
59782102
59782202
59782301
59782402
59782502
59782601
59782702
59782801
59782901
59783002
59783101
59783201
59783302
59783403
59783501
59783602
59783701
59783801
59783902
59784001
59784101
59784201
59784301
59784401
59784501
59784601
59784701
59784801
59784901
59785001
59785101
59785201
59785302
59785401
59785505
59785604
59785701
59785801
59785901
59786001
59786101
59786201
59786301
59786401
59786501
59786601
59786701
59786801
59786901
59787001
59787101
59787201
59787300
59787401
59787501
59787600
59787701
59787801
59787900
59788001
59788101
59788200
59788301
59788401
59788507
59788601
59788701
59788801
59788901
59789000
59789101
59789201
59789300
59789401
59789501
59789600
59789701
59789801
59789900
59790001
59790100
59790200
59790301
59790400
59790500
59790601
59790700
59790800
59790901
59791000
59791100
59791201
59791304
59791400
59791501
59791700
59791800
59791900
59792001
59792100
59792200
59792301
59792400
59792505
59792601
59792700
59792800
59792901
59793000
59793100
59793201
59793300
59793400
59793501
59793600
59793700
59793800
59793900
59794000
59794100
59794200
59794300
59794400
59794500
59794600
59794700
59794800
59794899
59795000
59795100
59795200
59795300
59795400
59795500
59795600
59795700
59795800
59795900
59796000
59796100
59796200
59796300
59796400
59796500
59796599
59796700
59796800
59796899
59797000
59797100
59797199
59797300
59797400
59797499
59797600
59797700
59797799
59797900
59797999
59798099
59798200
59798299
59798400
59798500
59798599
59798700
59798800
59798899
59799000
59799100
59799199
59799300
59799399
59799499
59799600
59799699
59799799
59799900
59799999
59800099
59800200
59800299
59800399
59800500
59800599
59800699
59800800
59800899
59800999
59801100
59801199
59801299
59801399
59801499
59801600
59801699
59801799
59801900
59801999
59802099
59802200
59802299
59802399
59802499
59802599
59802699
59802799
59802899
59802999
59803099
59803199
59803299
59803399
59803499
59803599
59803699
59803799
59803899
59803999
59804099
59804198
59804299
59804399
59804498
59804599
59804699
59804798
59804899
59804999
59805099
59805199
59805298
59805399
59805499
59805602
59805699
59805799
59805898
59805999
59806099
59806198
59806299
59806399
59806498
59806599
59806699
59806798
59806899
59806998
59807098
59807199
59807298
59807398
59807499
59807598
59807698
59807799
59807898
59807998
59808099
59808198
59808299
59808399
59808498
59808599
59808699
59808798
59808899
59808998
59809098
59809199
59809298
59809401
59809499
59809598
59809698
59809799
59809898
59809998
59810098
59810198
59810298
59810398
59810498
59810598
59810698
59810798
59810898
59810998
59811098
59811198
59811298
59811398
59811499
59811598
59811698
59811798
59811898
59811998
59812098
59812198
59812298
59812398
59812498
59812598
59812698
59812798
59812898
59812998
59813098
59813197
59813298
59813398
59813497
59813598
59813698
59813797
59813898
59813998
59814097
59814198
59814298
59814397
59814499
59814597
59814697
59814798
59814897
59814998
59815098
59815197
59815298
59815398
59815497
59815598
59815698
59815797
59815898
59815998
59816097
59816198
59816397
59816498
59816597
59816697
59816798
59816897
59816997
59817098
59817197
59817297
59817398
59817497
59817597
59817697
59817797
59817897
59817997
59818097
59818198
59818297
59818397
59818498
59818597
59818697
59818798
59818897
59818997
59819097
59819197
59819297
59819397
59819497
59819597
59819697
59819797
59819897
59819997
59820097
59820197
59820297
59820397
59820497
59820597
59820697
59820796
59820897
59820997
59821096
59821197
59821297
59821396
59821497
59821597
59821697
59821797
59821897
59821997
59822097
59822196
59822297
59822397
59822496
59822597
59822697
59822796
59822897
59822997
59823096
59823197
59823297
59823396
59823497
59823597
59823696
59823797
59823896
59823996
59824097
59824196
59824296
59824397
59824496
59824596
59824697
59824796
59824897
59824997
59825096
59825197
59825296
59825396
59825497
59825596
59825696
59825797
59825896
59825996
59826097
59826196
59826296
59826397
59826496
59826596
59826697
59826796
59826896
59826996
59827096
59827196
59827296
59827396
59827496
59827596
59827696
59827796
59827896
59827996
59828097
59828196
59828296
59828396
59828496
59828596
59828696
59828796
59828896
59828996
59829096
59829196
59829296
59829396
59829496
59829596
59829696
59829796
59829896
59829996
59830095
59830196
59830296
59830395
59830498
59830596
59830695
59830796
59830896
59830995
59831096
59831196
59831296
59831396
59831497
59831596
59831696
59831795
59831896
59831996
59832095
59832196
59832296
59832395
59832496
59832596
59832695
59832796
59832895
59832995
59833096
59833195
59833295
59833434
59833495
59833600
59833696
59833795
59833895
59833996
59834095
59834195
59834296
59834395
59834496
59834596
59834695
59834796
59834895
59834995
59835096
59835195
59835295
59835396
59835497
59835595
59835696
59835795
59835895
59835995
59836095
59836195
59836295
59836395
59836495
59836595
59836695
59836795
59836895
59836995
59837095
59837195
59837295
59837394
59837495
59837595
59837694
59837795
59837895
59837995
59838095
59838195
59838295
59838395
59838495
59838595
59838695
59838794
59838895
59838995
59839094
59839195
59839295
59839394
59839495
59839595
59839694
59839795
59839895
59839994
59840095
59840195
59840294
59840395
59840495
59840594
59840695
59840794
59840894
59840995
59841094
59841195
59841295
59841394
59841495
59841595
59841694
59841795
59841895
59841994
59842095
59842194
59842294
59842395
59842494
59842594
59842695
59842794
59842894
59842995
59843094
59843194
59843295
59843394
59843494
59843594
59843694
59843794
59843894
59843994
59844094
59844194
59844304
59844395
59844494
59844594
59844695
59844794
59844894
59844995
59845094
59845194
59845294
59845394
59845494
59845596
59845694
59845794
59845894
59845994
59846094
59846194
59846294
59846494
59846594
59846693
59846794
59846894
59846993
59847094
59847194
59847293
59847394
59847494
59847593
59847694
59847794
59847894
59847994
59848093
59848194
59848294
59848393
59848494
59848594
59848693
59848794
59848894
59848993
59849094
59849194
59849293
59849394
59849494
59849593
59849694
59849793
59849893
59849994
59850093
59850193
59850294
59850393
59850493
59850594
59850693
59850793
59850894
59850993
59851094
59851193
59851293
59851394
59851493
59851593
59851694
59851793
59851893
59851994
59852093
59852193
59852294
59852393
59852493
59852594
59852693
59852793
59852893
59852993
59853093
59853193
59853293
59853393
59853493
59853593
59853693
59853793
59853893
59853993
59854093
59854193
59854292
59854393
59854493
59854593
59854693
59854793
59854893
59854993
59855093
59855193
59855293
59855393
59855493
59855593
59855692
59855793
59855893
59855992
59856093
59856193
59856292
59856393
59856493
59856592
59856693
59856793
59856892
59856993
59857093
59857192
59857293
59857393
59857492
59857593
59857692
59857793
59857893
59857992
59858093
59858193
59858292
59858393
59858493
59858592
59858693
59858792
59858892
59858993
59859092
59859192
59859293
59859392
59859492
59859593
59859692
59859792
59859893
59859992
59860092
59860193
59860292
59860392
59860492
59860592
59860692
59860792
59860892
59860993
59861092
59861192
59861293
59861392
59861492
59861593
59861692
59861792
59861892
59861992
59862092
59862192
59862292
59862392
59862492
59862592
59862692
59862792
59862892
59862992
59863092
59863192
59863392
59863492
59863591
59863692
59863792
59863891
59863992
59864092
59864192
59864292
59864392
59864492
59864592
59864692
59864792
59864892
59864992
59865092
59865192
59865291
59865392
59865492
59865591
59865692
59865792
59865891
59865992
59866092
59866191
59866292
59866395
59866491
59866592
59866691
59866791
59866892
59866991
59867091
59867192
59867295
59867392
59867492
59867591
59867692
59867792
59867891
59867992
59868091
59868191
59868292
59868391
59868491
59868592
59868691
59868791
59868892
59868991
59869091
59869192
59869291
59869391
59869497
59869591
59869691
59869791
59869891
59869991
59870091
59870191
59870291
59870391
59870491
59870592
59870698
59870791
59870891
59870991
59871091
59871191
59871291
59871391
59871491
59871591
59871691
59871791
59871891
59871991
59872091
59872191
59872291
59872391
59872491
59872591
59872691
59872791
59872890
59872991
59873091
59873190
59873291
59873391
59873490
59873591
59873691
59873790
59873891
59873990
59874091
59874191
59874290
59874391
59874491
59874590
59874691
59874791
59874890
59874991
59875091
59875190
59875291
59875391
59875492
59875591
59875690
59875790
59875891
59875990
59876090
59876191
59876292
59876390
59876491
59876590
59876690
59876791
59876890
59876990
59877090
59877190
59877291
59877390
59877490
59877591
59877690
59877790
59877891
59877990
59878090
59878191
59878290
59878390
59878490
59878590
59878690
59878790
59878890
59878990
59879090
59879190
59879290
59879390
59879490
59879590
59879690
59879790
59879890
59879990
59880090
59880189
59880294
59880390
59880489
59880590
59880690
59880790
59880890
59880990
59881090
59881190
59881290
59881390
59881490
59881589
59881690
59881790
59881889
59881990
59882090
59882189
59882290
59882390
59882493
59882590
59882690
59882789
59882890
59882990
59883089
59883190
59883289
59883389
59883490
59883589
59883689
59883790
59883889
59884090
59884189
59884290
59884390
59884489
59884590
59884689
59884789
59884890
59884989
59885089
59885190
59885289
59885389
59885490
59885589
59885689
59885791
59885889
59885989
59886090
59886189
59886289
59886389
59886489
59886589
59886689
59886789
59886889
59886989
59887089
59887190
59887289
59887389
59887490
59887589
59887689
59887789
59887889
59887989
59888089
59888189
59888289
59888389
59888489
59888589
59888689
59888789
59888889
59888989
59889089
59889188
59889289
59889389
59889488
59889589
59889689
59889788
59889889
59889989
59890088
59890189
59890289
59890392
59890489
59890589
59890689
59890789
59890888
59890989
59891188
59891289
59891389
59891488
59891589
59891689
59891788
59891889
59891989
59892088
59892189
59892288
59892388
59892489
59892588
59892688
59892789
59892888
59892988
59893089
59893188
59893288
59893389
59893488
59893588
59893688
59893788
59893889
59893988
59894088
59894189
59894288
59894388
59894490
59894588
59894688
59894789
59894888
59894988
59895088
59895188
59895288
59895388
59895488
59895588
59895688
59895788
59895888
59895988
59896088
59896188
59896288
59896393
59896488
59896588
59896688
59896787
59896888
59896988
59897088
59897188
59897288
59897388
59897488
59897588
59897688
59897788
59897888
59897988
59898088
59898188
59898292
59898388
59898487
59898588
59898688
59898888
59898988
59899087
59899188
59899288
59899387
59899488
59899588
59899687
59899788
59899887
59899987
59900088
59900187
59900288
59900388
59900487
59900588
59900688
59900787
59900888
59900988
59901087
59901188
59901288
59901387
59901488
59901587
59901687
59901788
59901887
59901987
59902088
59902187
59902287
59902388
59902487
59902587
59902688
59902787
59902887
59902987
59903087
59903187
59903287
59903488
59903587
59903687
59903788
59903887
59903987
59904088
59904187
59904287
59904391
59904487
59904587
59904687
59904787
59904887
59904987
59905087
59905187
59905287
59905387
59905487
59905587
59905687
59905787
59905887
59905987
59906086
59906187
59906287
59906386
59906487
59906587
59906686
59906787
59906887
59906987
59907087
59907187
59907287
59907387
59907486
59907587
59907687
59907786
59907887
59907987
59908086
59908187
59908287
59908386
59908487
59908587
59908686
59908887
59908986
59909087
59909186
59909292
59909387
59909486
59909586
59909687
59909786
59909886
59909987
59910086
59910187
59910287
59910386
59910487
59910586
59910686
59910787
59910886
59910986
59911087
59911186
59911286
59911390
59911486
59911586
59911687
59911786
59911886
59911986
59912086
59912186
59912287
59912386
59912486
59912586
59912686
59912786
59912886
59912986
59913086
59913186
59913288
59913387
59913486
59913586
59913686
59913786
59913886
59913986
59914086
59914186
59914286
59914386
59914486
59914586
59914686
59914786
59914886
59914986
59915085
59915186
59915286
59915385
59915486
59915586
59915685
59915786
59915886
59915985
59916086
59916285
59916386
59916486
59916585
59916686
59916785
59916886
59916986
59917085
59917286
59917385
59917486
59917586
59917685
59917786
59917886
59917985
59918086
59918185
59918285
59918386
59918485
59918585
59918686
59918785
59918885
59918986
59919085
59919185
59919286
59919385
59919485
59919586
59919685
59919785
59919885
59919985
59920086
59920185
59920285
59920386
59920485
59920590
59920686
59920785
59920885
59920986
59921085
59921185
59921285
59921385
59921490
59921585
59921685
59921785
59921885
59921985
59922085
59922185
59922285
59922385
59922485
59922585
59922684
59922785
59922885
59922984
59923085
59923185
59923284
59923385
59923486
59923585
59923685
59923785
59923885
59923985
59924085
59924185
59924285
59924384
59924485
59924585
59924684
59924785
59924885
59924984
59925085
59925185
59925284
59925385
59925485
59925584
59925685
59925784
59925884
59925985
59926084
59926184
59926285
59926384
59926484
59926585
59926684
59926785
59926885
59926984
59927085
59927184
59927284
59927385
59927484
59927584
59927685
59927784
59927884
59927985
59928084
59928184
59928285
59928384
59928484
59928585
59928684
59928784
59928884
59928984
59929084
59929184
59929284
59929384
59929484
59929584
59929684
59929784
59929884
59929985
59930084
59930184
59930285
59930384
59930484
59930584
59930684
59930784
59930884
59930984
59931084
59931184
59931284
59931384
59931484
59931584
59931684
59931784
59931884
59931983
59932084
59932184
59932283
59932384
59932484
59932583
59932684
59932784
59932883
59932984
59933084
59933184
59933284
59933383
59933484
59933584
59933683
59933784
59933884
59933983
59934084
59934184
59934283
59934384
59934484
59934583
59934684
59934784
59934883
59934984
59935083
59935183
59935284
59935383
59935483
59935584
59935683
59935783
59935884
59935983
59936083
59936184
59936283
59936384
59936483
59936583
59936684
59936783
59936883
59936984
59937083
59937183
59937284
59937383
59937483
59937584
59937683
59937783
59937883
59937983
59938083
59938183
59938283
59938383
59938483
59938583
59938683
59938783
59938883
59938983
59939083
59939183
59939283
59939383
59939483
59939582
59939683
59939783
59939883
59939983
59940083
59940183
59940283
59940383
59940483
59940583
59940683
59940783
59940883
59940982
59941083
59941183
59941291
59941383
59941483
59941583
59941683
59941783
59941882
59941983
59942083
59942182
59942283
59942383
59942482
59942583
59942682
59942782
59942883
59942982
59943083
59943183
59943282
59943383
59943483
59943582
59943683
59943783
59943882
59943983
59944083
59944182
59944283
59944382
59944482
59944583
59944682
59944782
59944883
59944982
59945082
59945183
59945282
59945382
59945483
59945582
59945682
59945782
59945882
59945982
59946082
59946182
59946283
59946382
59946482
59946583
59946682
59946782
59946883
59946982
59947082
59947182
59947282
59947387
59947482
59947582
59947682
59947782
59947882
59947982
59948082
59948182
59948282
59948382
59948482
59948582
59948682
59948782
59948881
59948982
59949082
59949181
59949282
59949382
59949487
59949582
59949682
59949782
59949882
59949982
59950082
59950182
59950282
59950382
59950482
59950581
59950682
59950782
59950881
59950982
59951082
59951181
59951282
59951382
59951481
59951582
59951682
59951781
59951882
59951981
59952081
59952182
59952281
59952381
59952482
59952581
59952681
59952782
59952881
59952982
59953082
59953181
59953282
59953381
59953481
59953582
59953681
59953781
59953882
59953981
59954081
59954182
59954281
59954381
59954482
59954581
59954681
59954781
59954881
59954981
59955081
59955181
59955281
59955381
59955481
59955581
59955681
59955781
59955881
59955981
59956081
59956180
59956281
59956381
59956481
59956581
59956681
59956781
59956881
59956981
59957081
59957181
59957281
59957381
59957481
59957581
59957681
59957781
59957880
59957981
59958081
59958180
59958281
59958381
59958480
59958581
59958681
59958780
59958881
59958981
59959080
59959181
59959281
59959380
59959481
59959580
59959681
59959781
59959880
59959981
59960081
59960180
59960381
59960482
59960581
59960681
59960782
59960881
59960980
59961080
59961181
59961280
59961384
59961481
59961580
59961680
59961781
59961880
59961980
59962081
59962180
59962280
59962380
59962480
59962580
59962680
59962780
59962881
59962980
59963080
59963181
59963280
59963380
59963481
59963580
59963680
59963781
59963880
59963980
59964080
59964180
59964280
59964380
59964480
59964580
59964680
59964780
59964880
59964980
59965080
59965180
59965280
59965380
59965479
59965581
59965680
59965779
59965880
59965980
59966080
59966180
59966280
59966380
59966480
59966580
59966680
59966780
59966880
59966980
59967080
59967179
59967280
59967380
59967485
59967580
59967680
59967779
59967880
59967980
59968079
59968180
59968280
59968379
59968480
59968579
59968679
59968780
59968879
59968979
59969080
59969179
59969280
59969380
59969479
59969580
59969680
59969779
59969880
59969979
59970079
59970180
59970279
59970379
59970480
59970579
59970679
59970780
59970879
59970979
59971080
59971179
59971279
59971380
59971479
59971579
59971680
59971779
59971879
59971979
59972079
59972179
59972279
59972379
59972480
59972579
59972679
59972780
59972879
59972979
59973079
59973179
59973279
59973379
59973479
59973579
59973679
59973779
59973879
59973979
59974079
59974179
59974279
59974379
59974479
59974579
59974679
59974778
59974879
59974979
59975078
59975179
59975279
59975378
59975479
59975579
59975680
59975779
59975879
59975979
59976079
59976178
59976279
59976379
59976478
59976579
59976679
59976778
59976879
59976979
59977078
59977179
59977279
59977378
59977480
59977579
59977678
59977779
59977878
59977978
59978079
59978178
59978278
59978379
59978478
59978578
59978679
59978778
59978878
59978979
59979078
59979179
59979278
59979378
59979479
59979578
59979678
59979779
59979878
59979978
59980079
59980178
59980278
59980379
59980480
59980578
59980679
59980778
59980878
59980978
59981078
59981178
59981278
59981378
59981478
59981578
59981678
59981778
59981878
59981978
59982078
59982178
59982278
59982377
59982478
59982578
59982678
59982778
59982878
59982978
59983078
59983178
59983278
59983378
59983478
59983578
59983678
59983777
59983878
59983978
59984077
59984178
59984278
59984377
59984478
59984578
59984677
59984778
59984878
59984977
59985078
59985177
59985277
59985378
59985482
59985577
59985678
59985777
59985878
59985978
59986077
59986178
59986278
59986377
59986478
59986578
59986677
59986778
59986877
59986977
59987078
59987177
59987277
59987378
59987481
59987577
59987678
59987777
59987877
59987978
59988077
59988177
59988277
59988377
59988477
59988577
59988677
59988777
59988877
59988977
59989078
59989177
59989277
59989378
59989477
59989577
59989678
59989777
59989877
59989977
59990077
59990177
59990277
59990377
59990477
59990577
59990677
59990777
59990877
59990977
59991077
59991177
59991277
59991382
59991477
59991577
59991676
59991777
59991877
59991976
59992077
59992177
59992276
59992377
59992477
59992577
59992677
59992777
59992877
59992977
59993076
59993177
59993277
59993376
59993477
59993577
59993676
59993777
59993877
59993976
59994077
59994177
59994276
59994377
59994477
59994576
59994677
59994776
59994876
59994977
59995076
59995176
59995277
59995376
59995476
59995577
59995676
59995781
59995876
59995976
59996077
59996176
59996276
59996377
59996476
59996576
59996677
59996776
59996876
59996977
59997076
59997176
59997284
59997376
59997476
59997577
59997676
59997776
59997876
59997976
59998076
59998176
59998276
59998376
59998476
59998576
59998676
59998776
59998876
59998976
59999076
59999176
59999276
59999376
59999476
59999576
59999676
59999776
59999876
59999976
60000076
60000176
60000276
60000375
60000476
60000577
60000675
60000776
60000876
60000975
60001076
60001176
60001275
60001380
60001476
60001575
60001676
60001776
60001875
60001976
60002076
60002176
60002276
60002376
60002476
60002576
60002675
60002776
60002876
60002975
60003076
60003176
60003275
60003376
60003476
60003575
60003676
60003775
60003875
60003976
60004075
60004175
60004276
60004375
60004476
60004576
60004675
60004775
60004876
60004975
60005075
60005175
60005275
60005382
60005475
60005575
60005680
60005775
60005875
60005976
60006075
60006175
60006276
60006379
60006475
60006576
60006675
60006775
60006875
60006975
60007075
60007175
60007275
60007375
60007475
60007575
60007675
60007775
60007875
60007975
60008075
60008175
60008274
60008375
60008475
60008574
60008675
60008775
60008875
60008975
60009075
60009175
60009275
60009375
60009475
60009575
60009674
60009775
60009875
60009974
60010075
60010175
60010274
60010376
60010475
60010574
60010675
60010775
60010874
60010975
60011074
60011174
60011275
60011374
60011474
60011575
60011674
60011774
60011875
60011974
60012075
60012175
60012274
60012375
60012475
60012574
60012675
60012774
60012874
60012975
60013074
60013174
60013275
60013374
60013474
60013575
60013674
60013774
60013875
60013974
60014074
60014174
60014274
60014374
60014474
60014574
60014674
60014774
60014874
60014974
60015074
60015174
60015275
60015374
60015479
60015575
60015674
60015774
60015874
60015974
60016074
60016174
60016274
60016374
60016474
60016574
60016674
60016774
60016874
60016974
60017074
60017174
60017274
60017374
60017477
60017573
60017674
60017774
60017873
60017974
60018074
60018173
60018274
60018374
60018473
60018574
60018674
60018774
60018874
60018973
60019074
60019174
60019273
60019374
60019474
60019573
60019674
60019774
60019873
60019974
60020074
60020173
60020274
60020374
60020473
60020574
60020673
60020773
60020874
60020973
60021073
60021174
60021273
60021373
60021474
60021573
60021673
60021773
60021873
60021974
60022073
60022173
60022274
60022373
60022473
60022574
60022673
60022773
60022874
60022973
60023073
60023174
60023273
60023373
60023473
60023573
60023673
60023773
60023873
60023973
60024073
60024173
60024273
60024373
60024473
60024573
60024673
60024773
60024873
60024973
60025073
60025172
60025273
60025373
60025473
60025573
60025673
60025773
60025873
60025973
60026073
60026173
60026273
60026373
60026473
60026572
60026673
60026773
60026872
60026973
60027073
60027172
60027273
60027373
60027472
60027573
60027673
60027772
60027873
60027973
60028072
60028173
60028272
60028372
60028488
60028572
60028673
60028773
60028872
60028973
60029073
60029172
60029273
60029373
60029472
60029573
60029672
60029772
60029873
60029972
60030072
60030173
60030372
60030473
60030572
60030672
60030773
60030872
60030972
60031072
60031172
60031272
60031376
60031472
60031572
60031672
60031772
60031873
60031972
60032072
60032173
60032272
60032372
60032473
60032572
60032672
60032772
60032872
60032972
60033072
60033172
60033272
60033372
60033474
60033572
60033672
60033772
60033872
60033972
60034072
60034171
60034272
60034376
60034471
60034572
60034672
60034771
60034872
60034972
60035072
60035172
60035272
60035372
60035472
60035572
60035672
60035772
60035871
60035972
60036072
60036171
60036272
60036372
60036471
60036572
60036672
60036771
60036872
60036972
60037071
60037172
60037271
60037371
60037472
60037571
60037671
60037772
60037871
60037971
60038072
60038171
60038272
60038372
60038471
60038572
60038671
60038771
60038872
60038971
60039071
60039172
60039271
60039371
60039472
60039571
60039671
60039772
60039871
60039971
60040072
60040171
60040271
60040371
60040471
60040573
60040675
60040771
60040871
60040971
60041071
60041171
60041271
60041371
60041472
60041571
60041671
60041771
60041871
60041971
60042071
60042171
60042271
60042376
60042471
60042571
60042671
60042771
60042871
60042971
60043071
60043171
60043278
60043371
60043470
60043571
60043671
60043770
60043871
60043971
60044070
60044171
60044271
60044370
60044471
60044571
60044670
60044771
60044870
60044971
60045071
60045170
60045271
60045371
60045470
60045571
60045671
60045770
60045871
60045971
60046070
60046171
60046270
60046370
60046471
60046570
60046670
60046771
60046870
60046970
60047071
60047170
60047270
60047371
60047470
60047570
60047671
60047770
60047870
60047970
60048070
60048171
60048270
60048370
60048471
60048570
60048670
60048771
60048870
60048970
60049071
60049170
60049271
60049370
60049470
60049570
60049670
60049770
60049870
60049970
60050070
60050170
60050270
60050370
60050470
60050570
60050670
60050770
60050870
60050970
60051069
60051170
60051270
60051369
60051475
60051570
60051670
60051770
60051870
60051970
60052070
60052170
60052270
60052370
60052470
60052570
60052670
60052769
60052870
60052970
60053069
60053170
60053270
60053369
60053470
60053570
60053669
60053770
60053869
60053969
60054070
60054169
60054269
60054370
60054469
60054569
60054670
60054769
60054870
60054970
60055069
60055170
60055270
60055369
60055470
60055570
60055669
60055770
60055869
60055969
60056070
60056169
60056269
60056370
60056469
60056569
60056670
60056769
60056869
60056969
60057069
60057169
60057269
60057369
60057469
60057569
60057669
60057769
60057869
60057969
60058070
60058169
60058269
60058373
60058469
60058569
60058669
60058769
60058869
60058969
60059069
60059169
60059269
60059369
60059469
60059569
60059669
60059769
60059869
60059969
60060068
60060169
60060269
60060368
60060469
60060569
60060668
60060769
60060869
60060968
60061069
60061169
60061268
60061369
60061469
60061569
60061669
60061768
60061869
60061969
60062068
60062169
60062269
60062368
60062469
60062569
60062668
60062769
60062869
60062968
60063069
60063168
60063268
60063369
60063469
60063568
60063669
60063768
60063868
60063969
60064068
60064168
60064269
60064368
60064468
60064569
60064668
60064769
60064868
60064968
60065069
60065168
60065268
60065369
60065468
60065573
60065669
60065768
60065868
60065969
60066068
60066168
60066269
60066368
60066468
60066568
60066668
60066768
60066868
60066968
60067068
60067168
60067268
60067368
60067468
60067568
60067667
60067768
60067868
60067968
60068068
60068168
60068268
60068368
60068468
60068568
60068668
60068768
60068868
60068968
60069067
60069168
60069268
60069367
60069468
60069568
60069667
60069768
60069868
60069967
60070068
60070168
60070267
60070368
60070468
60070567
60070668
60070767
60070867
60070968
60071068
60071168
60071268
60071367
60071468
60071568
60071667
60071768
60071868
60071967
60072068
60072167
60072267
60072368
60072467
60072567
60072668
60072767
60072867
60072968
60073067
60073167
60073268
60073367
60073467
60073568
60073667
60073767
60073868
60073967
60074067
60074167
60074267
60074368
60074467
60074567
60074668
60074767
60074867
60074968
60075067
60075167
60075267
60075367
60075467
60075567
60075667
60075767
60075867
60075967
60076067
60076167
60076267
60076372
60076467
60076567
60076667
60076767
60076867
60076966
60077067
60077167
60077266
60077367
60077469
60077566
60077667
60077767
60077867
60077967
60078067
60078167
60078267
60078371
60078467
60078567
60078667
60078767
60078867
60078966
60079067
60079167
60079266
60079367
60079467
60079566
60079667
60079766
60079866
60079967
60080066
60080166
60080267
60080366
60080466
60080567
60080666
60080766
60080867
60080966
60081067
60081167
60081266
60081367
60081467
60081566
60081667
60081766
60081866
60082066
60082166
60082267
60082366
60082466
60082567
60082666
60082766
60082867
60082966
60083066
60083166
60083266
60083366
60083466
60083566
60083666
60083766
60083866
60083966
60084066
60084166
60084267
60084366
60084466
60084567
60084666
60084766
60084866
60084966
60085066
60085166
60085266
60085366
60085466
60085568
60085669
60085766
60085866
60085966
60086066
60086166
60086266
60086366
60086466
60086565
60086666
60086766
60086865
60086966
60087066
60087165
60087266
60087366
60087470
60087566
60087665
60087866
60087965
60088066
60088166
60088265
60088366
60088466
60088565
60088666
60088766
60088865
60088966
60089066
60089165
60089266
60089365
60089465
60089566
60089665
60089765
60089866
60089965
60090065
60090166
60090270
60090365
60090466
60090565
60090665
60090765
60090865
60090966
60091065
60091165
60091266
60091365
60091465
60091566
60091665
60091765
60091866
60091965
60092065
60092165
60092265
60092365
60092465
60092565
60092665
60092765
60092865
60092965
60093065
60093165
60093265
60093365
60093467
60093565
60093665
60093765
60093865
60093965
60094065
60094164
60094265
60094365
60094465
60094565
60094665
60094765
60094865
60094965
60095065
60095165
60095264
60095365
60095465
60095564
60095665
60095765
60095864
60095965
60096065
60096164
60096265
60096365
60096464
60096565
60096665
60096764
60096865
60096964
60097064
60097165
60097264
60097364
60097465
60097564
60097665
60097765
60097864
60097965
60098065
60098164
60098265
60098364
60098468
60098565
60098664
60098764
60098865
60098964
60099064
60099165
60099264
60099364
60099465
60099564
60099664
60099764
60099864
60099964
60100064
60100164
60100264
60100369
60100464
60100564
60100664
60100764
60100865
60100964
60101064
60101165
60101264
60101364
60101465
60101564
60101664
60101764
60101864
60101964
60102064
60102164
60102264
60102364
60102464
60102564
60102664
60102764
60102863
60102964
60103064
60103163
60103264
60103364
60103463
60103564
60103664
60103763
60103864
60103964
60104064
60104164
60104264
60104364
60104464
60104563
60104664
60104764
60104863
60104964
60105064
60105163
60105264
60105364
60105463
60105564
60105664
60105763
60105864
60105963
60106063
60106164
60106263
60106363
60106464
60106563
60106663
60106764
60106863
60106963
60107064
60107163
60107264
60107364
60107463
60107564
60107663
60107763
60107864
60107963
60108063
60108164
60108263
60108363
60108464
60108563
60108663
60108764
60108863
60108963
60109064
60109163
60109265
60109363
60109463
60109563
60109663
60109763
60109863
60109963
60110063
60110163
60110263
60110363
60110464
60110563
60110663
60110763
60110863
60110963
60111063
60111163
60111263
60111363
60111463
60111563
60111663
60111763
60111863
60111963
60112063
60112162
60112263
60112363
60112462
60112563
60112663
60112762
60112863
60112963
60113062
60113163
60113268
60113362
60113463
60113563
60113662
60113763
60113862
60113963
60114063
60114162
60114263
60114363
60114462
60114563
60114663
60114762
60114863
60114963
60115062
60115163
60115262
60115362
60115463
60115562
60115662
60115768
60115862
60115962
60116063
60116162
60116262
60116363
60116463
60116562
60116663
60116762
60116862
60116962
60117062
60117163
60117262
60117362
60117463
60117562
60117662
60117763
60117862
60117962
60118063
60118162
60118262
60118464
60118562
60118662
60118762
60118862
60118962
60119062
60119162
60119262
60119362
60119468
60119562
60119662
60119761
60119862
60119962
60120061
60120162
60120264
60120361
60120462
60120562
60120662
60120762
60120862
60120962
60121062
60121161
60121268
60121362
60121461
60121562
60121662
60121761
60121862
60121962
60122061
60122162
60122262
60122361
60122464
60122562
60122661
60122762
60122861
60122961
60123062
60123161
60123261
60123362
60123461
60123561
60123662
60123761
60123862
60123962
60124061
60124162
60124262
60124361
60124462
60124562
60124762
60124861
60124961
60125062
60125161
60125261
60125362
60125461
60125564
60125662
60125761
60125861
60125961
60126061
60126161
60126261
60126361
60126461
60126561
60126661
60126761
60126861
60126961
60127062
60127161
60127264
60127361
60127461
60127561
60127661
60127761
60127861
60127961
60128061
60128161
60128261
60128361
60128461
60128561
60128661
60128761
60128861
60128961
60129060
60129161
60129261
60129366
60129461
60129561
60129660
60129761
60129861
60129960
60130061
60130161
60130260
60130361
60130460
60130561
60130661
60130760
60130861
60130961
60131060
60131161
60131261
60131360
60131461
60131561
60131660
60131761
60131861
60131960
60132061
60132160
60132260
60132361
60132460
60132560
60132661
60132760
60132860
60132961
60133060
60133160
60133261
60133369
60133460
60133560
60133660
60133761
60133860
60133960
60134061
60134160
60134260
60134361
60134465
60134560
60134661
60134760
60134860
60134961
60135060
60135160
60135260
60135360
60135460
60135560
60135660
60135760
60135860
60135960
60136060
60136160
60136260
60136367
60136460
60136560
60136659
60136760
60136860
60136960
60137060
60137160
60137260
60137360
60137460
60137560
60137660
60137760
60137860
60137960
60138059
60138160
60138260
60138359
60138464
60138560
60138659
60138760
60138860
60138959
60139060
60139160
60139259
60139360
60139460
60139559
60139660
60139759
60139859
60139960
60140059
60140160
60140260
60140359
60140460
60140560
60140659
60140760
60140860
60140959
60141060
60141159
60141259
60141360
60141459
60141559
60141660
60141759
60141859
60141960
60142059
60142159
60142260
60142359
60142459
60142560
60142659
60142759
60142859
60142959
60143059
60143159
60143259
60143360
60143459
60143559
60143660
60143759
60143859
60143960
60144059
60144159
60144259
60144363
60144459
60144559
60144659
60144759
60144859
60144959
60145059
60145159
60145259
60145359
60145461
60145559
60145658
60145759
60145859
60145958
60146059
60146159
60146260
60146359
60146459
60146558
60146659
60146759
60146859
60146959
60147059
60147159
60147259
60147359
60147459
60147559
60147658
60147759
60147859
60147958
60148059
60148159
60148258
60148359
60148459
60148558
60148659
60148759
60148858
60148959
60149058
60149158
60149259
60149358
60149458
60149559
60149658
60149758
60149859
60149958
60150059
60150159
60150258
60150359
60150458
60150558
60150659
60150758
60150858
60150959
60151058
60151158
60151259
60151358
60151458
60151559
60151658
60151758
60151858
60151958
60152058
60152158
60152258
60152358
60152458
60152558
60152658
60152758
60152858
60152958
60153058
60153158
60153257
60153358
60153458
60153558
60153658
60153758
60153858
60153958
60154058
60154158
60154258
60154358
60154458
60154558
60154658
60154758
60154858
60154958
60155058
60155158
60155257
60155358
60155458
60155557
60155658
60155758
60155857
60155958
60156058
60156157
60156258
60156361
60156457
60156558
60156657
60156758
60156858
60156957
60157058
60157158
60157257
60157358
60157458
60157557
60157658
60157758
60157857
60157958
60158058
60158157
60158258
60158357
60158457
60158558
60158657
60158757
60158858
60158957
60159057
60159158
60159257
60159357
60159457
60159557
60159657
60159757
60159857
60159958
60160057
60160157
60160258
60160357
60160457
60160558
60160657
60160757
60160857
60160957
60161057
60161157
60161257
60161357
60161457
60161557
60161657
60161757
60161857
60161957
60162057
60162157
60162257
60162357
60162457
60162557
60162657
60162757
60162856
60162957
60163057
60163156
60163257
60163357
60163457
60163557
60163657
60163757
60163857
60163956
60164057
60164157
60164256
60164357
60164457
60164556
60164657
60164757
60164856
60164957
60165057
60165156
60165257
60165357
60165456
60165557
60165656
60165756
60165857
60165956
60166056
60166157
60166256
60166356
60166457
60166556
60166657
60166757
60166856
60166957
60167156
60167257
60167361
60167456
60167557
60167656
60167756
60167857
60167956
60168056
60168157
60168258
60168356
60168457
60168556
60168656
60168756
60168856
60168956
60169056
60169156
60169256
60169358
60169456
60169556
60169656
60169756
60169956
60170056
60170157
60170256
60170356
60170456
60170556
60170656
60170856
60170956
60171056
60171156
60171256
60171356
60171456
60171556
60171656
60171756
60171855
60171956
60172056
60172155
60172256
60172356
60172455
60172556
60172656
60172755
60172856
60172956
60173056
60173156
60173255
60173356
60173456
60173555
60173656
60173756
60173855
60173956
60174056
60174155
60174256
60174356
60174455
60174556
60174656
60174755
60174856
60174955
60175055
60175156
60175255
60175355
60175456
60175555
60175655
60175756
60175855
60175955
60176056
60176155
60176256
60176355
60176455
60176556
60176655
60176755
60176856
60176955
60177055
60177156
60177255
60177355
60177456
60177555
60177655
60177756
60177855
60177955
60178055
60178155
60178255
60178358
60178455
60178555
60178655
60178755
60178855
60178955
60179055
60179155
60179255
60179355
60179454
60179555
60179655
60179755
60179855
60179955
60180055
60180155
60180255
60180355
60180458
60180555
60180655
60180755
60180854
60180955
60181055
60181154
60181255
60181355
60181454
60181555
60181655
60181754
60181855
60181955
60182054
60182155
60182255
60182354
60182455
60182554
60182654
60182755
60182854
60182955
60183055
60183154
60183255
60183355
60183454
60183555
60183655
60183754
60183855
60183954
60184054
60184155
60184254
60184354
60184455
60184554
60184654
60184755
60184854
60184954
60185055
60185154
60185254
60185355
60185454
60185554
60185655
60185754
60185854
60185954
60186054
60186155
60186254
60186357
60186455
60186554
60186654
60186755
60186854
60186954
60187054
60187154
60187254
60187354
60187454
60187554
60187654
60187754
60187854
60187954
60188054
60188154
60188254
60188355
60188454
60188554
60188654
60188753
60188854
60188954
60189053
60189154
60189254
60189353
60189454
60189554
60189654
60189754
60189854
60189954
60190054
60190153
60190254
60190354
60190453
60190554
60190654
60190753
60190854
60190954
60191053
60191154
60191255
60191353
60191454
60191554
60191653
60191754
60191853
60191953
60192054
60192153
60192253
60192354
60192453
60192553
60192654
60192753
60192854
60192954
60193053
60193154
60193254
60193353
60193454
60193553
60193653
60193754
60193853
60193953
60194054
60194153
60194253
60194354
60194458
60194553
60194653
60194753
60194853
60194953
60195053
60195153
60195253
60195353
60195453
60195553
60195654
60195753
60195853
60195953
60196054
60196153
60196253
60196353
60196453
60196553
60196653
60196753
60196853
60196953
60197053
60197153
60197256
60197353
60197453
60197553
60197653
60197752
60197853
60197953
60198052
60198153
60198253
60198352
60198453
60198553
60198652
60198753
60198853
60198952
60199053
60199153
60199252
60199353
60199452
60199553
60199653
60199752
60199853
60199953
60200052
60200153
60200253
60200352
60200553
60200652
60200753
60200853
60200952
60201053
60201152
60201252
60201353
60201452
60201552
60201653
60201752
60201852
60201953
60202052
60202152
60202253
60202352
60202452
60202552
60202652
60202753
60202852
60202952
60203053
60203152
60203252
60203353
60203457
60203552
60203653
60203752
60203852
60203952
60204052
60204152
60204252
60204352
60204452
60204552
60204652
60204752
60204852
60204952
60205052
60205152
60205252
60205351
60205452
60205552
60205651
60205752
60205852
60205952
60206052
60206152
60206252
60206352
60206452
60206552
60206652
60206752
60206852
60206952
60207051
60207152
60207252
60207351
60207452
60207552
60207651
60207752
60207852
60207951
60208052
60208152
60208251
60208352
60208452
60208551
60208652
60208851
60208952
60209051
60209152
60209252
60209351
60209452
60209552
60209651
60209752
60209852
60209951
60210052
60210151
60210251
60210352
60210451
60210551
60210652
60210751
60210851
60210952
60211051
60211151
60211252
60211351
60211451
60211552
60211651
60211751
60211851
60211951
60212051
60212151
60212251
60212352
60212451
60212551
60212652
60212751
60212851
60212952
60213051
60213151
60213251
60213351
60213451
60213551
60213651
60213751
60213851
60213951
60214051
60214151
60214251
60214351
60214451
60214551
60214650
60214751
60214851
60214950
60215051
60215151
60215250
60215351
60215451
60215550
60215652
60215751
60215851
60215951
60216051
60216151
60216251
60216356
60216451
60216551
60216650
60216751
60216851
60216950
60217051
60217151
60217250
60217351
60217451
60217550
60217651
60217750
60217850
60217951
60218050
60218150
60218251
60218350
60218450
60218551
60218650
60218750
60218851
60218950
60219051
60219151
60219253
60219351
60219450
60219550
60219651
60219750
60219850
60219951
60220050
60220150
60220251
60220350
60220450
60220551
60220650
60220750
60220850
60220950
60221050
60221150
60221250
60221350
60221450
60221550
60221650
60221750
60221850
60221950
60222050
60222150
60222249
60222351
60222450
60222550
60222650
60222750
60222850
60222950
60223050
60223150
60223250
60223350
60223450
60223550
60223650
60223750
60223850
60223949
60224050
60224150
60224249
60224450
60224549
60224650
60224750
60224849
60224950
60225050
60225149
60225250
60225349
60225449
60225550
60225649
60225750
60225850
60225949
60226050
60226150
60226249
60226350
60226450
60226549
60226650
60226750
60226849
60226950
60227049
60227149
60227252
60227349
60227449
60227550
60227649
60227749
60227850
60227949
60228049
60228150
60228249
60228349
60228449
60228549
60228649
60228749
60228849
60228950
60229049
60229149
60229250
60229349
60229449
60229550
60229649
60229749
60229849
60229949
60230049
60230149
60230249
60230349
60230449
60230549
60230649
60230749
60230849
60230949
60231049
60231149
60231249
60231351
60231449
60231549
60231649
60231749
60231848
60231949
60232049
60232148
60232249
60232349
60232449
60232549
60232649
60232749
60232849
60232948
60233049
60233149
60233248
60233349
60233449
60233548
60233649
60233749
60233848
60233949
60234049
60234148
60234249
60234349
60234448
60234549
60234648
60234748
60234849
60234948
60235048
60235149
60235248
60235348
60235454
60235548
60235656
60235749
60235848
60235949
60236048
60236148
60236249
60236348
60236448
60236549
60236648
60236748
60236849
60236948
60237048
60237149
60237248
60237348
60237449
60237548
60237648
60237748
60237848
60237948
60238048
60238148
60238248
60238349
60238448
60238548
60238648
60238748
60238849
60239048
60239149
60239248
60239348
60239448
60239548
60239648
60239748
60239848
60239948
60240048
60240148
60240248
60240348
60240448
60240548
60240650
60240748
60240847
60240948
60241048
60241147
60241248
60241348
60241447
60241548
60241648
60241747
60241848
60241948
60242048
60242148
60242248
60242348
60242448
60242547
60242648
60242748
60242847
60242948
60243048
60243147
60243248
60243348
60243447
60243548
60243647
60243747
60243848
60243947
60244047
60244148
60244247
60244347
60244448
60244547
60244647
60244748
60244847
60244947
60245048
60245147
60245248
60245347
60245452
60245548
60245647
60245747
60245848
60245947
60246047
60246148
60246247
60246347
60246448
60246547
60246647
60246748
60246847
60246947
60247047
60247147
60247248
60247347
60247447
60247547
60247647
60247747
60247847
60247947
60248047
60248147
60248260
60248347
60248446
60248547
60248647
60248747
60248847
60248947
60249047
60249147
60249247
60249347
60249447
60249547
60249647
60249747
60249847
60249947
60250047
60250146
60250247
60250347
60250446
60250547
60250647
60250746
60250847
60250947
60251147
60251247
60251346
60251447
60251547
60251646
60251747
60251846
60251947
60252047
60252146
60252247
60252347
60252446
60252547
60252647
60252746
60252847
60252946
60253046
60253147
60253246
60253346
60253447
60253546
60253646
60253747
60253846
60253946
60254047
60254146
60254246
60254347
60254446
60254546
60254647
60254746
60254846
60254946
60255046
60255147
60255246
60255346
60255447
60255546
60255646
60255747
60255846
60255946
60256046
60256146
60256246
60256346
60256446
60256546
60256646
60256746
60256846
60256946
60257046
60257146
60257246
60257346
60257445
60257546
60257646
60257745
60257846
60257946
60258045
60258146
60258246
60258348
60258446
60258546
60258646
60258746
60258846
60258946
60259046
60259145
60259246
60259346
60259445
60259546
60259646
60259745
60259846
60259946
60260045
60260146
60260246
60260345
60260446
60260546
60260645
60260746
60260845
60260945
60261046
60261145
60261245
60261346
60261445
60261545
60261646
60261745
60261846
60261946
60262045
60262146
60262245
60262345
60262446
60262545
60262645
60262746
60262845
60262945
60263046
60263145
60263245
60263346
60263445
60263545
60263646
60263745
60263845
60263945
60264045
60264145
60264245
60264345
60264445
60264545
60264645
60264745
60264845
60264945
60265046
60265145
60265245
60265345
60265445
60265545
60265645
60265745
60265845
60265945
60266045
60266145
60266245
60266345
60266445
60266545
60266645
60266745
60266845
60266945
60267044
60267145
60267245
60267344
60267445
60267545
60267644
60267745
60267845
60267944
60268045
60268144
60268254
60268345
60268444
60268545
60268645
60268744
60268845
60268945
60269044
60269145
60269245
60269344
60269445
60269545
60269644
60269745
60269845
60269944
60270045
60270144
60270244
60270345
60270445
60270544
60270645
60270744
60270844
60270945
60271044
60271144
60271244
60271344
60271444
60271544
60271644
60271745
60271844
60271944
60272045
60272144
60272244
60272345
60272444
60272544
60272645
60272744
60272844
60272944
60273044
60273144
60273244
60273344
60273444
60273544
60273644
60273744
60273844
60273944
60274044
60274144
60274244
60274344
60274444
60274544
60274644
60274744
60274844
60274944
60275044
60275144
60275244
60275344
60275444
60275544
60275649
60275744
60275844
60275944
60276043
60276144
60276343
60276444
60276544
60276643
60276744
60276844
60277044
60277144
60277243
60277344
60277443
60277543
60277644
60277743
60277843
60277944
60278043
60278144
60278244
60278343
60278444
60278544
60278643
60278744
60278843
60278943
60279044
60279143
60279243
60279344
60279443
60279543
60279644
60279743
60279843
60279944
60280043
60280143
60280244
60280343
60280443
60280543
60280643
60280743
60280843
60280943
60281043
60281143
60281243
60281344
60281443
60281543
60281644
60281743
60281843
60281944
60282043
60282143
60282244
60282343
60282443
60282543
60282643
60282743
60282843
60282943
60283043
60283143
60283243
60283343
60283443
60283543
60283642
60283743
60283843
60283942
60284043
60284143
60284242
60284343
60284542
60284643
60284743
60284843
60284943
60285043
60285143
60285243
60285342
60285443
60285543
60285647
60285743
60285843
60285942
60286043
60286143
60286242
60286343
60286443
60286544
60286643
60286742
60286842
60286943
60287042
60287142
60287243
60287342
60287442
60287543
60287642
60287742
60287843
60287942
60288043
60288142
60288242
60288343
60288442
60288542
60288643
60288742
60288842
60288943
60289042
60289142
60289246
60289342
60289442
60289543
60289642
60289742
60289843
60289942
60290042
60290142
60290242
60290342
60290442
60290544
60290642
60290742
60290842
60290942
60291042
60291142
60291241
60291342
60291442
60291542
60291642
60291742
60291842
60291942
60292042
60292142
60292242
60292342
60292442
60292542
60292642
60292742
60292842
60292941
60293042
60293142
60293241
60293342
60293442
60293541
60293642
60293742
60293841
60293942
60294042
60294141
60294242
60294341
60294441
60294542
60294641
60294742
60294842
60294941
60295042
60295241
60295342
60295442
60295546
60295642
60295742
60295841
60295942
60296041
60296141
60296242
60296342
60296441
60296542
60296641
60296741
60296842
60296941
60297041
60297142
60297241
60297341
60297442
60297541
60297641
60297741
60297841
60297942
60298041
60298141
60298242
60298341
60298441
60298542
60298641
60298741
60298841
60298941
60299041
60299141
60299241
60299341
60299445
60299541
60299641
60299741
60299841
60299941
60300041
60300141
60300244
60300341
60300441
60300540
60300641
60300741
60300840
60300941
60301041
60301140
60301241
60301341
60301441
60301541
60301641
60301741
60301841
60301940
60302041
60302141
