59402356
59402422
59402498
59402540
59403358
59403427
59403503
59403545
59404258
59404325
59404401
59404443
59405271
59405338
59405412
59405486
59405559
59405585
59405661
59405703
59406200
59406268
59406344
59406386
59407194
59407261
59407337
59407379
59408406
59408476
59408552
59408593
59409389
59409459
59409534
59409576
59410213
59410281
59410355
59410428
59410502
59410528
59410604
59410646
59411269
59411337
59411412
59411457
59412199
59412267
59412340
59412380
59413257
59413324
59413398
59413438
59414256
59414318
59414393
59414435
59415222
59415289
59415363
59415437
59415511
59415536
59415612
59415654
59416395
59416465
59416541
59416583
59417418
59417487
59417562
59417604
59418371
59418439
59418516
59418558
59419287
59419355
59419430
59419472
59420254
59420320
59420394
59420468
59420541
59420567
59420643
59420685
59421238
59421305
59421379
59421419
59422272
59422339
59422414
59422457
59423290
59423356
59423432
59423474
59424261
59424328
59424404
59424450
59425255
59425314
59425388
59425462
59425536
59425560
59425636
59425678
59426241
59426309
59426382
59426422
59427200
59427267
59427341
59427381
59428251
59428319
59428392
59428432
59429209
59429276
59429350
59429390
59430254
59430318
59430391
59430465
59430539
59430564
59430640
59430682
59431204
59431272
59431350
59431386
59432249
59432311
59432385
59432426
59433207
59433275
59433351
59433393
59434254
59434315
59434391
59434433
59435350
59435419
59435493
59435567
59435640
59435666
59435740
59435780
59436380
59436453
59436523
59436563
59437402
59437470
59437549
59437584
59438402
59438472
59438554
59438585
59439350
59439420
59439494
59439534
59440418
59440488
59440562
59440635
59440709
59440735
59440808
59440854
59441394
59441464
59441538
59441577
59442387
59442457
59442531
59442571
59443385
59443454
59443528
59443568
59444387
59444457
59444531
59444571
59445353
59445415
59445489
59445563
59445637
59445667
59445741
59445782
59446397
59446467
59446541
59446581
59447397
59447467
59447540
59447580
59448347
59448415
59448488
59448528
59449354
59449422
59449496
59449536
59450347
59450412
59450485
59450559
59450633
59450663
59450737
59450778
59451393
59451462
59451536
59451576
59452288
59452356
59452430
59452470
59453413
59453483
59453556
59453596
59454352
59454419
59454493
59454533
59455391
59455461
59455535
59455608
59455682
59455708
59455782
59455821
59456347
59456414
59456489
59456530
59457387
59457457
59457531
59457572
59458403
59458472
59458551
59458588
59459409
59459479
59459553
59459593
59460350
59460415
59460489
59460562
59460636
59460662
59460736
59460775
59461385
59461454
59461528
59461568
59462273
59462345
59462416
59462457
59463346
59463410
59463485
59463526
59464375
59464445
59464518
59464557
59465389
59465457
59465531
59465605
59465678
59465704
59465778
59465818
59466373
59466445
59466513
59466554
59467336
59467406
59467480
59467518
59468382
59468451
59468526
59468566
59469380
59469450
59469524
59469564
59470345
59470411
59470485
59470559
59470632
59470658
59470732
59470772
59471345
59471412
59471486
59471526
59472401
59472471
59472549
59472583
59473349
59473415
59473490
59473530
59474272
59474344
59474416
59474456
59475395
59475465
59475545
59475612
59475686
59475712
59475786
59475826
59476392
59476462
59476537
59476577
59477269
59477344
59477412
59477451
59478391
59478461
59478536
59478576
59479337
59479406
59479481
59479521
59480315
59480385
59480459
59480532
59480606
59480637
59480712
59480752
59481344
59481412
59481487
59481527
59482313
59482382
59482457
59482497
59483277
59483345
59483420
59483460
59484269
59484343
59484413
59484453
59485197
59485264
59485347
59485412
59485486
59485516
59485591
59485631
59486308
59486377
59486452
59486492
59487392
59487462
59487548
59487577
59488272
59488343
59488416
59488456
59489403
59489473
59489548
59489588
59490401
59490470
59490547
59490618
59490691
59490721
59490796
59490836
59491342
59491409
59491484
59491524
59492342
59492410
59492485
59492525
59493383
59493451
59493527
59493567
59494375
59494445
59494519
59494559
59495275
59495345
59495417
59495492
59495565
59495596
59495670
59495710
59496305
59496375
59496450
59496489
59497320
59497390
59497464
59497504
59498342
59498409
59498484
59498524
59499394
59499463
59499541
59499578
59500341
59500407
59500481
59500555
59500628
59500659
59500734
59500774
59501384
59501454
59501529
59501569
59502398
59502467
59502545
59502581
59503384
59503454
59503528
59503568
59504346
59504409
59504484
59504524
59505349
59505419
59505492
59505566
59505641
59505671
59505745
59505785
59506324
59506394
59506468
59506508
59507398
59507467
59507540
59507580
59508345
59508411
59508485
59508524
59509280
59509350
59509425
59509465
59510298
59510366
59510440
59510513
59510587
59510618
59510691
59510730
59511325
59511395
59511470
59511510
59512265
59512340
59512410
59512450
59513327
59513396
59513469
59513508
59514383
59514452
59514526
59514565
59515400
59515469
59515544
59515617
59515691
59515720
59515795
59515839
59516343
59516412
59516487
59516527
59517396
59517466
59517541
59517581
59518256
59518325
59518400
59518440
59519385
59519455
59519529
59519569
59520406
59520476
59520548
59520623
59520696
59520727
59520801
59520843
59521339
59521408
59521481
59521520
59522374
59522444
59522518
59522556
59523372
59523441
59523517
59523558
59524338
59524405
59524481
59524521
59525343
59525406
59525480
59525554
59525627
59525658
59525743
59525772
59526343
59526404
59526477
59526516
59527339
59527406
59527480
59527519
59528370
59528439
59528513
59528552
59529375
59529445
59529519
59529558
59530371
59530442
59530514
59530588
59530661
59530694
59530771
59530811
59531287
59531357
59531443
59531473
59532307
59532377
59532452
59532493
59533309
59533379
59533455
59533496
59534310
59534380
59534455
59534496
59535260
59535330
59535404
59535477
59535551
59535582
59535657
59535698
59536372
59536442
59536518
59536559
59537366
59537437
59537510
59537551
59538390
59538458
59538537
59538575
59539349
59539418
59539494
59539536
59540399
59540468
59540542
59540616
59540689
59540720
59540796
59540837
59541355
59541424
59541499
59541540
59542406
59542475
59542551
59542592
59543403
59543473
59543548
59543589
59544392
59544462
59544538
59544579
59545329
59545399
59545473
59545546
59545620
59545650
59545726
59545767
59546406
59546475
59546552
59546593
59547398
59547467
59547543
59547584
59548396
59548466
59548541
59548582
59549335
59549404
59549480
59549520
59550385
59550454
59550528
59550602
59550675
59550706
59550783
59550823
59551259
59551335
59551405
59551446
59552319
59552389
59552464
59552505
59553318
59553388
59553464
59553505
59554318
59554387
59554463
59554504
59555275
59555345
59555419
59555492
59555566
59555597
59555673
59555714
59556256
59556326
59556402
59556443
59557306
59557376
59557451
59557492
59558274
59558343
59558419
59558460
59559308
59559377
59559453
59559494
59560255
59560325
59560398
59560472
59560546
59560577
59560652
59560693
59561374
59561441
59561517
59561558
59562341
59562408
59562484
59562525
59563380
59563450
59563526
59563567
59564316
59564386
59564462
59564503
59565394
59565464
59565538
59565612
59565685
59565716
59565793
59565839
59566333
59566401
59566478
59566519
59567413
59567481
59567558
59567599
59568373
59568443
59568519
59568560
59569357
59569438
59569503
59569544
59570394
59570463
59570538
59570611
59570684
59570714
59570790
59570833
59571366
59571436
59571512
59571563
59572349
59572419
59572495
59572536
59573355
59573425
59573500
59573541
59574372
59574441
59574517
59574558
59575378
59575448
59575522
59575596
59575669
59575702
59575779
59575819
59576379
59576446
59576521
59576563
59577331
59577399
59577475
59577516
59578392
59578460
59578535
59578576
59579354
59579421
59579497
59579538
59580356
59580424
59580496
59580571
59580644
59580675
59580750
59580791
59581376
59581444
59581519
59581560
59582325
59582392
59582468
59582509
59583271
59583339
59583415
59583456
59584403
59584471
59584545
59584587
59585402
59585470
59585544
59585617
59585691
59585721
59585797
59585838
59586311
59586378
59586454
59586495
59587306
59587374
59587449
59587490
59588378
59588445
59588520
59588562
59589257
59589324
59589400
59589441
59590335
59590403
59590476
59590550
59590624
59590653
59590730
59590771
59591337
59591405
59591481
59591522
59592374
59592441
59592517
59592558
59593330
59593392
59593467
59593508
59594331
59594397
59594473
59594514
59595376
59595444
59595517
59595591
59595665
59595695
59595771
59595812
59596380
59596447
59596523
59596564
59597380
59597447
59597521
59597562
59598329
59598395
59598471
59598512
59599386
59599454
59599535
59599570
59600368
59600436
59600509
59600583
59600657
59600688
59600763
59600803
59601341
59601409
59601484
59601529
59602393
59602460
59602535
59602577
59603376
59603443
59603519
59603560
59604367
59604434
59604510
59604551
59605369
59605437
59605511
59605584
59605658
59605689
59605764
59605805
59606303
59606370
59606446
59606487
59607362
59607430
59607505
59607546
59608370
59608437
59608513
59608554
59609390
59609457
59609533
59609574
59610320
59610388
59610462
59610535
59610609
59610639
59610715
59610756
59611320
59611386
59611462
59611504
59612328
59612396
59612472
59612513
59613390
59613458
59613534
59613575
59614317
59614385
59614460
59614501
59615338
59615406
59615479
59615553
59615628
59615657
59615734
59615775
59616372
59616440
59616516
59616557
59617369
59617435
59617511
59617553
59618367
59618435
59618510
59618551
59619309
59619377
59619452
59619493
59620374
59620442
59620515
59620589
59620663
59620692
59620769
59620810
59621299
59621365
59621441
59621482
59622262
59622330
59622406
59622447
59623315
59623383
59623458
59623499
59624332
59624389
59624465
59624506
59625367
59625435
59625508
59625582
59625656
59625681
59625757
59625797
59626349
59626416
59626491
59626533
59627347
59627414
59627490
59627532
59628361
59628429
59628505
59628546
59629380
59629448
59629526
59629564
59630344
59630411
59630485
59630575
59630632
59630658
59630735
59630776
59631303
59631371
59631446
59631488
59632247
59632315
59632391
59632432
59633257
59633326
59633400
59633441
59634313
59634379
59634455
59634497
59635385
59635452
59635526
59635600
59635674
59635699
59635774
59635815
59636372
59636440
59636515
59636556
59637380
59637447
59637525
59637564
59638390
59638458
59638534
59638575
59639408
59639476
59639552
59639592
59640373
59640440
59640514
59640588
59640662
59640686
59640763
59640804
59641243
59641311
59641387
59641427
59642368
59642435
59642511
59642552
59643226
59643293
59643369
59643410
59644270
59644338
59644413
59644454
59645331
59645399
59645472
59645546
59645624
59645645
59645724
59645762
59646365
59646433
59646509
59646550
59647324
59647387
59647463
59647504
59648304
59648369
59648445
59648486
59649285
59649350
59649429
59649467
59650306
59650371
59650444
59650524
59650591
59650617
59650693
59650735
59651308
59651374
59651449
59651490
59652284
59652348
59652424
59652465
59653351
59653423
59653492
59653533
59654359
59654428
59654499
59654540
59655237
59655302
59655375
59655449
59655528
59655548
59655624
59655665
59656372
59656437
59656513
59656554
59657323
59657382
59657458
59657498
59658369
59658434
59658510
59658551
59659389
59659455
59659531
59659572
59660370
59660436
59660510
59660583
59660657
59660683
59660759
59660800
59661325
59661390
59661466
59661507
59662301
59662366
59662442
59662483
59663365
59663428
59663504
59663545
59664299
59664362
59664438
59664479
59665355
59665427
59665492
59665566
59665640
59665665
59665741
59665782
59666304
59666367
59666443
59666484
59667273
59667336
59667411
59667452
59668230
59668293
59668369
59668410
59669281
59669347
59669423
59669464
59670269
59670333
59670407
59670480
59670554
59670579
59670656
59670696
59671332
59671396
59671472
59671513
59672295
59672357
59672433
59672474
59673360
59673425
59673501
59673542
59674305
59674371
59674446
59674487
59675291
59675355
59675428
59675502
59675576
59675600
59675676
59675720
59676350
59676426
59676490
59676532
59677348
59677412
59677488
59677529
59678282
59678346
59678422
59678462
59679324
59679386
59679462
59679503
59680368
59680431
59680504
59680578
59680652
59680683
59680758
59680799
59681288
59681351
59681427
59681468
59682367
59682430
59682506
59682547
59683319
59683377
59683452
59683493
59684345
59684409
59684485
59684526
59685255
59685319
59685391
59685465
59685538
59685569
59685645
59685686
59686245
59686308
59686384
59686425
59687340
59687402
59687478
59687519
59688356
59688420
59688495
59688537
59689285
59689349
59689424
59689465
59690359
59690424
59690497
59690570
59690644
59690675
59690750
59690790
59691370
59691432
59691508
59691550
59692348
59692410
59692486
59692527
59693348
59693412
59693488
59693529
59694280
59694343
59694424
59694459
59695239
59695302
59695376
59695450
59695523
59695554
59695630
59695671
59696181
59696244
59696323
59696361
59697225
59697289
59697364
59697405
59698298
59698362
59698438
59698479
59699322
59699378
59699453
59699494
59700307
59700370
59700444
59700517
59700591
59700623
59700698
59700739
59701342
59701405
59701481
59701522
59702365
59702429
59702505
59702546
59703368
59703434
59703510
59703550
59704326
59704390
59704466
59704507
59705351
59705417
59705488
59705562
59705635
59705665
59705742
59705783
59706346
59706409
59706485
59706526
59707297
59707361
59707437
59707478
59708357
59708421
59708496
59708537
59709363
59709426
59709502
59709543
59710344
59710407
59710481
59710555
59710628
59710659
59710736
59710777
59711343
59711405
59711480
59711521
59712301
59712362
59712459
59712479
59713326
59713386
59713462
59713503
59714337
59714400
59714476
59714521
59715355
59715420
59715493
59715567
59715641
59715674
59715749
59715790
59716246
59716316
59716387
59716428
59717200
59717263
59717339
59717380
59718305
59718369
59718445
59718486
59719354
59719416
59719492
59719533
59720292
59720355
59720429
59720503
59720574
59720607
59720683
59720725
59721299
59721363
59721439
59721480
59722349
59722415
59722488
59722529
59723296
59723361
59723437
59723479
59724277
59724342
59724418
59724459
59725318
59725380
59725454
59725528
59725599
59725632
59725708
59725749
59726264
59726326
59726402
59726443
59727350
59727419
59727489
59727528
59728207
59728270
59728345
59728385
59729247
59729314
59729386
59729427
59730301
59730365
59730439
59730514
59730584
59730617
59730691
59730731
59731360
59731424
59731497
59731538
59732273
59732335
59732414
59732452
59733322
59733387
59733463
59733504
59734303
59734369
59734445
59734486
59735382
59735445
59735519
59735592
59735665
59735696
59735773
59735814
59736325
59736388
59736462
59736503
59737365
59737428
59737503
59737543
59738221
59738285
59738359
59738399
59739313
59739371
59739446
59739486
59740362
59740425
59740498
59740572
59740646
59740677
59740752
59740793
59741358
59741421
59741497
59741538
59742365
59742428
59742503
59742544
59743277
59743340
59743416
59743457
59744342
59744405
59744481
59744522
59745343
59745417
59745480
59745554
59745628
59745658
59745735
59745775
59746265
59746328
59746404
59746445
59747231
59747295
59747371
59747412
59748330
59748393
59748469
59748512
59749292
59749354
59749430
59749471
59750326
59750389
59750463
59750537
59750611
59750641
59750718
59750759
59751298
59751363
59751439
59751480
59752349
59752415
59752491
59752531
59753312
59753371
59753447
59753489
59754345
59754412
59754484
59754525
59755283
59755346
59755420
59755494
59755568
59755592
59755668
59755711
59756258
59756321
59756397
59756438
59757230
59757292
59757368
59757411
59758284
59758348
59758424
59758465
59759271
59759334
59759410
59759451
59760358
59760421
59760495
59760569
59760643
59760668
59760744
59760785
59761291
59761353
59761429
59761470
59762364
59762426
59762502
59762544
59763292
59763355
59763431
59763472
59764341
59764415
59764480
59764521
59765347
59765410
59765484
59765558
59765632
59765656
59765732
59765773
59766328
59766391
59766467
59766515
59767292
59767355
59767431
59767472
59768227
59768291
59768367
59768410
59769330
59769394
59769469
59769515
59770279
59770342
59770416
59770489
59770563
59770589
59770688
59770710
59771279
59771342
59771418
59771459
59772292
59772355
59772431
59772472
59773340
59773409
59773481
59773522
59774230
59774294
59774369
59774410
59775276
59775339
59775413
59775486
59775560
59775586
59775662
59775703
59776268
59776333
59776409
59776450
59777282
59777347
59777423
59777464
59778208
59778272
59778348
59778388
59779331
59779394
59779470
59779513
59780224
59780287
59780361
59780434
59780508
59780534
59780614
59780651
59781308
59781373
59781449
59781490
59782326
59782389
59782465
59782508
59783333
59783397
59783473
59783514
59784288
59784352
59784428
59784470
59785288
59785352
59785425
59785499
59785573
59785597
59785674
59785715
59786278
59786343
59786419
59786460
59787272
59787335
59787411
59787452
59788359
59788425
59788500
59788541
59789294
59789360
59789435
59789476
59790327
59790390
59790464
59790537
59790611
59790637
59790712
59790753
59791294
59791356
59791432
59791474
59792318
59792382
59792458
59792499
59793344
59793412
59793485
59793526
59794336
59794407
59794478
59794519
59795306
59795369
59795443
59795517
59795591
59795616
59795692
59795734
59796343
59796409
59796485
59796526
59797339
59797411
59797480
59797521
59798348
59798414
59798490
59798531
59799363
59799428
59799506
59799544
59800341
59800406
59800479
59800553
59800627
59800652
59800729
59800770
59801291
59801356
59801432
59801473
59802280
59802345
59802421
59802463
59803283
59803347
59803423
59803464
59804343
59804408
59804484
59804525
59805279
59805344
59805418
59805492
59805565
59805596
59805672
59805713
59806287
59806353
59806429
59806470
59807282
59807347
59807423
59807464
59808347
59808411
59808487
59808528
59809330
59809395
59809471
59809512
59810239
59810305
59810378
59810452
59810526
59810555
59810631
59810672
59811344
59811409
59811484
59811525
59812327
59812392
59812467
59812509
59813307
59813371
59813447
59813488
59814351
59814417
59814493
59814534
59815350
59815415
59815489
59815563
59815636
59815662
59815739
59815779
59816340
59816409
59816480
59816522
59817348
59817412
59817488
59817529
59818278
59818343
59818419
59818461
59819345
59819410
59819486
59819527
59820344
59820408
59820482
59820556
59820630
59820655
59820731
59820772
59821365
59821430
59821508
59821547
59822284
59822350
59822426
59822467
59823281
59823346
59823422
59823463
59824284
59824350
59824425
59824466
59825347
59825412
59825485
59825559
59825633
59825658
59825734
59825775
59826216
59826281
59826357
59826403
59827323
59827388
59827464
59827508
59828302
59828367
59828443
59828484
59829336
59829407
59829477
59829518
59830353
59830418
59830492
59830565
59830639
59830665
59830740
59830781
59831351
59831415
59831491
59831532
59832340
59832406
59832481
59832522
59833339
59833427
59833481
59833522
59834379
59834385
59834448
59834489
59835353
59835418
59835492
59835566
59835639
59835665
59835741
59835782
59836280
59836345
59836421
59836462
59837375
59837441
59837514
59837555
59838339
59838404
59838479
59838519
59839284
59839349
59839424
59839464
59840336
59840402
59840476
59840549
59840621
59840653
59840729
59840769
59841331
59841401
59841472
59841513
59842300
59842366
59842442
59842483
59843356
59843422
59843501
59843538
59844283
59844348
59844424
59844465
59845306
59845370
59845444
59845518
59845590
59845622
59845700
59845739
59846326
59846391
59846467
59846508
59847333
59847400
59847475
59847516
59848340
59848406
59848481
59848522
59849318
59849383
59849459
59849500
59850339
59850405
59850478
59850552
59850624
59850656
59850732
59850772
59851335
59851405
59851476
59851517
59852263
59852328
59852404
59852445
59853281
59853346
59853422
59853463
59854328
59854404
59854470
59854511
59855312
59855378
59855452
59855525
59855599
59855630
59855707
59855748
59856337
59856403
59856479
59856520
59857281
59857346
59857421
59857461
59858359
59858424
59858499
59858539
59859304
59859360
59859435
59859475
59860338
59860404
59860477
59860551
59860625
59860657
59860732
59860772
59861359
59861424
59861498
59861538
59862262
59862327
59862402
59862441
59863271
59863335
59863410
59863450
59864333
59864398
59864472
59864513
59865336
59865403
59865476
59865549
59865623
59865655
59865730
59865769
59866324
59866390
59866465
59866505
59867289
59867355
59867429
59867469
59868337
59868402
59868478
59868519
59869308
59869374
59869450
59869491
59870303
59870361
59870435
59870509
59870580
59870612
59870688
59870730
59871344
59871409
59871484
59871525
59872345
59872410
59872486
59872527
59873297
59873357
59873431
59873470
59874329
59874397
59874468
59874507
59875348
59875414
59875486
59875561
59875632
59875664
59875739
59875777
59876287
59876352
59876425
59876464
59877341
59877406
59877480
59877519
59878269
59878334
59878410
59878451
59879341
59879406
59879482
59879523
59880289
59880353
59880427
59880501
59880574
59880607
59880683
59880724
59881335
59881401
59881477
59881518
59882343
59882407
59882483
59882524
59883333
59883401
59883474
59883515
59884275
59884341
59884417
59884457
59885351
59885417
59885501
59885564
59885636
59885669
59885744
59885785
59886301
59886362
59886437
59886479
59887304
59887369
59887442
59887481
59888350
59888415
59888495
59888530
59889337
59889402
59889477
59889517
59890243
59890309
59890382
59890456
59890528
59890561
59890636
59890677
59891213
59891277
59891353
59891395
59892277
59892342
59892418
59892459
59893324
59893395
59893466
59893507
59894338
59894404
59894479
59894520
59895333
59895400
59895473
59895546
59895618
59895651
59895727
59895767
59896323
59896388
59896464
59896505
59897299
59897357
59897433
59897474
59898286
59898351
59898427
59898468
59899334
59899400
59899475
59899516
59900338
59900403
59900476
59900551
59900621
59900654
59900730
59900771
59901265
59901331
59901407
59901448
59902323
59902394
59902465
59902505
59903336
59903401
59903477
59903518
59904320
59904386
59904461
59904502
59905342
59905406
59905480
59905554
59905626
59905658
59905735
59905775
59906323
59906394
59906464
59906505
59907276
59907342
59907418
59907459
59908272
59908337
59908412
59908454
59909285
59909351
59909427
59909468
59910332
59910397
59910471
59910545
59910617
59910649
59910725
59910765
59911202
59911268
59911343
59911385
59912281
59912346
59912422
59912463
59913282
59913348
59913423
59913464
59914327
59914392
59914468
59914509
59915333
59915399
59915472
59915546
59915618
59915651
59915726
59915767
59916296
59916361
59916437
59916478
59917347
59917413
59917492
59917530
59918334
59918409
59918476
59918517
59919324
59919392
59919465
59919506
59920301
59920366
59920440
59920514
59920585
59920617
59920693
59920734
59921344
59921409
59921484
59921526
59922338
59922403
59922479
59922520
59923340
59923405
59923481
59923522
59924335
59924400
59924476
59924517
59925328
59925394
59925468
59925541
59925613
59925646
59925721
59925762
59926320
59926391
59926461
59926502
59927328
59927394
59927470
59927511
59928291
59928352
59928428
59928469
59929276
59929341
59929417
59929458
59930292
59930357
59930431
59930505
59930576
59930609
59930690
59930726
59931322
59931390
59931462
59931503
59932276
59932342
59932418
59932459
59933295
59933352
59933428
59933469
59934266
59934331
59934407
59934448
59935279
59935343
59935417
59935491
59935564
59935597
59935673
59935714
59936320
59936395
59936459
59936498
59937337
59937402
59937477
59937517
59938318
59938390
59938458
59938498
59939325
59939390
59939465
59939505
59940331
59940396
59940469
59940543
59940617
59940647
59940723
59940764
59941280
59941346
59941422
59941463
59942270
59942336
59942412
59942453
59943344
59943409
59943489
59943526
59944330
59944395
59944471
59944512
59945336
59945401
59945475
59945548
59945622
59945653
59945730
59945769
59946334
59946399
59946475
59946516
59947316
59947381
59947457
59947498
59948293
59948358
59948433
59948475
59949339
59949405
59949480
59949521
59950272
59950338
59950411
59950493
59950557
59950589
59950665
59950707
59951273
59951339
59951415
59951456
59952317
59952388
59952458
59952499
59953327
59953391
59953467
59953508
59954317
59954387
59954458
59954499
59955276
59955341
59955415
59955488
59955560
59955593
59955668
59955709
59956268
59956332
59956408
59956449
59957319
59957388
59957460
59957501
59958323
59958387
59958463
59958504
59959327
59959393
59959469
59959510
59960338
59960403
59960477
59960551
59960623
59960655
59960731
59960772
59961310
59961374
59961450
59961492
59962292
59962356
59962432
59962473
59963268
59963333
59963409
59963450
59964316
59964391
59964456
59964498
59965292
59965353
59965427
59965501
59965575
59965607
59965691
59965724
59966323
59966388
59966464
59966504
59967338
59967404
59967479
59967520
59968315
59968386
59968456
59968497
59969328
59969392
59969468
59969509
59970317
59970391
59970456
59970530
59970601
59970634
59970711
59970751
59971315
59971391
59971456
59971496
59972322
59972387
59972463
59972504
59973263
59973328
59973404
59973445
59974331
59974396
59974472
59974513
59975290
59975345
59975418
59975492
59975566
59975599
59975674
59975715
59976290
59976348
59976424
59976465
59977291
59977357
59977433
59977474
59978318
59978390
59978460
59978501
59979290
59979348
59979424
59979465
59980336
59980401
59980475
59980549
59980620
59980652
59980729
59980770
59981329
59981394
59981470
59981511
59982316
59982385
59982456
59982497
59983289
59983351
59983427
59983468
59984264
59984329
59984404
59984446
59985338
59985402
59985476
59985550
59985622
59985654
59985730
59985771
59986260
59986326
59986402
59986443
59987331
59987395
59987471
59987513
59988319
59988388
59988460
59988501
59989320
59989385
59989460
59989501
59990325
59990390
59990464
59990538
59990609
59990641
59990717
59990758
59991310
59991375
59991451
59991492
59992284
59992342
59992418
59992459
59993271
59993335
59993411
59993452
59994326
59994391
59994466
59994508
59995339
59995405
59995483
59995552
59995626
59995659
59995734
59995774
59996261
59996326
59996402
59996443
59997274
59997339
59997415
59997456
59998282
59998347
59998423
59998464
59999322
59999387
59999463
59999504
60000285
60000351
60000424
60000498
60000572
60000605
60000683
60000721
60001308
60001374
60001449
60001490
60002326
60002392
60002467
60002508
60003298
60003362
60003438
60003499
60004325
60004390
60004466
60004507
60005282
60005347
60005421
60005494
60005566
60005598
60005673
60005715
60006307
60006373
60006449
60006490
60007255
60007319
60007395
60007436
60008316
60008382
60008455
60008494
60009317
60009387
60009455
60009494
60010383
60010389
60010456
60010529
60010601
60010634
60010708
60010749
60011324
60011389
60011465
60011506
60012324
60012390
60012466
60012507
60013313
60013381
60013454
60013495
60014264
60014328
60014404
60014445
60015260
60015326
60015399
60015473
60015545
60015586
60015653
60015695
60016321
60016386
60016461
60016502
60017290
60017355
60017431
60017472
60018268
60018333
60018409
60018450
60019267
60019333
60019408
60019449
60020321
60020386
60020460
60020534
60020605
60020638
60020714
60020754
60021253
60021317
60021393
60021434
60022280
60022341
60022417
60022458
60023310
60023385
60023451
60023492
60024315
60024381
60024456
60024498
60025316
60025381
60025454
60025529
60025602
60025632
60025708
60025749
60026310
60026380
60026450
60026492
60027322
60027387
60027463
60027504
60028285
60028350
60028426
60028467
60029335
60029400
60029479
60029516
60030319
60030384
60030457
60030531
60030603
60030636
60030711
60030752
60031305
60031371
60031447
60031488
60032314
60032379
60032454
60032496
60033323
60033388
60033464
60033505
60034300
60034366
60034442
60034483
60035311
60035340
60035414
60035487
60035561
60035587
60035662
60035704
60036262
60036328
60036404
60036445
60037300
60037364
60037440
60037481
60038245
60038310
60038386
60038427
60039261
60039326
60039402
60039443
60040282
60040347
60040421
60040495
60040568
60040593
60040669
60040711
60041278
60041340
60041416
60041457
60042300
60042365
60042441
60042482
60043268
60043333
60043409
60043450
60044310
60044378
60044451
60044492
60045314
60045378
60045452
60045526
60045599
60045625
60045701
60045742
60046317
60046383
60046458
60046499
60047321
60047385
60047461
60047502
60048253
60048319
60048395
60048436
60049266
60049332
60049406
60049448
60050316
60050381
60050455
60050529
60050603
60050628
60050704
60050744
60051323
60051389
60051465
60051506
60052299
60052364
60052440
60052481
60053316
60053382
60053457
60053498
60054256
60054322
60054397
60054438
60055305
60055380
60055444
60055518
60055591
60055617
60055694
60055735
60056318
60056383
60056459
60056500
60057251
60057317
60057393
60057434
60058302
60058368
60058443
60058484
60059304
60059375
60059446
60059487
60060314
60060380
60060453
60060527
60060601
60060625
60060701
60060742
60061246
60061312
60061387
60061428
60062275
60062336
60062411
60062452
60063304
60063375
60063446
60063486
60064314
60064379
60064455
60064496
60065281
60065346
60065420
60065494
60065567
60065593
60065675
60065710
60066331
60066397
60066475
60066513
60067317
60067382
60067458
60067499
60068305
60068374
60068446
60068486
60069274
60069336
60069410
60069450
60070282
60070347
60070421
60070495
60070575
60070594
60070679
60070709
60071288
60071354
60071429
60071479
60072251
60072316
60072391
60072431
60073310
60073378
60073451
60073492
60074305
60074374
60074446
60074487
60075310
60075375
60075449
60075523
60075596
60075621
60075698
60075739
60076301
60076366
60076442
60076483
60077324
60077389
60077463
60077504
60078301
60078366
60078441
60078481
60079292
60079357
60079433
60079474
60080307
60080373
60080446
60080520
60080593
60080619
60080696
60080736
60081249
60081314
60081390
60081431
60082251
60082316
60082392
60082433
60083206
60083272
60083347
60083388
60084308
60084378
60084450
60084491
60085277
60085342
60085414
60085489
60085562
60085587
60085663
60085704
60086248
60086313
60086389
60086430
60087318
60087384
60087459
60087500
60088239
60088304
60088380
60088421
60089311
60089377
60089451
60089492
60090261
60090326
60090399
60090477
60090545
60090577
60090653
60090694
60091277
60091334
60091410
60091451
60092187
60092253
60092328
60092409
60093320
60093385
60093461
60093502
60094302
60094371
60094442
60094484
60095315
60095380
60095454
60095527
60095599
60095632
60095706
60095745
60096303
60096376
60096441
60096481
60097317
60097383
60097458
60097500
60098281
60098347
60098421
60098463
60099251
60099316
60099392
60099433
60100298
60100363
60100436
60100510
60100582
60100615
60100690
60100731
60101306
60101371
60101446
60101488
60102305
60102371
60102447
60102488
60103259
60103323
60103399
60103440
60104253
60104318
60104394
60104435
60105303
60105370
60105441
60105515
60105586
60105619
60105695
60105736
60106244
60106309
60106385
60106426
60107256
60107322
60107398
60107439
60108306
60108370
60108446
60108487
60109195
60109260
60109336
60109377
60110318
60110384
60110457
60110531
60110603
60110636
60110711
60110752
60111228
60111294
60111370
60111411
60112274
60112337
60112413
60112454
60113263
60113328
60113403
60113444
60114322
60114387
60114469
60114504
60115330
60115394
60115474
60115542
60115613
60115646
60115722
60115763
60116313
60116378
60116453
60116495
60117311
60117376
60117451
60117493
60118318
60118382
60118458
60118499
60119321
60119387
60119462
60119503
60120258
60120324
60120397
60120471
60120545
60120586
60120652
60120694
60121262
60121327
60121403
60121444
60122316
60122382
60122458
60122499
60123322
60123387
60123472
60123504
60124270
60124336
60124411
60124452
60125270
60125335
60125409
60125483
60125554
60125587
60125668
60125704
60126304
60126372
60126445
60126486
60127188
60127254
60127330
60127371
60128252
60128318
60128394
60128435
60129290
60129355
60129431
60129472
60130299
60130367
60130439
60130512
60130584
60130616
60130693
60130734
60131302
60131367
60131443
60131484
60132304
60132370
60132446
60132487
60133295
60133359
60133435
60133476
60134272
60134327
60134403
60134445
60135304
60135371
60135442
60135517
60135587
60135620
60135696
60135737
60136174
60136240
60136315
60136356
60137154
60137217
60137292
60137333
60138312
60138378
60138454
60138494
60139299
60139407
60139441
60139482
60140310
60140376
60140449
60140523
60140595
60140626
60140702
60140743
60141234
60141299
60141375
60141416
60142253
60142317
60142393
60142434
60143305
60143371
60143447
60143488
60144291
60144357
60144433
60144474
60145243
60145308
60145382
60145456
60145527
60145570
60145635
60145677
60146255
60146320
60146396
60146437
60147265
60147324
60147400
60147441
60148300
60148366
60148442
60148483
60149246
60149312
60149388
60149429
60150300
60150365
60150438
60150512
60150584
60150617
60150693
60150734
60151312
60151377
60151453
60151494
60152299
60152365
60152440
60152481
60153298
60153369
60153439
60153480
60154243
60154308
60154384
60154425
60155265
60155329
60155403
60155476
60155550
60155575
60155651
60155693
60156291
60156355
60156431
60156473
60157231
60157296
60157381
60157413
60158300
60158365
60158441
60158482
60159149
60159212
60159288
60159329
60160271
60160336
60160410
60160484
60160569
60160582
60160664
60160700
60161293
60161369
60161434
60161475
60162299
60162364
60162440
60162482
60163246
60163311
60163387
60163428
60164305
60164371
60164447
60164488
60165292
60165363
60165431
60165505
60165578
60165604
60165680
60165721
60166296
60166363
60166436
60166477
60167290
60167355
60167431
60167473
60168252
60168317
60168393
60168434
60169286
60169352
60169427
60169468
60170307
60170372
60170445
60170519
60170586
60170613
60170690
60170731
60171164
60171230
60171305
60171346
60172301
60172366
60172442
60172483
60173301
60173367
60173443
60173484
60174308
60174373
60174449
60174490
60175267
60175326
60175399
60175473
60175540
60175616
60175667
60176267
60176331
60176407
60176448
60177193
60177262
60177335
60177376
60178283
60178349
60178423
60178465
60179305
60179371
60179445
60179487
60180239
60180304
60180378
60180452
60180518
60180594
60180635
60181238
60181304
60181380
60181421
60182304
60182370
60182446
60182487
60183284
60183350
60183425
60183467
60184308
60184374
60184450
60184491
60185221
60185286
60185361
60185434
60185499
60185575
60185616
60186286
60186351
60186427
60186468
60187249
60187314
60187389
60187430
60188284
60188349
60188425
60188466
60189264
60189330
60189406
60189447
60190306
60190371
60190445
60190519
60190585
60190665
60190702
60191249
60191314
60191390
60191431
60192231
60192296
60192372
60192413
60193138
60193202
60193277
60193318
60194312
60194376
60194452
60194493
60195294
60195359
60195432
60195506
60195572
60195648
60195690
60196227
60196292
60196368
60196409
60197250
60197315
60197391
60197432
60198247
60198311
60198387
60198428
60199280
60199346
60199421
60199462
60200310
60200376
60200450
60200523
60200590
60200666
60200707
60201297
60201362
60201438
60201479
60202259
60202318
60202394
60202435
60203311
60203376
60203452
60203493
60204259
60204319
60204395
60204436
60205258
60205323
60205395
60205470
60205541
60205617
60205659
60206299
60206364
60206440
60206481
60207297
60207363
60207438
60207479
60208300
60208364
60208440
60208481
60209258
60209321
60209397
60209438
60210301
60210366
60210440
60210513
60210567
60210642
60210683
60211236
60211301
60211377
60211418
60212288
60212358
60212428
60212470
60213237
60213303
60213379
60213420
60214297
60214363
60214438
60214479
60215264
60215329
60215403
60215477
60215529
60215605
60215646
60216286
60216350
60216426
60216467
60217277
60217342
60217418
60217459
60218257
60218322
60218398
60218439
60219183
60219248
60219324
60219365
60220289
60220361
60220428
60220502
60220562
60220630
60220670
60221225
60221291
60221367
60221408
60222276
60222341
60222416
60222457
60223297
60223363
60223437
60223479
60224295
60224361
60224437
60224478
60225244
60225309
60225383
60225457
60225509
60225585
60225626
60226235
60226300
60226376
60226417
60227246
60227311
60227387
60227428
60228272
60228337
60228413
60228461
60229288
60229361
60229430
60229471
60230225
60230290
60230364
60230437
60230491
60230566
60230607
60231276
60231342
60231417
60231458
60232260
60232318
60232394
60232435
60233299
60233365
60233441
60233482
60234258
60234323
60234399
60234440
60235304
60235370
60235444
60235517
60235570
60235645
60235687
60236290
60236355
60236431
60236472
60237286
60237355
60237427
60237468
60238273
60238339
60238414
60238455
60239316
60239382
60239458
60239499
60240257
60240322
60240396
60240470
60240528
60240604
60240645
60241297
60241362
60241438
60241479
60242243
60242308
60242383
60242424
60243283
60243354
60243425
60243466
60244269
60244334
60244410
60244459
60245308
60245373
60245446
60245520
60245580
60245656
60245697
60246232
60246297
60246373
60246414
60247242
60247308
60247384
60247425
60248231
60248296
60248372
60248413
60249293
60249359
60249434
60249474
60250297
60250361
60250435
60250509
60250567
60250642
60250682
60251226
60251291
60251366
60251406
60252230
60252296
60252370
60252410
60253273
60253337
60253412
60253458
60254253
60254313
60254388
60254428
60255273
60255339
60255413
60255486
60255553
60255621
60255661
60256293
60256358
60256433
60256473
60257287
60257352
60257428
60257469
60258277
60258342
60258417
60258459
60259291
60259356
60259432
60259473
60260257
60260312
60260385
60260459
60260519
60260595
60260636
60261257
60261318
60261394
60261435
60262296
60262362
60262436
60262478
60263239
60263304
60263379
60263420
60264264
60264329
60264404
60264457
60265284
60265357
60265423
60265497
60265556
60265631
60265672
60266237
60266303
60266379
60266420
60267294
60267360
60267435
60267476
60268243
60268309
60268385
60268426
60269251
60269316
60269390
60269432
60270301
60270365
60270439
60270513
60270571
60270651
60270689
60271284
60271355
60271425
60271466
60272270
60272335
60272411
60272456
60273291
60273355
60273431
60273473
60274289
60274354
60274429
60274470
60275256
60275321
60275394
60275469
60275526
60275602
60275643
60276289
60276356
60276430
60276471
60277286
60277352
60277428
60277469
60278273
60278337
60278413
60278454
60279292
60279358
60279434
60279475
60280294
60280359
60280433
60280507
60280566
60280649
60280685
60281226
60281291
60281367
60281408
60282305
60282371
60282455
60282487
60283305
60283371
60283450
60283488
60284354
60284409
60284485
60284526
60285355
60285420
60285494
60285568
60285641
60285717
60285758
60286354
60286417
60286493
60286534
60287262
60287327
60287403
60287449
60288251
60288316
60288392
60288433
60289240
60289305
60289381
60289422
60290254
60290320
60290394
60290467
60290539
60290615
60290656
60291189
60291255
60291331
60291372
60292250
60292315
60292390
60292431
60293204
60293270
60293348
60293387
60294232
60294297
60294373
60294414
60295257
60295322
60295396
60295470
60295541
60295617
60295658
60296195
60296260
60296336
60296377
60297128
60297194
60297270
60297311
60298253
60298318
60298394
60298435
60299256
60299322
60299398
60299439
60300174
60300239
60300312
60300387
60300457
60300533
60300574
60301184
60301248
60301324
60301365
60302121
