57602469
57602531
57602607
57602649
57603494
57603558
57603634
57603676
57604471
57604535
57604610
57604653
57605424
57605487
57605561
57605635
57605704
57605780
57605822
57606447
57606510
57606586
57606628
57607474
57607529
57607605
57607647
57608454
57608517
57608593
57608635
57609461
57609525
57609601
57609643
57610423
57610486
57610560
57610634
57610703
57610779
57610821
57611448
57611510
57611586
57611628
57612469
57612530
57612605
57612648
57613445
57613507
57613583
57613625
57614454
57614518
57614594
57614636
57615416
57615479
57615553
57615627
57615696
57615773
57615814
57616422
57616485
57616561
57616603
57617495
57617558
57617634
57617676
57618414
57618477
57618552
57618594
57619402
57619468
57619542
57619584
57620467
57620525
57620598
57620672
57620742
57620817
57620859
57621451
57621515
57621591
57621633
57622473
57622537
57622612
57622654
57623489
57623553
57623628
57623670
57624452
57624515
57624591
57624633
57625447
57625510
57625584
57625658
57625728
57625803
57625845
57626486
57626550
57626626
57626672
57627441
57627504
57627580
57627622
57628483
57628547
57628622
57628666
57629495
57629558
57629634
57629676
57630481
57630544
57630618
57630692
57630772
57630837
57630879
57631430
57631494
57631568
57631611
57632466
57632529
57632605
57632647
57633424
57633487
57633566
57633605
57634466
57634528
57634604
57634646
57635475
57635538
57635611
57635685
57635755
57635830
57635872
57636412
57636474
57636550
57636592
57637392
57637453
57637529
57637571
57638453
57638513
57638589
57638631
57639491
57639553
57639628
57639670
57640483
57640538
57640611
57640685
57640755
57640830
57640872
57641394
57641457
57641533
57641575
57642446
57642510
57642586
57642628
57643413
57643476
57643552
57643594
57644488
57644551
57644626
57644669
57645484
57645547
57645621
57645694
57645769
57645840
57645882
57646486
57646550
57646625
57646667
57647499
57647569
57647638
57647680
57648400
57648470
57648539
57648581
57649469
57649526
57649601
57649644
57650464
57650523
57650596
57650670
57650740
57650814
57650857
57651474
57651536
57651612
57651654
57652427
57652491
57652569
57652609
57653464
57653525
57653601
57653643
57654441
57654505
57654581
57654623
57655464
57655528
57655602
57655675
57655745
57655821
57655864
57656497
57656563
57656636
57656678
57657422
57657486
57657564
57657604
57658440
57658504
57658579
57658621
57659496
57659568
57659635
57659677
57660444
57660508
57660581
57660654
57660724
57660800
57660843
57661422
57661485
57661562
57661602
57662493
57662563
57662632
57662674
57663476
57663538
57663613
57663655
57664427
57664487
57664563
57664605
57665422
57665484
57665562
57665632
57665701
57665777
57665819
57666467
57666521
57666596
57666638
57667481
57667544
57667619
57667662
57668462
57668519
57668595
57668637
57669421
57669483
57669562
57669602
57670464
57670528
57670601
57670674
57670744
57670819
57670862
57671461
57671524
57671600
57671642
57672491
57672553
57672629
57672671
57673440
57673502
57673578
57673621
57674461
57674523
57674599
57674641
57675410
57675473
57675547
57675621
57675691
57675766
57675808
57676465
57676530
57676606
57676648
57677502
57677566
57677642
57677684
57678480
57678545
57678620
57678663
57679439
57679503
57679579
57679621
57680471
57680536
57680610
57680684
57680753
57680829
57680871
57681391
57681460
57681531
57681574
57682387
57682453
57682529
57682571
57683391
57683465
57683531
57683574
57684444
57684509
57684585
57684627
57685447
57685513
57685586
57685660
57685729
57685805
57685848
57686441
57686507
57686583
57686625
57687481
57687544
57687620
57687662
57688479
57688543
57688619
57688660
57689492
57689565
57689633
57689675
57690426
57690490
57690564
57690638
57690702
57690778
57690820
57691492
57691559
57691633
57691675
57692484
57692549
57692624
57692666
57693480
57693546
57693622
57693664
57694488
57694559
57694629
57694671
57695485
57695551
57695625
57695698
57695763
57695839
57695881
57696495
57696561
57696636
57696678
57697492
57697558
57697634
57697676
57698422
57698488
57698564
57698606
57699463
57699526
57699602
57699644
57700413
57700478
57700562
57700626
57700690
57700766
57700808
57701449
57701514
57701588
57701630
57702098
57702163
57702238
57702280
57703119
57703184
57703259
57703301
57704098
57704163
57704238
57704280
57705126
57705191
57705264
57705336
57705400
57705476
57705517
57706100
57706165
57706240
57706281
57707108
57707172
57707247
57707289
57708127
57708191
57708266
57708308
57709125
57709190
57709264
57709306
57710117
57710182
57710257
57710327
57710391
57710466
57710508
57711117
57711182
57711257
57711298
57712125
57712190
57712266
57712307
57713112
57713176
57713256
57713293
57714106
57714170
57714245
57714287
57715105
57715170
57715243
57715315
57715379
57715461
57715495
57716117
57716182
57716261
57716298
57717109
57717174
57717249
57717291
57718119
57718183
57718259
57718300
57719118
57719183
57719261
57719300
57720104
57720169
57720242
57720315
57720379
57720456
57720496
57721107
57721171
57721246
57721288
57722119
57722183
57722258
57722300
57723105
57723169
57723244
57723286
57724091
57724155
57724230
57724272
57725100
57725164
57725238
57725310
57725374
57725455
57725491
57726120
57726185
57726260
57726302
57727119
57727183
57727258
57727300
57728119
57728184
57728260
57728301
57729119
57729183
57729259
57729300
57730123
57730188
57730260
57730334
57730398
57730472
57730514
57731108
57731173
57731254
57731290
57732123
57732188
57732263
57732304
57733104
57733169
57733244
57733285
57734105
57734169
57734245
57734287
57735482
57735546
57735620
57735694
57735758
57735834
57735876
57736465
57736530
57736606
57736653
57737426
57737492
57737566
57737606
57738473
57738539
57738614
57738656
57739421
57739487
57739563
57739604
57740483
57740558
57740622
57740696
57740766
57740841
57740883
57741453
57741512
57741588
57741630
57742428
57742493
57742569
57742611
57743428
57743494
57743569
57743611
57744470
57744534
57744610
57744653
57745473
57745538
57745611
57745685
57745755
57745830
57745872
57746491
57746557
57746632
57746674
57747419
57747484
57747560
57747602
57748476
57748542
57748618
57748660
57749403
57749469
57749544
57749586
57750481
57750552
57750620
57750693
57750763
57750839
57750881
57751442
57751507
57751582
57751625
57752444
57752510
57752586
57752628
57753476
57753540
57753616
57753659
57754383
57754457
57754524
57754566
57755463
57755528
57755601
57755675
57755751
57755821
57755863
57756480
57756551
57756621
57756663
57757475
57757541
57757617
57757659
57758455
57758510
57758585
57758627
57759465
57759529
57759605
57759650
57760428
57760492
57760566
57760640
57760709
57760785
57760827
57761488
57761555
57761630
57761672
57762492
57762557
57762633
57762675
57763409
57763474
57763551
57763592
57764410
57764475
57764551
57764593
57765457
57765523
57765596
57765670
57765739
57765815
57765857
57766419
57766484
57766560
57766602
57767404
57767469
57767549
57767586
57768439
57768505
57768581
57768623
57769454
57769508
57769584
57769626
57770431
57770496
57770569
57770649
57770713
57770788
57770830
57771410
57771475
57771551
57771593
57772484
57772554
57772625
57772667
57773434
57773500
57773576
57773618
57774441
57774505
57774581
57774624
57775384
57775450
57775522
57775596
57775666
57775741
57775783
57776449
57776512
57776587
57776629
57777456
57777520
57777596
57777638
57778453
57778510
57778586
57778628
57779458
57779522
57779598
57779640
57780436
57780502
57780576
57780649
57780718
57780794
57780837
57781388
57781453
57781528
57781571
57782431
57782496
57782572
57782614
57783477
57783547
57783617
57783660
57784433
57784499
57784576
57784619
57785421
57785486
57785560
57785633
57785703
57785779
57785821
57786470
57786535
57786611
57786653
57787395
57787459
57787535
57787578
57788378
57788452
57788519
57788561
57789422
57789488
57789563
57789605
57790454
57790520
57790594
57790667
57790737
57790813
57790855
57791404
57791469
57791552
57791587
57792431
57792496
57792572
57792614
57793481
57793547
57793623
57793665
57794463
57794529
57794605
57794647
57795451
57795517
57795591
57795664
57795734
57795809
57795852
57796406
57796471
57796547
57796589
57797485
57797551
57797626
57797668
57798447
57798512
57798588
57798630
57799430
57799495
57799571
57799613
57800484
57800550
57800624
57800697
57800766
57800851
57800885
57801456
57801522
57801597
57801651
57802432
57802498
57802573
57802615
57803474
57803545
57803615
57803658
57804407
57804473
57804549
57804591
57805466
57805531
57805604
57805678
57805751
57805824
57805865
57806394
57806459
57806535
57806577
57807454
57807519
57807595
57807637
57808382
57808448
57808524
57808566
57809385
57809449
57809525
57809567
57810427
57810493
57810567
57810650
57810710
57810786
57810828
57811477
57811545
57811618
57811660
57812385
57812451
57812526
57812569
57813430
57813495
57813571
57813613
57814444
57814506
57814582
57814624
57815444
57815507
57815581
57815655
57815719
57815795
57815837
57816455
57816520
57816596
57816649
57817376
57817444
57817520
57817562
57818459
57818526
57818602
57818649
57819451
57819516
57819592
57819634
57820443
57820503
57820576
57820650
57820717
57820792
57820834
57821436
57821503
57821579
57821622
57822422
57822487
57822563
57822605
57823468
57823533
57823608
57823650
57824445
57824510
57824585
57824628
57825395
57825461
57825534
57825608
57825675
57825751
57825793
57826461
57826529
57826605
57826647
57827411
57827477
57827553
57827595
57828423
57828489
57828564
57828606
57829477
57829542
57829618
57829660
57830381
57830447
57830520
57830594
57830661
57830748
57830778
57831377
57831444
57831520
57831562
57832452
57832519
57832595
57832642
57833449
57833517
57833592
57833634
57834442
57834510
57834586
57834628
57835495
57835563
57835641
57835710
57835777
57835852
57835894
57836473
57836547
57836616
57836658
57837447
57837504
57837580
57837622
57838460
57838527
57838603
57838645
57839395
57839463
57839541
57839581
57840447
57840513
57840586
57840660
57840727
57840802
57840846
57841474
57841541
57841614
57841657
57842468
57842534
57842610
57842655
57843432
57843500
57843575
57843617
57844463
57844529
57844604
57844646
57845420
57845487
57845561
57845640
57845701
57845776
57845819
57846446
57846513
57846589
57846631
57847424
57847491
57847567
57847609
57848385
57848452
57848527
57848569
57849384
57849452
57849528
57849570
57850428
57850496
57850569
57850643
57850708
57850784
57850827
57851464
57851532
57851608
57851650
57852457
57852525
57852601
57852645
57853420
57853486
57853561
57853603
57854475
57854542
57854618
57854660
57855427
57855495
57855568
57855644
57855709
57855784
57855826
57856444
57856507
57856583
57856625
57857452
57857518
57857594
57857639
57858470
57858539
57858614
57858656
57859462
57859529
57859606
57859649
57860388
57860456
57860530
57860603
57860670
57860756
57860790
57861445
57861513
57861588
57861630
57862467
57862538
57862610
57862652
57863443
57863508
57863584
57863626
57864414
57864481
57864557
57864599
57865440
57865507
57865581
57865655
57865721
57865797
57865843
57866438
57866505
57866580
57866622
57867476
57867544
57867620
57867662
57868481
57868548
57868623
57868665
57869387
57869455
57869531
57869573
57870418
57870486
57870560
57870643
57870700
57870776
57870818
57871462
57871529
57871605
57871647
57872419
57872486
57872562
57872604
57873424
57873491
57873566
57873609
57874423
57874491
57874567
57874609
57875429
57875494
57875568
57875642
57875707
57875783
57875825
57876373
57876441
57876516
57876558
57877414
57877482
57877558
57877600
57878445
57878511
57878587
57878630
57879422
57879490
57879566
57879608
57880457
57880524
57880598
57880672
57880741
57880814
57880856
57881425
57881493
57881569
57881611
57882471
57882537
57882613
57882655
57883453
57883520
57883595
57883637
57884459
57884526
57884601
57884644
57885478
57885546
57885620
57885693
57885760
57885841
57885878
57886448
57886516
57886592
57886641
57887394
57887461
57887537
57887579
57888442
57888509
57888585
57888627
57889425
57889492
57889568
57889610
57890506
57890574
57890648
57890721
57890793
57890869
57890911
57891414
57891481
57891557
57891599
57892464
57892540
57892609
57892652
57893440
57893502
57893579
57893622
57894419
57894487
57894562
57894604
57895415
57895481
57895555
57895634
57895700
57895776
57895818
57896464
57896540
57896607
57896649
57897415
57897482
57897558
57897601
57898417
57898483
57898559
57898601
57899479
57899546
57899622
57899664
57900447
57900515
57900589
57900662
57900734
57900810
57900852
57901465
57901534
57901608
57901650
57902387
57902454
57902533
57902572
57903441
57903509
57903584
57903627
57904463
57904533
57904606
57904649
57905469
57905537
57905610
57905684
57905756
57905832
57905873
57906452
57906520
57906595
57906637
57907465
57907538
57907608
57907650
57908455
57908521
57908597
57908639
57909444
57909512
57909587
57909633
57910411
57910478
57910552
57910632
57910697
57910773
57910815
57911444
57911512
57911588
57911632
57912366
57912437
57912510
57912553
57913416
57913484
57913561
57913604
57914380
57914447
57914524
57914567
57915387
57915453
57915532
57915600
57915672
57915748
57915790
57916370
57916437
57916512
57916554
57917437
57917503
57917578
57917621
57918375
57918443
57918519
57918561
57919378
57919446
57919521
57919563
57920437
57920501
57920575
57920649
57920720
57920796
57920838
57921441
57921509
57921585
57921636
57922430
57922497
57922573
57922615
57923389
57923457
57923532
57923574
57924417
57924485
57924560
57924602
57925432
57925499
57925573
57925647
57925719
57925794
57925836
57926419
57926487
57926562
57926604
57927431
57927492
57927568
57927611
57928366
57928433
57928509
57928551
57929472
57929539
57929615
57929657
57930434
57930502
57930575
57930649
57930721
57930797
57930839
57931370
57931438
57931513
57931555
57932441
57932509
57932583
57932635
57933368
57933434
57933510
57933552
57934399
57934467
57934542
57934584
57935429
57935496
57935569
57935643
57935715
57935791
57935833
57936419
57936487
57936563
57936605
57937380
57937447
57937534
57937565
57938428
57938495
57938571
57938613
57939414
57939481
57939557
57939599
57940420
57940488
57940561
57940635
57940707
57940784
57940829
57941429
57941491
57941568
57941611
57942428
57942490
57942566
57942609
57943420
57943487
57943565
57943608
57944485
57944552
57944630
57944673
57945404
57945470
57945544
57945618
57945690
57945765
57945807
57946437
57946504
57946579
57946633
57947441
57947508
57947584
57947628
57948462
57948533
57948605
57948647
57949405
57949472
57949548
57949590
57950449
57950517
57950590
57950664
57950736
57950812
57950854
57951390
57951458
57951534
57951576
57952473
57952540
57952617
57952660
57953467
57953490
57953567
57953610
57954386
57954454
57954532
57954574
57955368
57955436
57955510
57955584
57955655
57955732
57955775
57956418
57956486
57956562
57956605
57957436
57957504
57957580
57957632
57958447
57958514
57958589
57958632
57959369
57959437
57959513
57959555
57960458
57960526
57960599
57960673
57960744
57960832
57960862
57961401
57961467
57961543
57961586
57962440
57962508
57962584
57962626
57963465
57963533
57963608
57963651
57964466
57964533
57964609
57964651
57965443
57965510
57965584
57965658
57965731
57965805
57965847
57966384
57966451
57966531
57966569
57967425
57967491
57967566
57967608
57968465
57968532
57968608
57968651
57969425
57969491
57969568
57969611
57970434
57970500
57970574
57970648
57970731
57970796
57970839
57971425
57971488
57971565
57971608
57972411
57972477
57972555
57972598
57973425
57973488
57973564
57973606
57974433
57974501
57974577
57974625
57975376
57975444
57975524
57975591
57975663
57975739
57975781
57976374
57976440
57976516
57976558
57977466
57977534
57977610
57977652
57978387
57978455
57978530
57978572
57979380
57979448
57979524
57979566
57980437
57980505
57980578
57980652
57980729
57980800
57980841
57981412
57981479
57981555
57981597
57982358
57982425
57982500
57982542
57983390
57983458
57983534
57983576
57984423
57984491
57984567
57984609
57985485
57985553
57985627
57985700
57985772
57985848
57985890
57986430
57986497
57986575
57986623
57987371
57987438
57987514
57987556
57988423
57988490
57988566
57988608
57989454
57989523
57989598
57989640
57990423
57990489
57990562
57990636
57990708
57990784
57990825
57991407
57991475
57991550
57991592
57992454
57992522
57992597
57992639
57993367
57993434
57993511
57993554
57994422
57994484
57994560
57994602
57995427
57995495
57995569
57995642
57995714
57995790
57995832
57996422
57996488
57996564
57996607
57997377
57997445
57997521
57997562
57998442
57998509
57998584
57998627
57999404
57999470
57999546
57999589
58000405
58000473
58000546
58000626
58000692
58000766
58000809
58001421
58001486
58001562
58001604
58002440
58002507
58002583
58002625
58003422
58003489
58003565
58003607
58004388
58004455
58004531
58004573
58005424
58005491
58005565
58005639
58005710
58005786
58005828
58006448
58006520
58006591
58006633
58007430
58007496
58007572
58007620
58008379
58008446
58008522
58008564
58009451
58009521
58009594
58009636
58010465
58010532
58010606
58010680
58010752
58010827
58010869
58011464
58011532
58011608
58011650
58012420
58012486
58012562
58012604
58013478
58013546
58013625
58013664
58014428
58014495
58014571
58014613
58015420
58015488
58015561
58015635
58015707
58015782
58015824
58016395
58016461
58016539
58016582
58017469
58017537
58017625
58017656
58018355
58018422
58018499
58018542
58019449
58019524
58019594
58019637
58020424
58020482
58020555
58020629
58020701
58020776
58020825
58021378
58021445
58021521
58021563
58022405
58022472
58022548
58022590
58023443
58023511
58023586
58023628
58024351
58024424
58024495
58024537
58025389
58025456
58025530
58025604
58025675
58025751
58025793
58026435
58026503
58026578
58026620
58027456
58027524
58027599
58027641
58028455
58028523
58028599
58028641
58029373
58029441
58029517
58029558
58030465
58030532
58030606
58030680
58030751
58030827
58030869
58031452
58031523
58031596
58031639
58032403
58032470
58032547
58032590
58033442
58033510
58033587
58033630
58034365
58034433
58034509
58034552
58035423
58035482
58035556
58035630
58035701
58035776
58035822
58036457
58036494
58036570
58036622
58037356
58037424
58037498
58037541
58038424
58038492
58038566
58038609
58039353
58039420
58039496
58039538
58040417
58040484
58040558
58040632
58040704
58040778
58040821
58041421
58041489
58041565
58041607
58042348
58042417
58042491
58042533
58043360
58043427
58043503
58043545
58044406
58044473
58044549
58044591
58045408
58045475
58045549
58045623
58045694
58045770
58045816
58046415
58046482
58046559
58046602
58047435
58047503
58047580
58047623
58048421
58048483
58048560
58048603
58049421
58049487
58049565
58049608
58050464
58050532
58050606
58050679
58050751
58050828
58050871
58051402
58051469
58051547
58051590
58052451
58052518
58052594
58052636
58053473
58053540
58053620
58053658
58054457
58054523
58054599
58054641
58055387
58055454
58055527
58055602
58055672
58055748
58055791
58056420
58056478
58056554
58056596
58057390
58057457
58057532
58057575
58058465
58058532
58058614
58058650
58059396
58059462
58059538
58059580
58060402
58060470
58060544
58060617
58060684
58060760
58060802
58061370
58061437
58061514
58061555
58062402
58062470
58062545
58062587
58063491
58063514
58063585
58063689
58064443
58064514
58064587
58064630
58065393
58065460
58065533
58065613
58065674
58065750
58065792
58066447
58066519
58066590
58066632
58067390
58067458
58067533
58067575
58068449
58068516
58068592
58068634
58069415
58069483
58069559
58069601
58070451
58070517
58070591
58070665
58070731
58070817
58070849
58071427
58071494
58071570
58071618
58072395
58072463
58072539
58072581
58073419
58073487
58073563
58073605
58074418
58074478
58074554
58074596
58075452
58075518
58075592
58075666
58075732
58075812
58075850
58076412
58076475
58076551
58076593
58077398
58077465
58077541
58077583
58078367
58078435
58078512
58078553
58079461
58079528
58079611
58079648
58080444
58080512
58080585
58080659
58080726
58080802
58080845
58081386
58081453
58081528
58081571
58082396
58082557
58082565
58082587
58083447
58083588
58083594
58083633
58084422
58084490
58084566
58084616
58085388
58085455
58085529
58085603
58085669
58085745
58085787
58086438
58086511
58086581
58086623
58087428
58087495
58087571
58087613
58088366
58088433
58088511
58088551
58089369
58089437
58089512
58089554
58090414
58090481
58090555
58090629
58090695
58090771
58090813
58091418
58091486
58091561
58091611
58092448
58092516
58092593
58092636
58093394
58093461
58093539
58093582
58094450
58094517
58094593
58094635
58095465
58095533
58095609
58095680
58095746
58095821
58095863
58096437
58096509
58096579
58096622
58097441
58097510
58097585
58097627
58098428
58098496
58098572
58098614
58099415
58099473
58099549
58099591
58100462
58100529
58100610
58100676
58100743
58100933
58100939
58101447
58101515
58101591
58101667
58102425
58102493
58102567
58102610
58103360
58103428
58103508
58103545
58104418
58104485
58104560
58104608
58105387
58105454
58105528
58105602
58105668
58105745
58105788
58106408
58106472
58106549
58106592
58107413
58107472
58107548
58107590
58108434
58108509
58108577
58108619
58109379
58109447
58109521
58109564
58110385
58110452
58110525
58110600
58110665
58110741
58110783
58111438
58111508
58111582
58111624
58112408
58112474
58112549
58112591
58113395
58113463
58113539
58113581
58114363
58114430
58114507
58114548
58115454
58115522
58115596
58115670
58115741
58115817
58115859
58116436
58116507
58116580
58116622
58117437
58117512
58117580
58117622
58118436
58118507
58118579
58118622
58119440
58119512
58119582
58119624
58120441
58120512
58120583
58120656
58120728
58120807
58120846
58121421
58121489
58121565
58121607
58122342
58122412
58122485
58122527
58123418
58123486
58123561
58123607
58124385
58124452
58124528
58124570
58125449
58125516
58125590
58125664
58125735
58125811
58125853
58126342
58126411
58126484
58126527
58127367
58127433
58127510
58127553
58128352
58128419
58128496
58128539
58129394
58129461
58129537
58129579
58130357
58130424
58130498
58130572
58130643
58130719
58130761
58131384
58131450
58131526
58131569
58132412
58132480
58132555
58132597
58133416
58133484
58133560
58133605
58134410
58134466
58134542
58134584
58135366
58135434
58135510
58135581
58135653
58135729
58135771
58136444
58136512
58136587
58136630
58137441
58137507
58137585
58137628
58138404
58138466
58138543
58138586
58139414
58139482
58139558
58139604
58140396
58140464
58140537
58140611
58140682
58140760
58140805
58141430
58141498
58141575
58141618
58142428
58142495
58142572
58142615
58143354
58143422
58143504
58143540
58144438
58144508
58144582
58144625
58145403
58145470
58145544
58145617
58145691
58145768
58145811
58146404
58146469
58146545
58146587
58147437
58147504
58147579
58147621
58148386
58148454
58148530
58148572
58149361
58149429
58149509
58149547
58150440
58150508
58150582
58150656
58150729
58150805
58150847
58151419
58151486
58151563
58151606
58152424
58152492
58152568
58152611
58153434
58153503
58153578
58153621
58154402
58154470
58154547
58154590
58155393
58155460
58155534
58155608
58155679
58155756
58155802
58156388
58156455
58156531
58156573
58157380
58157448
58157523
58157565
58158441
58158509
58158584
58158626
58159454
58159521
58159607
58159639
58160438
58160507
58160578
58160652
58160723
58160802
58160841
58161413
58161480
58161556
58161602
58162404
58162470
58162546
58162588
58163380
58163447
58163523
58163565
58164409
58164476
58164552
58164594
58165406
58165463
58165536
58165610
58165682
58165758
58165807
58166358
58166425
58166502
58166545
58167359
58167427
58167503
58167546
58168407
58168474
58168551
58168594
58169392
58169459
58169536
58169579
58170445
58170513
58170586
58170660
58170731
58170809
58170852
58171379
58171447
58171524
58171567
58172452
58172520
58172601
58172638
58173380
58173448
58173523
58173565
58174454
58174522
58174600
58174640
58175421
58175489
58175562
58175636
58175708
58175783
58175825
58176442
58176509
58176585
58176627
58177439
58177507
58177583
58177625
58178386
58178454
58178530
58178572
58179420
58179487
58179564
58179607
58180422
58180490
58180563
58180637
58180709
58180786
58180829
58181441
58181508
58181584
58181627
58182353
58182421
58182504
58182539
58183439
58183505
58183581
58183624
58184384
58184452
58184527
58184569
58185420
58185488
58185562
58185635
58185707
58185783
58185825
58186438
58186506
58186582
58186624
58187399
58187464
58187541
58187584
58188353
58188421
58188498
58188538
58189433
58189503
58189577
58189619
58190412
58190480
58190554
58190627
58190699
58190775
58190817
58191398
58191465
58191541
58191583
58192436
58192503
58192579
58192621
58193454
58193521
58193598
58193639
58194387
58194454
58194530
58194573
58195347
58195415
58195488
58195562
58195634
58195708
58195751
58196387
58196455
58196531
58196573
58197384
58197451
58197527
58197569
58198397
58198461
58198537
58198579
58199364
58199432
58199507
58199549
58200431
58200502
58200572
58200646
58200718
58200797
58200838
58201397
58201464
58201541
58201584
58202437
58202505
58202582
58202625
58203414
58203475
58203551
58203601
58204397
58204464
58204539
58204581
58205396
58205461
58205535
58205608
58205675
58205751
58205797
58206401
58206469
58206544
58206586
58207381
58207449
58207524
58207566
58208413
58208481
58208557
58208599
58209381
58209448
58209524
58209566
58210428
58210496
58210570
58210643
58210710
58210786
58210828
58211378
58211444
58211520
58211563
58212401
58212467
58212544
58212587
58213327
58213396
58213472
58213515
58214433
58214501
58214578
58214621
58215380
58215448
58215522
58215596
58215661
58215738
58215782
58216358
58216425
58216502
58216545
58217445
58217512
58217595
58217632
58218419
58218486
58218563
58218606
58219422
58219495
58219567
58219610
58220354
58220422
58220499
58220569
58220636
58220710
58220753
58221411
58221478
58221553
58221596
58222370
58222438
58222514
58222556
58223446
58223513
58223599
58223631
58224434
58224501
58224577
58224619
58225451
58225518
58225594
58225666
58225731
58225807
58225849
58226419
58226486
58226562
58226604
58227409
58227477
58227553
58227595
58228433
58228500
58228576
58228619
58229437
58229504
58229579
58229622
58230364
58230431
58230505
58230579
58230645
58230722
58230765
58231429
58231496
58231573
58231616
58232393
58232459
58232536
58232579
58233378
58233445
58233521
58233564
58234371
58234438
58234514
58234556
58235424
58235498
58235565
58235638
58235705
58235781
58235823
58236365
58236433
58236509
58236551
58237366
58237433
58237509
58237551
58238398
58238466
58238541
58238583
58239392
58239459
58239535
58239577
58240404
58240471
58240544
58240618
58240685
58240760
58240802
58241348
58241416
58241492
58241533
58242375
58242443
58242519
58242561
58243344
58243411
58243491
58243529
58244397
58244455
58244532
58244575
58245428
58245495
58245569
58245643
58245709
58245791
58245829
58246371
58246438
58246515
58246558
58247431
58247498
58247574
58247616
58248440
58248508
58248584
58248626
58249378
58249446
58249521
58249564
58250412
58250479
58250553
58250627
58250693
58250769
58250811
58251346
58251414
58251491
58251532
58252396
58252457
58252533
58252575
58253429
58253497
58253573
58253615
58254376
58254444
58254520
58254562
58255370
58255437
58255510
58255590
58255650
58255726
58255768
58256409
58256476
58256552
58256595
58257393
58257461
58257538
58257581
58258402
58258469
58258546
58258590
58259443
58259511
58259595
58259631
58260414
58260482
58260555
58260629
58260695
58260771
58260815
58261441
58261509
58261590
58261626
58262389
58262457
58262533
58262575
58263395
58263456
58263532
58263574
58264402
58264470
58264546
58264590
58265403
58265470
58265544
58265618
58265690
58265759
58265802
58266417
58266489
58266560
58266602
58267365
58267432
58267508
58267550
58268426
58268494
58268569
58268611
58269352
58269420
58269496
58269538
58270377
58270445
58270519
58270593
58270659
58270735
58270777
58271388
58271455
58271531
58271572
58272436
58272503
58272580
58272623
58273358
58273426
58273503
58273546
58274430
58274497
58274575
58274618
58275415
58275481
58275555
58275629
58275695
58275772
58275815
58276429
58276497
58276574
58276617
58277364
58277431
58277507
58277549
58278424
58278492
58278567
58278609
58279353
58279419
58279495
58279537
58280408
58280475
58280549
58280623
58280689
58280765
58280807
58281440
58281507
58281587
58281625
58282440
58282508
58282588
58282626
58283427
58283495
58283571
58283613
58284356
58284424
58284499
58284541
58285400
58285467
58285541
58285688
58285696
58285763
58285806
58286375
58286443
58286520
58286563
58287386
58287450
58287526
58287569
58288342
58288409
58288487
58288529
58289394
58289462
58289539
58289587
58290334
58290402
58290476
58290549
58290621
58290697
58290739
58291386
58291451
58291527
58291569
58292406
58292472
58292548
58292590
58293373
58293441
58293517
58293559
58294332
58294398
58294474
58294516
58295413
58295486
58295555
58295628
58295700
58295776
58295818
58296363
58296430
58296506
58296548
58297316
58297385
58297457
58297499
58298372
58298438
58298516
58298559
58299390
58299448
58299525
58299568
58300326
58300394
58300468
58300541
58300613
58300690
58300733
58301353
58301421
58301498
58301541
58302385
58302448
58302529
58302568
58303374
58303441
58303517
58303559
58304390
58304448
58304524
58304566
58305325
58305392
58305465
58305540
58305610
58305689
58305728
58306373
58306441
58306516
58306558
58307345
58307411
58307487
58307530
58308405
58308471
58308547
58308590
58309403
58309471
58309547
58309588
58310407
58310473
58310547
58310621
58310692
58310768
58310810
58311351
58311418
58311493
58311536
58312388
58312446
58312523
58312566
58313373
58313440
58313518
58313561
58314370
58314436
58314513
58314556
58315388
58315454
58315528
58315601
58315673
58315750
58315793
58316394
58316461
58316538
58316588
58317373
58317441
58317517
58317560
58318353
58318420
58318496
58318538
58319324
58319391
58319467
58319509
58320372
58320439
58320513
58320586
58320658
58320734
58320783
58321359
58321427
58321503
58321545
58322351
58322417
58322493
58322536
58323412
58323482
58323555
58323598
58324410
58324487
58324553
58324595
58325387
58325447
58325521
58325595
58325666
58325742
58325787
58326329
58326396
58326473
58326516
58327387
58327448
58327525
58327568
58328328
58328395
58328472
58328515
58329387
58329446
58329523
58329566
58330374
58330441
58330515
58330589
58330660
58330737
58330781
58331397
58331464
58331541
58331588
58332407
58332475
58332551
58332593
58333414
58333481
58333557
58333599
58334318
58334386
58334461
58334503
58335390
58335458
58335532
58335605
58335681
58335753
58335795
58336410
58336486
58336552
58336594
58337385
58337444
58337519
58337562
58338370
58338437
58338512
58338554
58339326
58339394
58339470
58339512
58340331
58340399
58340472
58340546
58340618
58340695
58340738
58341388
58341455
58341532
58341580
58342312
58342380
58342457
58342500
58343343
58343410
58343487
58343530
58344380
58344443
58344520
58344563
58345371
58345439
58345512
58345586
58345657
58345735
58345780
58346384
58346442
58346519
58346562
58347334
58347402
58347485
58347520
58348380
58348442
58348518
58348560
58349379
58349446
58349521
58349563
58350409
58350484
58350551
58350624
58350696
58350772
58350814
58351404
58351471
58351547
58351589
58352351
58352418
58352494
58352536
58353406
58353478
58353549
58353592
58354365
58354433
58354508
58354550
58355383
58355441
58355515
58355589
58355660
58355737
58355783
58356416
58356484
58356560
58356603
58357416
58357484
58357561
58357604
58358383
58358441
58358518
58358561
58359415
58359483
58359560
58359603
58360359
58360427
58360501
58360578
58360646
58360723
58360766
58361352
58361419
58361495
58361537
58362411
58362478
58362555
58362598
58363411
58363478
58363554
58363597
58364430
58364497
58364577
58364617
58365415
58365483
58365556
58365630
58365702
58365783
58365819
58366431
58366498
58366582
58366616
58367409
58367477
58367552
58367594
58368397
58368464
58368540
58368582
58369368
58369435
58369510
58369553
58370361
58370428
58370502
58370577
58370648
58370723
58370765
58371404
58371476
58371548
58371590
58372364
58372431
58372508
58372551
58373328
58373395
58373476
58373516
58374382
58374450
58374526
58374576
58375356
58375422
58375496
58375581
58375642
58375718
58375761
58376413
58376480
58376557
58376600
58377416
58377483
58377559
58377602
58378416
58378483
58378559
58378601
58379380
58379437
58379512
58379554
58380416
58380483
58380557
58380631
58380702
58380778
58380820
58381384
58381452
58381528
58381575
58382364
58382432
58382508
58382550
58383321
58383388
58383464
58383506
58384363
58384431
58384506
58384548
58385354
58385422
58385496
58385574
58385641
58385718
58385761
58386413
58386480
58386557
58386600
58387411
58387479
58387556
58387599
58388384
58388452
58388529
58388579
58389393
58389460
58389536
58389578
58390331
58390398
58390474
58390546
58390618
58390693
58390735
58391358
58391426
58391501
58391543
58392379
58392437
58392513
58392555
58393383
58393451
58393526
58393574
58394318
58394386
58394462
58394504
58395406
58395473
58395547
58395621
58395693
58395779
58395810
58396352
58396420
58396496
58396539
58397385
58397453
58397530
58397574
58398361
58398429
58398505
58398548
58399378
58399441
58399518
58399561
58400352
58400418
58400492
58400566
58400637
58400714
58400757
58401357
58401425
58401501
58401543
58402328
58402395
58402478
58402513
58403345
58403412
58403488
58403530
58404404
58404472
58404546
58404589
58405405
58405477
58405547
58405620
58405692
58405772
58405810
58406349
58406417
58406493
58406535
58407365
58407432
58407507
58407550
58408411
58408478
58408554
58408596
58409425
58409493
58409572
58409611
58410414
58410481
58410555
58410629
58410700
58410777
58410818
58411319
58411385
58411461
58411504
58412362
58412430
58412506
58412548
58413315
58413382
58413458
58413500
58414359
58414427
58414502
58414544
58415376
58415443
58415517
58415591
58415663
58415738
58415780
58416359
58416427
58416502
58416544
58417308
58417376
58417452
58417494
58418410
58418478
58418553
58418595
58419382
58419449
58419525
58419570
58420374
58420442
58420514
58420589
58420660
58420737
58420779
58421430
58421497
58421574
58421617
58422420
58422488
58422564
58422607
58423348
58423415
58423492
58423535
58424342
58424410
58424485
58424527
58425342
58425410
58425484
58425558
58425629
58425705
58425747
58426361
58426429
58426505
58426547
58427325
58427392
58427469
58427510
58428329
58428397
58428475
58428515
58429379
58429446
58429523
58429575
58430369
58430430
58430503
58430577
58430649
58430726
58430770
58431374
58431441
58431518
58431561
58432326
58432393
58432474
58432512
58433386
58433446
58433522
58433573
58434345
58434412
58434488
58434530
58435414
58435480
58435554
58435628
58435699
58435775
58435817
58436392
58436460
58436536
58436578
58437400
58437469
58437543
58437585
58438418
58438486
58438568
58438605
58439390
58439457
58439534
58439577
58440317
58440385
58440459
58440532
58440604
58440681
58440724
58441373
58441434
58441510
58441553
58442413
58442480
58442557
58442600
58443368
58443429
58443505
58443547
58444358
58444425
58444500
58444542
58445353
58445421
58445495
58445569
58445640
58445716
58445758
58446333
58446401
58446477
58446519
58447356
58447424
58447500
58447542
58448337
58448405
58448482
58448525
58449367
58449433
58449510
58449554
58450410
58450478
58450551
58450625
58450697
58450772
58450814
58451378
58451445
58451521
58451567
58452349
58452417
58452493
58452535
58453300
58453367
58453443
58453485
58454355
58454423
58454499
58454541
58455366
58455433
58455506
58455580
58455652
58455729
58455772
58456373
58456440
58456516
58456558
58457366
58457433
58457508
58457550
58458327
58458394
58458470
58458512
58459400
58459467
58459543
58459585
58460378
58460444
58460518
58460592
58460670
58460739
58460781
58461300
58461368
58461444
58461486
58462372
58462440
58462516
58462558
58463366
58463428
58463504
58463547
58464358
58464425
58464501
58464543
58465354
58465422
58465496
58465570
58465636
58465713
58465756
58466298
58466370
58466443
58466486
58467301
58467368
58467445
58467488
58468411
58468477
58468554
58468597
58469408
58469476
58469552
58469594
58470388
58470455
58470529
58470602
58470669
58470745
58470787
58471403
58471471
58471546
58471588
58472409
58472475
58472551
58472594
58473383
58473451
58473527
58473569
58474368
58474435
58474511
58474553
58475305
58475372
58475446
58475520
58475586
58475664
58475704
58476329
58476397
58476474
58476517
58477348
58477416
58477493
58477536
58478349
58478416
58478493
58478536
58479318
58479385
58479463
58479505
58480373
58480441
58480515
58480588
58480655
58480732
58480775
58481315
58481383
58481463
58481501
58482364
58482432
58482507
58482549
58483405
58483473
58483549
58483591
58484402
58484469
58484545
58484587
58485318
58485386
58485468
58485533
58485599
58485675
58485716
58486343
58486411
58486487
58486529
58487369
58487437
58487513
58487555
58488347
58488415
58488491
58488532
58489308
58489374
58489450
58489493
58490349
58490417
58490490
58490567
58490631
58490706
58490748
58491318
58491385
58491462
58491503
58492368
58492436
58492513
58492567
58493353
58493420
58493498
58493541
58494371
58494438
58494516
58494559
58495367
58495428
58495502
58495576
58495642
58495718
58495766
58496361
58496429
58496505
58496548
58497309
58497376
58497452
58497495
58498347
58498414
58498490
58498532
58499390
58499461
58499533
58499575
58500340
58500408
58500482
58500560
58500622
58500698
58500740
58501399
58501467
58501542
58501584
