57601964
57602157
57602165
57602264
57602363
57602463
57602564
57602663
57602763
57602864
57602963
57603063
57603164
57603263
57603363
57603464
57603564
57603663
57603763
57603863
57603963
57604063
57604163
57604263
57604363
57604463
57604563
57604663
57604763
57604864
57604963
57605063
57605163
57605263
57605363
57605463
57605566
57605663
57605763
57605863
57605963
57606063
57606163
57606263
57606363
57606463
57606562
57606663
57606763
57606862
57606963
57607063
57607162
57607263
57607363
57607462
57607563
57607663
57607762
57607863
57607963
57608062
57608163
57608263
57608363
57608463
57608562
57608663
57608763
57608862
57608963
57609063
57609162
57609263
57609363
57609467
57609563
57609662
57609762
57609863
57609962
57610062
57610163
57610262
57610362
57610463
57610565
57610662
57610763
57610862
57610962
57611063
57611162
57611262
57611362
57611462
57611563
57611662
57611762
57611863
57611962
57612062
57612163
57612262
57612362
57612462
57612562
57612662
57612762
57612862
57612962
57613062
57613162
57613262
57613362
57613462
57613562
57613662
57613762
57613862
57613962
57614062
57614161
57614262
57614362
57614465
57614562
57614662
57614761
57614862
57614962
57615062
57615162
57615262
57615362
57615462
57615563
57615662
57615762
57615862
57615962
57616062
57616161
57616262
57616362
57616461
57616567
57616662
57616761
57616862
57616962
57617061
57617162
57617261
57617361
57617462
57617568
57617661
57617762
57617861
57617961
57618062
57618161
57618262
57618362
57618461
57618562
57618661
57618761
57618862
57618961
57619061
57619162
57619261
57619361
57619462
57619561
57619661
57619762
57619861
57619961
57620061
57620161
57620261
57620361
57620461
57620561
57620661
57620761
57620865
57620961
57621061
57621161
57621261
57621361
57621460
57621561
57621661
57621761
57621861
57621961
57622061
57622161
57622261
57622361
57622461
57622561
57622661
57622761
57622861
57622961
57623061
57623160
57623261
57623361
57623460
57623561
57623661
57623760
57623861
57623961
57624060
57624161
57624261
57624360
57624461
57624560
57624660
57624761
57624860
57624961
57625061
57625160
57625261
57625361
57625460
57625561
57625668
57625760
57625861
57625960
57626060
57626161
57626260
57626360
57626461
57626560
57626660
57626761
57626860
57626960
57627061
57627160
57627260
57627360
57627460
57627560
57627660
57627760
57627860
57627960
57628060
57628161
57628260
57628360
57628461
57628560
57628660
57628761
57628860
57628960
57629060
57629160
57629260
57629360
57629460
57629564
57629660
57629760
57629860
57629960
57630060
57630160
57630260
57630360
57630459
57630560
57630660
57630759
57630860
57630960
57631059
57631160
57631260
57631360
57631460
57631560
57631660
57631760
57631860
57631960
57632060
57632159
57632260
57632360
57632459
57632560
57632660
57632759
57632860
57632960
57633059
57633160
57633260
57633359
57633460
57633559
57633659
57633760
57633859
57633959
57634060
57634159
57634259
57634360
57634459
57634560
57634660
57634759
57634860
57634959
57635059
57635160
57635259
57635359
57635460
57635559
57635659
57635761
57635859
57635959
57636060
57636159
57636259
57636360
57636459
57636559
57636659
57636759
57636859
57636959
57637059
57637159
57637259
57637359
57637459
57637559
57637659
57637760
57637859
57637959
57638059
57638159
57638259
57638359
57638459
57638559
57638659
57638759
57638859
57638959
57639059
57639159
57639259
57639359
57639458
57639559
57639659
57639758
57639859
57639959
57640058
57640159
57640259
57640358
57640459
57640559
57640658
57640760
57640859
57640958
57641059
57641158
57641259
57641359
57641467
57641559
57641659
57641758
57641859
57641959
57642058
57642159
57642259
57642358
57642459
57642558
57642658
57642759
57642858
57642958
57643059
57643158
57643258
57643359
57643458
57643558
57643659
57643758
57643858
57643958
57644058
57644158
57644258
57644358
57644459
57644558
57644658
57644759
57644858
57644958
57645059
57645158
57645258
57645358
57645458
57645558
57645658
57645758
57645858
57645958
57646058
57646158
57646258
57646358
57646458
57646558
57646658
57646757
57646858
57646958
57647057
57647158
57647258
57647357
57647458
57647558
57647657
57647758
57647858
57647958
57648158
57648258
57648358
57648457
57648558
57648658
57648757
57648858
57648958
57649057
57649158
57649258
57649357
57649458
57649558
57649657
57649758
57649857
57649957
57650058
57650157
57650257
57650358
57650457
57650557
57650658
57650757
57650863
57650958
57651057
57651257
57651357
57651458
57651557
57651664
57651758
57651857
57651957
57652058
57652157
57652257
57652358
57652457
57652557
57652658
57652757
57652857
57652957
57653057
57653157
57653257
57653357
57653457
57653557
57653657
57653757
57653857
57653957
57654057
57654157
57654257
57654356
57654457
57654557
57654657
57654757
57654857
57654957
57655057
57655157
57655257
57655357
57655457
57655557
57655657
57655757
57655857
57655957
57656057
57656157
57656257
57656356
57656457
57656557
57656656
57656757
57656857
57656956
57657057
57657156
57657256
57657357
57657456
57657556
57657657
57657756
57657857
57657957
57658056
57658157
57658257
57658356
57658457
57658557
57658656
57658757
57658857
57658956
57659057
57659156
57659256
57659357
57659456
57659556
57659657
57659756
57659856
57659957
57660056
57660156
57660256
57660356
57660456
57660556
57660660
57660756
57660856
57660956
57661057
57661156
57661256
57661357
57661456
57661556
57661657
57661756
57661856
57661956
57662056
57662156
57662256
57662356
57662456
57662556
57662656
57662756
57662856
57662956
57663056
57663156
57663256
57663355
57663456
57663556
57663661
57663756
57663856
57663955
57664056
57664156
57664256
57664356
57664456
57664556
57664656
57664755
57664856
57664956
57665055
57665156
57665256
57665355
57665456
57665556
57665655
57665756
57665856
57665955
57666056
57666156
57666255
57666356
57666455
57666555
57666656
57666755
57666855
57666956
57667055
57667155
57667256
57667355
57667456
57667556
57667655
57667756
57667855
57667955
57668056
57668155
57668255
57668356
57668455
57668555
57668656
57668755
57668855
57668956
57669055
57669155
57669255
57669355
57669455
57669555
57669655
57669755
57669855
57669955
57670055
57670155
57670255
57670355
57670455
57670555
57670654
57670755
57670855
57670956
57671055
57671155
57671255
57671355
57671455
57671555
57671655
57671755
57671855
57671955
57672055
57672155
57672255
57672354
57672455
57672559
57672654
57672755
57672855
57672954
57673055
57673155
57673254
57673355
57673455
57673554
57673655
57673754
57673854
57673955
57674054
57674155
57674255
57674354
57674455
57674555
57674654
57674755
57674855
57674954
57675055
57675154
57675254
57675355
57675454
57675554
57675655
57675754
57675854
57675955
57676054
57676154
57676255
57676354
57676454
57676555
57676654
57676754
57676854
57676954
57677054
57677154
57677254
57677355
57677454
57677554
57677655
57677754
57677854
57677955
57678054
57678154
57678255
57678354
57678454
57678554
57678654
57678754
57678854
57678954
57679054
57679154
57679254
57679354
57679454
57679554
57679653
57679754
57679854
57679953
57680054
57680154
57680253
57680354
57680454
57680553
57680654
57680758
57680854
57680954
57681054
57681154
57681254
57681353
57681454
57681554
57681653
57681754
57681854
57681953
57682054
57682154
57682253
57682354
57682459
57682553
57682654
57682753
57682853
57682954
57683053
57683153
57683254
57683353
57683453
57683554
57683653
57683753
57683854
57683953
57684054
57684154
57684253
57684354
57684453
57684553
57684654
57684753
57684853
57684954
57685053
57685153
57685254
57685353
57685453
57685554
57685653
57685753
57685853
57685953
57686053
57686153
57686253
57686353
57686453
57686553
57686653
57686753
57686853
57686953
57687053
57687153
57687252
57687353
57687453
57687553
57687653
57687753
57687853
57687953
57688053
57688153
57688253
57688353
57688453
57688553
57688653
57688753
57688853
57688953
57689053
57689153
57689252
57689353
57689453
57689552
57689653
57689753
57689852
57689953
57690052
57690152
57690253
57690352
57690452
57690553
57690652
57690753
57690853
57690952
57691053
57691153
57691252
57691353
57691453
57691552
57691653
57691752
57691852
57691953
57692052
57692152
57692253
57692352
57692452
57692555
57692652
57692752
57692853
57692952
57693052
57693152
57693252
57693352
57693452
57693552
57693652
57693752
57693852
57693953
57694052
57694152
57694253
57694352
57694452
57694553
57694752
57694852
57694952
57695052
57695152
57695252
57695352
57695452
57695557
57695652
57695752
57695852
57695952
57696052
57696152
57696251
57696352
57696452
57696551
57696652
57696752
57696851
57696952
57697052
57697152
57697252
57697352
57697452
57697552
57697651
57697752
57697852
57697951
57698052
57698152
57698251
57698352
57698452
57698551
57698652
57698752
57698851
57698952
57699052
57699151
57699252
57699351
57699451
57699552
57699651
57699751
57699852
57699951
57700051
57700152
57700251
57700352
57700452
57700551
57700652
57700751
57700851
57700952
57701051
57701151
57701252
57701351
57701454
57701552
57701651
57701751
57701852
57701951
57702051
57702151
57702251
57702351
57702451
57702551
57702651
57702751
57702851
57702951
57703051
57703151
57703251
57703351
57703451
57703550
57703651
57703751
57703851
57703951
57704051
57704151
57704251
57704351
57704451
57704551
57704651
57704751
57704851
57704950
57705051
57705151
57705250
57705351
57705451
57705550
57705651
57705751
57705850
57705951
57706051
57706150
57706251
57706351
57706450
57706551
57706650
57706750
57706851
57706950
57707051
57707151
57707253
57707351
57707451
57707550
57707651
57707751
57707850
57707951
57708050
57708150
57708251
57708350
57708450
57708551
57708650
57708750
57708851
57708950
57709050
57709151
57709250
57709350
57709450
57709550
57709650
57709750
57709850
57709950
57710050
57710150
57710251
57710350
57710450
57710551
57710650
57710750
57710851
57710950
57711050
57711150
57711250
57711350
57711450
57711550
57711650
57711750
57711850
57711950
57712050
57712150
57712250
57712350
57712450
57712549
57712650
57712750
57712849
57712950
57713050
57713149
57713250
57713350
57713449
57713550
57713650
57713750
57713850
57713950
57714050
57714150
57714251
57714350
57714450
57714549
57714650
57714750
57714849
57714950
57715050
57715149
57715253
57715350
57715449
57715550
57715649
57715749
57715850
57715949
57716049
57716150
57716249
57716349
57716450
57716549
57716649
57716750
57716849
57716950
57717049
57717149
57717255
57717349
57717449
57717550
57717649
57717749
57717850
57717949
57718049
57718150
57718249
57718349
57718449
57718549
57718649
57718749
57718849
57718949
57719049
57719149
57719249
57719349
57719549
57719649
57719749
57719849
57719949
57720049
57720148
57720249
57720349
57720449
57720549
57720649
57720749
57720849
57720949
57721049
57721149
57721256
57721349
57721449
57721549
57721649
57721749
57721848
57721949
57722049
57722148
57722249
57722349
57722448
57722549
57722649
57722748
57722849
57722948
57723048
57723149
57723250
57723348
57723449
57723548
57723649
57723749
57723848
57723949
57724049
57724148
57724249
57724349
57724448
57724549
57724648
57724748
57724849
57724948
57725048
57725149
57725248
57725348
57725449
57725548
57725648
57725749
57725848
57725948
57726048
57726148
57726248
57726348
57726448
57726548
57726648
57726748
57726849
57726948
57727048
57727149
57727248
57727348
57727448
57727548
57727648
57727748
57727848
57727948
57728048
57728148
57728248
57728348
57728448
57728548
57728648
57728748
57728848
57728948
57729048
57729147
57729248
57729348
57729447
57729548
57729648
57729747
57729848
57729948
57730048
57730148
57730247
57730348
57730448
57730547
57730648
57730748
57730847
57730948
57731048
57731147
57731248
57731348
57731447
57731548
57731648
57731747
57731848
57731947
57732047
57732148
57732247
57732347
57732448
57732547
57732647
57732748
57732847
57732947
57733048
57733147
57733250
57733347
57733447
57733548
57733647
57733747
57733848
57733947
57734047
57734148
57734251
57734347
57734448
57734547
57734647
57734747
57734847
57734947
57735047
57735147
57735247
57735347
57735447
57735553
57735647
57735747
57735847
57735947
57736047
57736147
57736247
57736347
57736446
57736547
57736647
57736747
57736847
57736947
57737047
57737147
57737247
57737347
57737447
57737547
57737647
57737747
57737846
57737947
57738047
57738146
57738247
57738347
57738446
57738547
57738746
57738847
57738947
57739046
57739147
57739247
57739346
57739447
57739546
57739646
57739747
57739846
57739947
57740047
57740146
57740247
57740347
57740446
57740547
57740647
57740746
57740847
57740946
57741046
57741147
57741246
57741346
57741447
57741546
57741646
57741747
57741846
57741946
57742047
57742146
57742246
57742346
57742446
57742546
57742646
57742746
57742846
57742946
57743046
57743147
57743246
57743346
57743447
57743546
57743646
57743747
57743846
57743946
57744046
57744146
57744246
57744346
57744446
57744546
57744646
57744746
57744846
57744946
57745046
57745146
57745246
57745346
57745445
57745546
57745646
57745745
57745846
57745946
57746045
57746146
57746246
57746345
57746446
57746546
57746646
57746746
57746845
57746946
57747046
57747145
57747246
57747346
57747445
57747546
57747646
57747745
57747846
57747946
57748045
57748146
57748245
57748345
57748446
57748548
57748645
57748746
57748845
57748945
57749046
57749145
57749245
57749346
57749445
57749551
57749646
57749745
57749846
57749945
57750045
57750146
57750245
57750345
57750446
57750545
57750645
57750746
57750849
57750945
57751145
57751245
57751345
57751447
57751545
57751645
57751745
57751845
57751945
57752045
57752145
57752245
57752345
57752451
57752545
57752645
57752744
57752845
57752945
57753044
57753145
57753245
57753345
57753445
57753546
57753645
57753745
57753845
57753945
57754045
57754145
57754245
57754345
57754444
57754545
57754645
57754744
57754845
57754945
57755044
57755145
57755245
57755344
57755445
57755545
57755644
57755745
57755844
57755944
57756045
57756144
57756244
57756345
57756444
57756545
57756645
57756744
57756845
57756945
57757044
57757145
57757244
57757344
57757445
57757547
57757644
57757745
57757844
57757944
57758045
57758144
57758244
57758345
57758444
57758544
57758644
57758744
57758844
57758944
57759044
57759144
57759244
57759344
57759444
57759544
57759644
57759745
57759844
57759944
57760045
57760144
57760244
57760344
57760444
57760544
57760646
57760744
57760844
57760944
57761044
57761144
57761244
57761344
57761444
57761544
57761644
57761744
57761844
57761944
57762043
57762144
57762244
57762343
57762444
57762544
57762643
57762744
57762844
57762944
57763044
57763143
57763244
57763344
57763443
57763544
57763644
57763743
57763844
57763944
57764043
57764144
57764244
57764343
57764444
57764544
57764643
57764744
57764843
57764943
57765044
57765143
57765243
57765344
57765443
57765543
57765644
57765745
57765843
57765944
57766043
57766144
57766243
57766343
57766444
57766543
57766643
57766744
57766843
57766943
57767044
57767143
57767243
57767344
57767443
57767543
57767643
57767743
57767843
57767943
57768043
57768143
57768243
57768343
57768445
57768543
57768643
57768743
57768843
57768943
57769043
57769143
57769243
57769342
57769443
57769543
57769643
57769743
57769843
57769943
57770043
57770143
57770243
57770343
57770443
57770543
57770643
57770742
57770843
57770943
57771042
57771143
57771243
57771342
57771443
57771543
57771642
57771743
57771843
57771942
57772043
57772143
57772242
57772343
57772442
57772542
57772643
57772742
57772843
57772943
57773042
57773143
57773243
57773342
57773443
57773542
57773642
57773743
57773842
57773942
57774043
57774142
57774242
57774343
57774446
57774542
57774643
57774742
57774943
57775042
57775142
57775242
57775342
57775442
57775542
57775642
57775752
57775842
57775942
57776043
57776142
57776242
57776343
57776442
57776542
57776643
57776742
57776842
57776942
57777042
57777142
57777242
57777342
57777442
57777542
57777644
57777742
57777842
57777942
57778041
57778142
57778242
57778341
57778442
57778542
57778641
57778742
57778842
57778941
57779042
57779142
57779241
57779342
57779442
57779542
57779646
57779742
57779842
57779942
57780041
57780142
57780242
57780341
57780443
57780542
57780641
57780742
57780842
57780941
57781042
57781141
57781241
57781342
57781441
57781541
57781642
57781741
57781841
57781942
57782041
57782141
57782242
57782341
57782441
57782542
57782641
57782742
57782841
57782941
57783042
57783141
57783241
57783342
57783441
57783541
57783642
57783741
57783841
57783941
57784041
57784141
57784241
57784341
57784441
57784541
57784641
57784741
57784841
57784941
57785041
57785141
57785241
57785341
57785441
57785541
57785640
57785741
57785841
57785940
57786041
57786141
57786241
57786341
57786441
57786541
57786641
57786741
57786841
57786941
57787041
57787141
57787241
57787340
57787441
57787541
57787640
57787741
57787841
57787940
57788041
57788141
57788240
57788341
57788441
57788540
57788641
57788740
57788840
57788941
57789040
57789140
57789241
57789340
57789441
57789541
57789640
57789741
57789841
57789940
57790041
57790140
57790240
57790341
57790440
57790540
57790641
57790742
57790840
57790941
57791040
57791140
57791241
57791340
57791440
57791540
57791640
57791740
57791840
57791940
57792040
57792140
57792240
57792340
57792440
57792540
57792641
57792740
57792840
57792941
57793040
57793140
57793240
57793340
57793440
57793540
57793640
57793740
57793840
57793940
57794040
57794140
57794240
57794340
57794440
57794540
57794640
57794740
57794840
57794939
57795040
57795140
57795239
57795340
57795440
57795539
57795640
57795740
57795840
57795940
57796039
57796140
57796240
57796339
57796440
57796540
57796639
57796740
57796840
57796939
57797040
57797140
57797239
57797340
57797439
57797539
57797640
57797739
57797839
57797940
57798039
57798139
57798240
57798339
57798439
57798540
57798639
57798739
57798840
57798939
57799040
57799139
57799239
57799340
57799439
57799539
57799640
57799739
57799839
57799940
57800039
57800139
57800240
57800339
57800439
57800539
57800639
57800739
57800839
57800939
57801039
57801139
57801239
57801339
57801439
57801539
57801639
57801739
57801839
57801939
57802039
57802139
57802240
57802339
57802439
57802539
57802639
57802739
57802839
57802939
57803039
57803139
57803239
57803339
57803439
57803539
57803638
57803739
57803839
57803938
57804039
57804139
57804238
57804339
57804439
57804538
57804639
57804739
57804838
57804939
57805039
57805138
57805239
57805338
57805438
57805539
57805638
57805739
57805839
57805938
57806039
57806139
57806238
57806339
57806438
57806540
57806639
57806738
57806838
57806939
57807038
57807138
57807239
57807338
57807438
57807539
57807642
57807738
57807839
57807938
57808038
57808138
57808238
57808338
57808438
57808538
57808638
57808738
57808838
57808939
57809038
57809138
57809239
57809338
57809438
57809539
57809638
57809738
57809839
57809938
57810038
57810138
57810238
57810338
57810438
57810538
57810638
57810738
57810838
57810937
57811038
57811138
57811237
57811338
57811438
57811537
57811638
57811738
57811837
57811938
57812038
57812137
57812238
57812338
57812438
57812538
57812638
57812738
57812838
57812937
57813038
57813138
57813237
57813338
57813438
57813537
57813638
57813738
57813837
57813938
57814037
57814137
57814238
57814337
57814437
57814538
57814637
57814737
57814838
57814937
57815037
57815138
57815237
57815337
57815437
57815537
57815638
57815737
57815842
57815938
57816037
57816137
57816238
57816337
57816437
57816538
57816637
57816737
57816838
57816937
57817037
57817137
57817237
57817337
57817437
57817537
57817637
57817737
57817837
57817937
57818037
57818137
57818237
57818337
57818437
57818536
57818637
57818737
57818836
57818937
57819037
57819137
57819237
57819337
57819437
57819537
57819640
57819737
57819837
57819937
57820037
57820137
57820236
57820337
57820437
57820536
57820637
57820737
57820840
57820937
57821037
57821136
57821237
57821337
57821442
57821537
57821636
57821736
57821837
57821936
57822036
57822137
57822236
57822337
57822437
57822536
57822637
57822737
57822836
57822937
57823037
57823136
57823237
57823336
57823436
57823539
57823636
57823736
57823837
57823936
57824036
57824137
57824236
57824336
57824436
57824536
57824636
57824736
57824836
57824936
57825036
57825136
57825236
57825336
57825436
57825541
57825636
57825736
57825837
57825936
57826036
57826136
57826236
57826336
57826436
57826536
57826636
57826736
57826836
57826936
57827036
57827136
57827236
57827336
57827436
57827536
57827636
57827736
57827835
57827936
57828036
57828135
57828236
57828336
57828435
57828536
57828636
57828736
57828836
57828936
57829036
57829136
57829235
57829336
57829436
57829535
57829636
57829736
57829835
57829936
57830036
57830135
57830236
57830336
57830435
57830536
57830635
57830735
57830836
57830935
57831035
57831136
57831235
57831335
57831436
57831535
57831635
57831736
57831835
57831936
57832035
57832135
57832236
57832335
57832435
57832536
57832635
57832735
57832836
57832935
57833035
57833136
57833235
57833335
57833435
57833535
57833639
57833735
57833835
57833935
57834035
57834135
57834235
57834335
57834435
57834535
57834635
57834735
57834835
57834935
57835035
57835136
57835235
57835335
57835435
57835535
57835635
57835735
57835835
57835935
57836035
57836135
57836235
57836335
57836435
57836534
57836635
57836735
57836834
57836935
57837035
57837134
57837235
57837335
57837434
57837535
57837635
57837734
57837835
57837935
57838034
57838135
57838234
57838334
57838435
57838534
57838635
57838735
57838834
57838935
57839035
57839134
57839235
57839334
57839434
57839535
57839634
57839734
57839835
57839934
57840034
57840135
57840234
57840334
57840435
57840534
57840634
57840734
57840834
57840934
57841034
57841134
57841234
57841334
57841434
57841534
57841634
57841734
57841835
57841934
57842034
57842135
57842234
57842334
57842435
57842539
57842660
57842734
57842834
57842934
57843034
57843134
57843234
57843334
57843438
57843534
57843634
57843734
57843834
57843934
57844034
57844133
57844234
57844334
57844433
57844535
57844634
57844733
57844834
57844934
57845033
57845134
57845234
57845334
57845434
57845533
57845634
57845734
57845833
57845934
57846034
57846133
57846234
57846334
57846433
57846534
57846637
57846733
57846834
57846933
57847033
57847134
57847233
57847333
57847434
57847533
57847633
57847734
57847833
57847933
57848034
57848133
57848233
57848333
57848433
57848534
57848633
57848733
57848834
57848933
57849033
57849134
57849233
57849333
57849434
57849533
57849633
57849734
57849833
57849933
57850033
57850133
57850233
57850333
57850434
57850533
57850633
57850733
57850833
57850933
57851033
57851133
57851233
57851333
57851432
57851542
57851633
57851732
57851833
57851933
57852033
57852133
57852233
57852333
57852433
57852533
57852633
57852733
57852833
57852933
57853033
57853132
57853233
57853333
57853432
57853533
57853633
57853732
57853833
57853933
57854032
57854133
57854233
57854332
57854433
57854532
57854632
57854733
57854832
57854932
57855033
57855132
57855233
57855333
57855437
57855533
57855633
57855732
57855833
57855933
57856032
57856133
57856232
57856332
57856433
57856532
57856632
57856733
57856832
57856932
57857033
57857132
57857232
57857332
57857432
57857532
57857632
57857732
57857832
57857932
57858032
57858132
57858232
57858332
57858433
57858532
57858632
57858733
57858832
57858932
57859032
57859132
57859232
57859332
57859432
57859534
57859632
57859732
57859832
57859932
57860032
57860132
57860232
57860332
57860431
57860540
57860632
57860731
57860832
57860932
57861031
57861132
57861232
57861331
57861432
57861532
57861636
57861732
57861832
57861932
57862032
57862131
57862232
57862332
57862431
57862532
57862632
57862731
57862832
57862932
57863031
57863132
57863231
57863331
57863432
57863531
57863636
57863732
57863831
57863931
57864032
57864131
57864231
57864332
57864431
57864531
57864632
57864731
57864832
57864931
57865031
57865132
57865231
57865331
57865432
57865531
57865631
57865732
57865831
57865931
57866032
57866131
57866231
57866331
57866431
57866531
57866631
57866731
57866831
57866931
57867031
57867131
57867231
57867331
57867431
57867531
57867631
57867731
57867831
57868030
57868131
57868231
57868331
57868431
57868531
57868634
57868731
57868831
57868931
57869031
57869131
57869231
57869331
57869430
57869536
57869631
57869730
57869831
57869931
57870030
57870131
57870231
57870330
57870431
57870531
57870630
57870731
57870831
57870930
57871031
57871130
57871230
57871331
57871430
57871535
57871631
57871730
57871831
57871931
57872030
57872131
57872230
57872330
57872431
57872530
57872630
57872731
57872830
57872930
57873031
57873130
57873230
57873331
57873430
57873530
57873630
57873730
57873830
57873930
57874030
57874130
57874230
57874330
57874430
57874530
57874630
57874731
57874830
57874930
57875031
57875130
57875230
57875331
57875434
57875530
57875630
57875730
57875831
57875930
57876030
57876130
57876230
57876330
57876430
57876530
57876630
57876729
57876830
57876930
57877029
57877130
57877230
57877329
57877430
57877530
57877629
57877730
57877830
57877929
57878030
57878130
57878230
57878330
57878429
57878530
57878635
57878729
57878830
57878930
57879029
57879130
57879230
57879329
57879430
57879530
57879629
57879730
57879829
57879929
57880030
57880129
57880229
57880330
57880429
57880535
57880630
57880729
57880829
57880930
57881029
57881129
57881229
57881329
57881432
57881529
57881629
57881730
57881829
57881929
57882030
57882129
57882229
57882330
57882429
57882529
57882630
57882729
57882829
57882930
57883029
57883129
57883229
57883329
57883429
57883529
57883629
57883729
57883829
57883929
57884029
57884129
57884229
57884328
57884429
57884546
57884628
57884729
57884829
57884929
57885029
57885129
57885229
57885329
57885429
57885529
57885629
57885728
57885829
57885929
57886028
57886129
57886229
57886328
57886429
57886529
57886628
57886729
57886829
57886928
57887029
57887129
57887228
57887329
57887428
57887528
57887629
57887728
57887828
57887929
57888028
57888129
57888229
57888328
57888429
57888529
57888633
57888729
57888829
57888928
57889029
57889128
57889228
57889329
57889435
57889528
57889629
57889728
57889828
57889929
57890028
57890128
57890228
57890328
57890428
57890528
57890628
57890728
57890828
57890928
57891028
57891128
57891228
57891329
57891428
57891528
57891629
57891728
57891828
57891928
57892028
57892128
57892228
57892328
57892428
57892528
57892628
57892728
57892828
57892928
57893028
57893128
57893228
57893327
57893428
57893528
57893633
57893728
57893828
57893927
57894028
57894128
57894227
57894328
57894428
57894528
57894628
57894727
57894828
57894928
57895027
57895128
57895228
57895327
57895428
57895528
57895627
57895728
57895828
57895927
57896028
57896128
57896227
57896328
57896427
57896527
57896628
57896727
57896827
57896928
57897027
57897127
57897228
57897327
57897427
57897527
57897627
57897728
57897827
57897927
57898028
57898127
57898227
57898328
57898427
57898527
57898727
57898827
57898928
57899027
57899127
57899227
57899327
57899427
57899527
57899627
57899727
57899827
57899927
57900027
57900127
57900227
57900327
57900427
57900527
57900627
57900727
57900827
57900926
57901027
57901127
57901227
57901327
57901427
57901527
57901627
57901727
57901827
57901927
57902027
57902127
57902227
57902326
57902427
57902527
57902626
57902727
57902827
57902926
57903027
57903127
57903226
57903327
57903427
57903526
57903632
57903726
57903826
57903927
57904026
57904126
57904227
57904326
57904427
57904527
57904626
57904727
57904827
57904926
57905027
57905126
57905226
57905327
57905426
57905526
57905627
57905726
57905826
57905927
57906026
57906126
57906227
57906326
57906426
57906527
57906626
57906726
57906826
57906926
57907026
57907126
57907226
57907326
57907426
57907526
57907627
57907726
57907826
57907927
57908026
57908126
57908227
57908326
57908426
57908528
57908626
57908726
57908826
57908926
57909026
57909126
57909226
57909326
57909426
57909526
57909625
57909726
57909826
57909925
57910026
57910126
57910225
57910326
57910426
57910525
57910626
57910726
57910825
57910926
57911026
57911126
57911226
57911325
57911426
57911526
57911625
57911726
57911826
57911925
57912026
57912126
57912225
57912326
57912426
57912525
57912626
57912725
57912825
57912926
57913025
57913125
57913226
57913325
57913425
57913526
57913625
57913725
57913826
57913925
57914025
57914125
57914225
57914326
57914425
57914530
57914626
57914725
57914825
57914926
57915025
57915125
57915226
57915325
57915425
57915526
57915625
57915725
57915826
57915925
57916025
57916125
57916225
57916325
57916425
57916525
57916625
57916725
57916825
57916925
57917025
57917125
57917224
57917325
57917425
57917524
57917626
57917725
57917825
57917925
57918025
57918125
57918225
57918325
57918425
57918525
57918624
57918725
57918825
57918924
57919025
57919125
57919224
57919325
57919527
57919625
57919725
57919824
57919925
57920024
57920124
57920225
57920324
57920424
57920525
57920624
57920727
57920825
57920924
57921025
57921125
57921224
57921325
57921425
57921524
57921625
57921724
57921824
57921925
57922024
57922124
57922225
57922324
57922424
57922525
57922624
57922724
57922825
57922924
57923024
57923125
57923224
57923324
57923424
57923524
57923624
57923724
57923824
57923924
57924024
57924124
57924225
57924324
57924428
57924524
57924624
57924724
57924824
57924924
57925024
57925124
57925224
57925324
57925424
57925524
57925624
57925725
57925824
57925924
57926024
57926124
57926224
57926324
57926425
57926523
57926624
57926724
57926823
57926924
57927024
57927123
57927224
57927324
57927424
57927524
57927623
57927724
57927824
57927923
57928024
57928124
57928223
57928324
57928424
57928523
57928624
57928724
57928823
57928924
57929023
57929123
57929224
57929323
57929423
57929524
57929623
57929723
57929824
57929923
57930023
57930124
57930223
57930323
57930424
57930523
57930624
57930726
57930823
57930924
57931023
57931123
57931224
57931323
57931423
57931524
57931623
57931723
57931824
57931923
57932023
57932123
57932223
57932323
57932423
57932523
57932623
57932723
57932823
57932923
57933023
57933123
57933223
57933323
57933423
57933523
57933623
57933723
57933824
57933923
57934023
57934123
57934223
57934323
57934423
57934523
57934623
57934723
57934823
57934923
57935023
57935123
57935222
57935323
57935423
57935522
57935623
57935723
57935822
57935923
57936023
57936122
57936223
57936323
57936430
57936523
57936622
57936722
57936823
57936922
57937022
57937123
57937222
57937323
57937423
57937522
57937623
57937723
57937822
57937923
57938022
57938122
57938223
57938322
57938422
57938523
57938622
57938722
57938823
57938922
57939022
57939123
57939222
57939322
57939422
57939522
57939622
57939722
57939822
57939922
57940022
57940122
57940222
57940322
57940425
57940523
57940622
57940722
57940823
57940922
57941022
57941123
57941222
57941322
57941422
57941522
57941622
57941722
57941822
57941922
57942022
57942122
57942222
57942322
57942422
57942522
57942622
57942722
57942821
57942922
57943022
57943121
57943222
57943322
57943426
57943522
57943622
57943721
57943822
57943922
57944022
57944122
57944221
57944322
57944422
57944521
57944622
57944722
57944821
57944922
57945022
57945121
57945222
57945322
57945421
57945522
57945629
57945721
57945822
57945921
57946021
57946122
57946221
57946321
57946422
57946521
57946621
57946722
57946821
57946921
57947021
57947121
57947222
57947321
57947421
57947522
57947621
57947721
57947822
57947921
57948021
57948122
57948221
57948321
57948422
57948521
57948621
57948721
57948821
57948921
57949021
57949121
57949221
57949321
57949421
57949521
57949621
57949721
57949821
57949921
57950021
57950120
57950221
57950321
57950420
57950523
57950621
57950721
57950821
57950921
57951021
57951121
57951221
57951321
57951421
57951520
57951621
57951721
57951820
57951921
57952021
57952120
57952221
57952321
57952420
57952521
57952622
57952720
57952821
57952921
57953020
57953121
57953220
57953320
57953421
57953520
57953620
57953721
57953820
57953921
57954021
57954120
57954221
57954320
57954420
57954521
57954620
57954720
57954821
57954920
57955020
57955121
57955220
57955320
57955421
57955520
57955620
57955721
57955820
57955920
57956021
57956120
57956220
57956320
57956424
57956520
57956620
57956720
57956820
57956920
57957020
57957121
57957220
57957320
57957421
57957520
57957620
57957720
57957820
57957920
57958020
57958120
57958220
57958320
57958420
57958520
57958620
57958720
57958820
57958920
57959020
57959119
57959220
57959320
57959419
57959520
57959620
57959719
57959820
57959920
57960019
57960120
57960220
57960320
57960420
57960519
57960620
57960720
57960819
57960920
57961020
57961119
57961220
57961320
57961419
57961520
57961620
57961719
57961820
57961919
57962019
57962120
57962219
57962319
57962420
57962519
57962619
57962720
57962819
57962919
57963020
57963119
57963219
57963320
57963419
57963520
57963620
57963719
57963820
57963919
57964019
57964120
57964219
57964319
57964420
57964519
57964619
57964720
57964819
57964919
57965019
57965119
57965219
57965319
57965419
57965519
57965619
57965719
57965819
57965919
57966019
57966119
57966219
57966319
57966418
57966519
57966619
57966718
57966819
57966919
57967019
57967119
57967219
57967319
57967419
57967519
57967619
57967719
57967819
57967919
57968019
57968118
57968219
57968319
57968418
57968519
57968619
57968718
57968819
57968919
57969018
57969119
57969219
57969318
57969419
57969518
57969618
57969719
57969818
57969918
57970019
57970118
57970219
57970418
57970519
57970619
57970718
57970819
57970919
57971018
57971119
57971219
57971318
57971419
57971518
57971618
57971719
57971818
57971918
57972019
57972118
57972218
57972318
57972418
57972518
57972618
57972718
57972818
57972918
57973018
57973118
57973218
57973318
57973419
57973518
57973618
57973719
57973818
57973918
57974018
57974118
57974218
57974318
57974418
57974518
57974618
57974718
57974818
57974918
57975018
57975118
57975218
57975318
57975417
57975518
57975618
57975717
57975818
57975918
57976017
57976118
57976218
57976317
57976418
57976522
57976617
57976718
57976818
57976918
57977018
57977117
57977218
57977318
57977417
57977518
57977618
57977717
57977818
57977918
57978017
57978118
57978218
57978317
57978418
57978517
57978617
57978718
57978818
57978917
57979018
57979117
57979217
57979318
57979417
57979517
57979618
57979717
57979817
57979917
57980017
57980118
57980217
57980317
57980418
57980517
57980617
57980718
57980817
57980917
57981018
57981117
57981217
57981318
57981418
57981517
57981617
57981717
57981817
57981917
57982017
57982117
57982217
57982317
57982417
57982517
57982617
57982717
57982817
57982917
57983016
57983117
57983217
57983316
57983417
57983517
57983617
57983717
57983817
57983917
57984017
57984117
57984217
57984317
57984416
57984517
57984617
57984716
57984817
57984917
57985016
57985117
57985217
57985316
57985417
57985517
57985616
57985717
57985817
57985916
57986017
57986116
57986216
57986317
57986416
57986516
57986617
57986716
57986817
57986917
57987016
57987117
57987216
57987316
57987417
57987520
57987616
57987717
57987816
57987916
57988017
57988116
57988216
57988317
57988416
57988516
57988617
57988716
57988816
57988917
57989016
57989116
57989216
57989316
57989416
57989516
57989616
57989716
57989816
57989916
57990017
57990116
57990216
57990317
57990416
57990516
57990616
57990716
57990816
57990916
57991016
57991116
57991216
57991316
57991417
57991516
57991616
57991716
57991816
57991916
57992015
57992116
57992216
57992315
57992416
57992516
57992615
57992716
57992816
57992915
57993016
57993116
57993216
57993316
57993415
57993517
57993616
57993715
57993816
57993916
57994015
57994116
57994216
57994315
57994416
57994516
57994615
57994716
57994816
57994915
57995016
57995115
57995215
57995316
57995415
57995515
57995616
57995724
57995815
57995916
57996015
57996115
57996216
57996315
57996416
57996515
57996615
57996716
57996815
57996915
57997016
57997115
57997215
57997316
57997415
57997515
57997616
57997715
57997815
57997915
57998015
57998115
57998215
57998315
57998415
57998515
57998615
57998715
57998815
57998915
57999015
57999115
57999215
57999315
57999415
57999515
57999614
57999715
57999815
57999915
58000015
58000115
58000215
58000315
58000415
58000515
58000615
58000715
58000815
58000915
58001014
58001115
58001215
58001314
58001415
58001515
58001614
58001715
58001815
58001914
58002015
58002115
58002214
58002315
58002414
58002514
58002615
58002714
58002814
58002915
58003014
58003115
58003215
58003314
58003415
58003515
58003614
58003715
58003815
58003914
58004015
58004114
58004214
58004315
58004414
58004514
58004615
58004714
58004814
58004915
58005014
58005114
58005215
58005314
58005414
58005514
58005614
58005715
58005814
58005914
58006014
58006114
58006214
58006315
58006414
58006514
58006615
58006714
58006814
58006914
58007014
58007114
58007214
58007314
58007414
58007514
58007614
58007714
58007814
58007914
58008014
58008114
58008214
58008313
58008414
58008514
58008714
58008814
58008913
58009014
58009114
58009213
58009314
58009414
58009513
58009614
58009713
58009814
58009914
58010013
58010114
58010214
58010313
58010414
58010514
58010613
58010714
58010814
58010913
58011014
58011114
58011213
58011314
58011414
58011513
58011618
58011713
58011813
58011914
58012013
58012113
58012214
58012313
58012413
58012514
58012613
58012713
58012814
58012913
58013014
58013113
58013213
58013314
58013413
58013513
58013614
58013713
58013813
58013914
58014013
58014113
58014214
58014313
58014413
58014513
58014618
58014713
58014813
58014913
58015013
58015113
58015213
58015313
58015413
58015513
58015613
58015713
58015813
58015912
58016013
58016113
58016212
58016313
58016413
58016513
58016613
58016713
58016813
58016913
58017013
58017113
58017213
58017312
58017413
58017513
58017612
58017713
58017813
58017912
58018013
58018113
58018212
58018313
58018413
58018512
58018613
58018713
58018812
58018913
58019012
58019112
58019312
58019412
58019513
58019612
58019713
58019813
58019912
58020013
58020113
58020212
58020313
58020412
58020512
58020613
58020712
58020812
58020913
58021012
58021112
58021213
58021312
58021412
58021513
58021612
58021712
58021813
58021912
58022012
58022112
58022212
58022312
58022415
58022512
58022612
58022712
58022812
58022913
58023012
58023112
58023212
58023312
58023412
58023517
58023612
58023712
58023812
58023912
58024012
58024112
58024212
58024312
58024412
58024512
58024612
58024712
58024812
58024911
58025012
58025112
58025211
58025312
58025412
58025511
58025612
58025712
58025811
58025912
58026012
58026112
58026212
58026311
58026412
58026512
58026611
58026712
58026812
58026911
58027012
58027112
58027211
58027312
58027412
58027511
58027612
58027712
58027811
58027912
58028011
58028111
58028212
58028311
58028411
58028512
58028611
58028711
58028812
58028911
58029011
58029112
58029211
58029312
58029411
58029511
58029612
58029711
58029811
58029912
58030011
58030111
58030212
58030311
58030411
58030512
58030612
58030711
58030811
58030911
58031011
58031111
58031211
58031311
58031411
58031511
58031611
58031711
58031811
58031911
58032011
58032111
58032211
58032311
58032411
58032510
58032611
58032711
58032811
58032911
58033011
58033111
58033211
58033311
58033411
58033515
58033611
58033711
58033811
58033910
58034011
58034111
58034210
58034311
58034411
58034515
58034611
58034711
58034810
58034911
58035011
58035110
58035211
58035310
58035410
58035511
58035610
58035710
58035811
58035910
58036011
58036111
58036210
58036311
58036411
58036510
58036611
58036711
58036810
58036911
58037010
58037110
58037211
58037310
58037410
58037511
58037610
58037710
58037811
58037910
58038010
58038111
58038210
58038310
58038410
58038510
58038615
58038710
58038810
58038910
58039010
58039110
58039211
58039310
58039410
58039511
58039610
58039710
58039811
58039910
58040010
58040110
58040210
58040310
58040410
58040510
58040610
58040710
58040810
58040910
58041010
58041110
58041210
58041310
58041410
58041509
58041612
58041710
58041910
58042010
58042109
58042210
58042310
58042409
58042510
58042610
58042710
58042810
58042909
58043010
58043110
58043209
58043310
58043410
58043509
58043610
58043710
58043809
58043910
58044010
58044109
58044210
58044310
58044417
58044510
58044609
58044709
58044810
58044909
58045009
58045110
58045209
58045309
58045414
58045509
58045609
58045709
58045809
58045910
58046009
58046109
58046210
58046309
58046409
58046510
58046609
58046709
58046810
58046909
58047009
58047110
58047209
58047309
58047409
58047509
58047609
58047709
58047809
58047909
58048009
58048109
58048209
58048309
58048409
58048509
58048609
58048709
58048809
58048909
58049009
58049108
58049209
58049309
58049409
58049509
58049613
58049709
58049809
58049909
58050009
58050109
58050209
58050309
58050409
58050508
58050612
58050709
58050808
58050909
58051009
58051108
58051209
58051309
58051408
58051509
58051609
58051708
58051809
58051909
58052008
58052109
58052208
58052308
58052409
58052508
58052609
58052709
58052808
58052909
58053108
58053209
58053308
58053408
58053509
58053608
58053708
58053809
58053908
58054008
58054109
58054208
58054308
58054409
58054508
58054608
58054709
58054808
58054908
58055008
58055108
58055208
58055308
58055408
58055508
58055612
58055708
58055809
58055908
58056008
58056109
58056208
58056308
58056408
58056508
58056608
58056708
58056808
58056908
58057008
58057108
58057208
58057308
58057408
58057508
58057608
58057708
58057807
58057908
58058008
58058107
58058208
58058308
58058407
58058508
58058608
58058707
58058808
58058908
58059008
58059108
58059208
58059308
58059408
58059508
58059608
58059708
58059807
58059908
58060008
58060107
58060208
58060308
58060408
58060508
58060607
58060707
58060808
58060907
58061007
58061108
58061207
58061307
58061408
58061507
58061607
58061708
58061807
58061907
58062008
58062107
58062208
58062307
58062408
58062508
58062607
58062707
58062808
58062907
58063007
58063108
58063207
58063307
58063408
58063507
58063607
58063707
58063807
58063907
58064138
58064146
58064207
58064307
58064407
58064507
58064607
58064707
58064807
58064907
58065007
58065106
58065207
58065307
58065406
58065507
58065607
58065707
58065807
58065907
58066007
58066107
58066207
58066307
58066407
58066507
58066607
58066707
58066807
58066907
58067007
58067106
58067207
58067307
58067406
58067507
58067607
58067706
58067807
58067907
58068006
58068107
58068206
58068306
58068407
58068506
58068606
58068707
58068806
58068907
58069007
58069106
58069207
58069307
58069406
58069507
58069607
58069706
58069807
58069906
58070006
58070107
58070206
58070306
58070407
58070506
58070606
58070707
58070806
58070906
58071007
58071106
58071206
58071306
58071406
58071506
58071606
58071706
58071806
58071906
58072006
58072107
58072206
58072306
58072407
58072506
58072606
58072706
58072806
58072906
58073006
58073106
58073206
58073306
58073406
58073506
58073610
58073706
58073806
58073906
58074006
58074105
58074206
58074306
58074405
58074506
58074606
58074705
58074806
58074906
58075005
58075106
58075206
58075305
58075406
58075506
58075606
58075706
58075806
58075906
58076006
58076105
58076206
58076306
58076405
58076506
58076606
58076705
58076806
58076906
58077005
58077106
58077206
58077305
58077406
58077505
58077605
58077706
58077805
58077905
58078006
58078105
58078205
58078306
58078405
58078505
58078605
58078705
58078806
58078905
58079005
58079106
58079205
58079305
58079406
58079505
58079605
58079706
58079805
58079905
58080006
58080105
58080205
58080305
58080405
58080505
58080605
58080705
58080807
58080905
58081005
58081105
58081205
58081305
58081405
58081505
58081605
58081704
58081805
58081905
58082004
58082105
58082205
58082305
58082571
58082579
58082664
58082705
58082805
58082905
58083005
58083104
58083205
58083305
58083404
58083505
58083605
58083704
58083805
58083905
58084004
58084105
58084205
58084304
58084405
58084505
58084604
58084705
58084805
58084904
58085005
58085104
58085204
58085305
58085404
58085505
58085608
58085704
58085805
58085905
58086004
58086105
58086205
58086304
58086405
58086504
58086604
58086705
58086804
58086904
58087005
58087104
58087204
58087305
58087404
58087504
58087604
58087704
58087804
58087904
58088004
58088104
58088204
58088304
58088404
58088504
58088604
58088705
58088804
58088904
58089005
58089104
58089204
58089304
58089404
58089504
58089604
58089704
58089804
58089904
58090004
58090104
58090204
58090304
58090404
58090504
58090604
58090705
58090804
58090904
58091003
58091104
58091204
58091303
58091404
58091504
58091603
58091704
58091804
58091904
58092004
58092104
58092204
58092304
58092403
58092504
58092604
58092703
58092804
58092904
58093003
58093104
58093204
58093303
58093404
58093504
58093603
58093704
58093803
58093903
58094004
58094103
58094203
58094304
58094403
58094503
58094604
58094703
58094803
58094904
58095003
58095104
58095203
58095303
58095404
58095503
58095603
58095704
58095803
58095903
58096004
58096103
58096203
58096304
58096403
58096503
58096604
58096703
58096803
58096903
58097003
58097103
58097203
58097303
58097403
58097503
58097603
58097703
58097803
58097903
58098003
58098103
58098203
58098302
58098403
58098506
58098603
58098703
58098803
58098903
58099003
58099103
58099203
58099303
58099403
58099503
58099603
58099703
58099803
58099903
58100002
58100103
58100203
58100302
58100403
58100503
58100602
58100703
58100945
58100953
58101003
58101115
58101202
58101303
58101402
58101502
58101672
58101702
58101803
58101903
58102002
58102103
58102203
58102302
58102403
58102503
58102602
58102703
58102803
58102902
58103003
58103102
58103202
58103303
58103402
58103502
58103603
58103702
58103802
58103903
58104002
58104102
58104202
58104302
58104402
58104502
58104602
58104702
58104802
58104902
58105003
58105102
58105202
58105303
58105402
58105502
58105608
58105702
58105802
58105902
58106002
58106102
58106202
58106302
58106402
58106502
58106602
58106702
58106802
58106902
58107002
58107102
58107202
58107302
58107402
58107502
58107601
58107702
58107802
58107901
58108002
58108102
58108201
58108302
58108402
58108502
58108602
58108701
58108802
58108902
58109001
58109102
58109202
58109301
58109402
58109502
58109601
58109702
58109802
58109901
58110002
58110101
58110201
58110302
58110401
58110501
58110609
58110701
58110801
58110902
58111001
58111101
58111202
58111301
58111401
58111502
58111601
58111702
58111801
58111901
58112002
58112101
58112201
58112302
58112401
58112501
58112602
58112701
58112801
58112902
58113001
58113101
58113201
58113301
58113401
58113501
58113601
58113701
58113801
58113901
58114001
58114101
58114201
58114301
58114401
58114501
58114601
58114701
58114801
58114902
58115001
58115101
58115201
58115301
58115401
58115501
58115602
58115701
58115801
58115901
58116001
58116101
58116201
58116300
58116401
58116501
58116600
58116701
58116801
58116900
58117001
58117101
58117200
58117301
58117401
58117500
58117601
58117701
58117800
58117901
58118000
58118100
58118201
58118300
58118401
58118501
58118600
58118701
58118801
58118900
58119001
58119100
58119200
58119302
58119400
58119500
58119601
58119700
58119800
58119901
58120100
58120201
58120300
58120400
58120501
58120600
58120700
58120800
58120900
58121000
58121100
58121200
58121300
58121400
58121500
58121601
58121700
58121800
58121901
58122000
58122100
58122201
58122300
58122400
58122500
58122600
58122700
58122800
58122900
58123000
58123100
58123200
58123300
58123400
58123500
58123599
58123700
58123800
58123899
58124000
58124100
58124199
58124300
58124400
58124499
58124600
58124700
58124800
58124900
58125000
58125100
58125200
58125299
58125400
58125500
58125599
58125700
58125800
58125899
58126000
58126100
58126199
58126300
58126400
58126499
58126600
58126699
58126799
58126900
58126999
58127099
58127200
58127299
58127399
58127500
58127599
58127699
58127800
58127899
58128000
58128099
58128199
58128300
58128399
58128501
58128600
58128799
58128900
58128999
58129099
58129200
58129299
58129399
58129500
58129599
58129699
58129800
58129899
58129999
58130099
58130199
58130299
58130399
58130504
58130599
58130699
58130799
58130899
58130999
58131099
58131198
58131299
58131399
58131499
58131599
58131699
58131799
58131899
58131999
58132099
58132199
58132299
58132399
58132499
58132603
58132699
58132799
58132898
58132999
58133099
58133198
58133299
58133399
58133498
58133599
58133699
58133798
58133899
58133999
58134098
58134199
58134298
58134398
58134499
58134598
58134699
58134799
58134898
58134999
58135099
58135198
58135299
58135399
58135498
58135698
58135798
58135899
58135998
58136098
58136199
58136298
58136398
58136499
58136598
58136698
58136799
58136898
58136998
58137098
58137198
58137298
58137398
58137498
58137598
58137698
58137798
58137899
58137998
58138098
58138199
58138298
58138398
58138498
58138598
58138698
58138798
58138898
58138998
58139098
58139198
58139298
58139398
58139498
58139598
58139698
58139798
58139898
58139998
58140098
58140198
58140298
58140401
58140497
58140598
58140698
58140797
58140898
58140998
58141097
58141198
58141298
58141398
58141503
58141598
58141698
58141798
58141897
58141998
58142098
58142197
58142298
58142398
58142501
58142598
58142698
58142797
58142898
58142998
58143097
58143198
58143297
58143397
58143498
58143597
58143697
58143798
58143897
58143997
58144098
58144197
58144297
58144398
58144497
58144598
58144697
58144898
58144997
58145097
58145198
58145297
58145397
58145498
58145597
58145700
58145798
58145897
58145997
58146097
58146197
58146297
58146397
58146497
58146597
58146697
58146797
58146897
58146997
58147097
58147197
58147297
58147397
58147497
58147597
58147697
58147798
58147897
58147997
58148097
58148197
58148297
58148397
58148497
58148597
58148697
58148797
58148897
58149097
58149196
58149297
58149397
58149496
58149597
58149697
58149796
58149897
58149997
58150096
58150197
58150297
58150396
58150497
58150596
58150696
58150797
58150896
58150996
58151097
58151196
58151297
58151397
58151496
58151597
58151697
58151796
58151897
58151996
58152096
58152197
58152296
58152396
58152497
58152596
58152696
58152797
58152896
58152996
58153097
58153196
58153296
58153397
58153496
58153596
58153696
58153796
58153896
58153996
58154096
58154196
58154296
58154396
58154497
58154596
58154696
58154797
58154896
58154996
58155097
58155196
58155296
58155403
58155496
58155596
58155696
58155796
58155896
58155996
58156096
58156196
58156296
58156409
58156495
58156596
58156696
58156795
58156896
58156996
58157095
58157196
58157296
58157395
58157496
58157596
58157696
58157796
58157896
58157996
58158096
58158195
58158296
58158396
58158495
58158596
58158696
58158795
58158896
58158996
58159095
58159196
58159296
58159395
58159496
58159596
58159695
58159796
58159895
58159995
58160096
58160195
58160295
58160396
58160495
58160595
58160696
58160795
58160896
58160995
58161095
58161196
58161295
58161395
58161496
58161595
58161695
58161796
58161895
58161995
58162096
58162195
58162295
58162396
58162495
58162595
58162696
58162795
58162895
58162995
58163095
58163195
58163295
58163395
58163495
58163595
58163695
58163795
58163895
58163995
58164096
58164195
58164295
58164395
58164495
58164600
58164695
58164795
58164895
58164995
58165095
58165195
58165295
58165395
58165495
58165595
58165695
58165794
58165895
58165995
58166094
58166195
58166295
58166394
58166495
58166595
58166694
58166795
58166895
58166994
58167095
58167194
58167294
58167395
58167494
58167595
58167695
58167794
58167895
58167995
58168094
58168195
58168295
58168394
58168495
58168600
58168694
58168795
58168894
58168994
58169095
58169194
58169294
58169398
58169494
58169594
58169695
58169794
58169894
58169995
58170094
58170194
58170295
58170394
58170494
58170594
58170694
58170795
58170894
58170994
58171095
58171194
58171294
58171395
58171494
58171594
58171694
58171794
58171894
58171994
58172094
58172194
58172294
58172394
58172494
58172594
58172694
58172794
58172894
58172994
58173093
58173194
58173294
58173393
58173494
58173594
58173693
58173794
58173894
58173993
58174094
58174194
58174294
58174394
58174493
58174594
58174694
58174793
58174894
58174994
58175093
58175194
58175294
58175393
58175499
58175594
58175693
58175794
58175894
58175993
58176094
58176193
58176293
58176394
58176493
58176593
58176694
58176793
58176893
58176994
58177093
58177193
58177294
58177393
58177494
58177593
58177693
58177794
58177893
58177993
58178094
58178193
58178293
58178394
58178493
58178593
58178694
58178793
58178893
58178993
58179093
58179193
58179293
58179393
58179497
58179593
58179693
58179793
58179893
58179993
58180093
58180193
58180293
58180393
58180495
58180593
58180694
58180793
58180893
58180993
58181093
58181193
58181293
58181393
58181493
58181593
58181693
58181793
58181893
58181993
58182092
58182193
58182293
58182392
58182493
58182593
58182692
58182793
58182893
58182992
58183093
58183193
58183292
58183393
58183492
58183592
58183693
58183792
58183892
58183993
58184092
58184193
58184293
58184394
58184493
58184593
58184692
58184793
58184893
58184992
58185093
58185192
58185292
58185393
58185494
58185592
58185693
58185792
58185892
58185993
58186092
58186192
58186293
58186392
58186492
58186593
58186692
58186792
58186892
58186992
58187092
58187192
58187292
58187393
58187492
58187592
58187693
58187792
58187892
58187993
58188092
58188192
58188292
58188392
58188492
58188592
58188692
58188792
58188892
58188992
58189092
58189192
58189292
58189392
58189492
58189592
58189691
58189792
58189892
58189991
58190092
58190192
58190291
58190392
58190492
58190592
58190692
58190792
58190892
58190992
58191091
58191192
58191292
58191391
58191492
58191592
58191691
58191792
58191892
58191991
58192092
58192192
58192291
58192392
58192491
58192591
58192692
58192791
58192891
58192992
58193091
58193191
58193292
58193391
58193491
58193592
58193691
58193792
58193892
58193991
58194092
58194191
58194291
58194393
58194491
58194591
58194692
58194791
58194891
58194992
58195091
58195191
58195292
58195391
58195493
58195592
58195691
58195791
58195891
58195991
58196091
58196191
58196291
58196398
58196491
58196591
58196691
58196791
58196891
58196990
58197091
58197191
58197291
58197391
58197491
58197591
58197691
58197791
58197891
58197991
58198091
58198191
58198291
58198391
58198491
58198591
58198690
58198791
58198891
58198990
58199091
58199191
58199290
58199391
58199491
58199590
58199691
58199791
58199890
58199991
58200090
58200190
58200291
58200390
58200491
58200591
58200690
58200791
58200891
58200990
58201091
58201191
58201290
58201391
58201491
58201590
58201790
58201890
58201991
58202090
58202190
58202291
58202390
58202490
58202591
58202690
58202790
58202891
58202990
58203090
58203190
58203290
58203390
58203490
58203590
58203691
58203790
58203890
58203991
58204090
58204190
58204291
58204390
58204490
58204590
58204690
58204790
58204890
58204990
58205090
58205190
58205290
58205390
58205490
58205590
58205690
58205790
58205890
58205989
58206090
58206190
58206289
58206390
58206490
58206593
58206690
58206790
58206889
58206990
58207090
58207190
58207290
58207390
58207490
58207590
58207689
58207790
58207890
58207989
58208090
58208190
58208289
58208390
58208490
58208589
58208690
58208790
58208889
58208990
58209089
58209189
58209290
58209389
58209489
58209590
58209689
58209789
58209890
58209989
58210089
58210190
58210289
58210390
58210589
58210690
58210791
58210889
58210990
58211089
58211189
58211290
58211389
58211489
58211590
58211689
58211789
58211890
58211989
58212089
58212189
58212289
58212389
58212489
58212596
58212689
58212789
58212889
58212989
58213089
58213189
58213289
58213389
58213489
58213588
58213689
58213789
58213889
58213989
58214089
58214189
58214289
58214389
58214489
58214589
58214689
58214789
58214889
58214988
58215089
58215189
58215288
58215389
58215489
58215588
58215689
58215789
58215888
58215989
58216089
58216188
58216289
58216389
58216488
58216589
58216688
58216788
58216889
58216988
58217089
58217189
58217288
58217389
58217489
58217588
58217689
58217789
58217888
58217989
58218089
58218188
58218289
58218388
58218491
58218589
58218688
58218788
58218889
58218988
58219088
58219189
58219288
58219388
58219488
58219588
58219688
58219788
58219888
58219988
58220088
58220188
58220289
58220388
58220488
58220589
58220688
58220788
58220889
58220988
58221088
58221188
58221288
58221388
58221488
58221588
58221688
58221788
58221888
58221988
58222088
58222188
58222288
58222388
58222488
58222587
58222688
58222788
58222887
58222988
58223088
58223187
58223288
58223388
58223488
58223588
58223688
58223788
58223888
58223987
58224088
58224188
58224287
58224388
58224488
58224587
58224688
58224788
58224887
58224988
58225088
58225187
58225288
58225388
58225487
58225588
58225688
58225787
58225888
58225987
58226087
58226188
58226287
58226387
58226492
58226587
58226688
58226788
58226887
58226988
58227087
58227187
58227288
58227387
58227487
58227588
58227687
58227787
58227888
58227987
58228087
58228188
58228287
58228387
58228488
58228587
58228687
58228787
58228887
58228987
58229087
58229187
58229287
58229387
58229487
58229587
58229687
58229787
58229888
58229987
58230087
58230187
58230287
58230387
58230487
58230587
58230687
58230787
58230887
58230987
58231087
58231187
58231287
58231387
58231487
58231586
58231687
58231787
58231886
58231987
58232087
58232186
58232287
58232387
58232486
58232587
58232687
58232786
58232887
58232987
58233086
58233187
58233287
58233387
58233487
58233586
58233687
58233787
58233886
58233987
58234087
58234186
58234287
58234387
58234486
58234587
58234686
58234786
58234887
58234986
58235086
58235187
58235286
58235386
58235487
58235586
58235686
58235787
58235886
58235986
58236087
58236186
58236286
58236386
58236486
58236587
58236686
58236786
58236887
58236986
58237086
58237187
58237286
58237386
58237486
58237586
58237686
58237786
58237886
58237986
58238086
58238186
58238286
58238386
58238486
58238588
58238686
58238786
58238886
58238986
58239086
58239185
58239286
58239386
58239485
58239586
58239686
58239785
58239886
58239986
58240086
58240186
58240286
58240386
58240486
58240586
58240691
58240786
58240886
58240986
58241086
58241185
58241286
58241386
58241485
58241586
58241686
58241785
58241886
58241985
58242085
58242186
58242285
58242385
58242486
58242585
58242685
58242786
58242885
58242985
58243086
58243185
58243286
58243386
58243485
58243586
58243685
58243785
58243886
58243985
58244085
58244186
58244285
58244385
58244486
58244585
58244685
58244786
58244885
58244985
58245085
58245185
58245285
58245385
58245485
58245585
58245685
58245785
58245885
58245985
58246085
58246185
58246285
58246385
58246484
58246585
58246685
58246785
58246885
58246985
58247085
58247185
58247285
58247385
58247485
58247585
58247685
58247785
58247885
58247985
58248085
58248185
58248285
58248385
58248484
58248590
58248685
58248784
58248885
58248985
58249084
58249185
58249285
58249384
58249485
58249584
58249684
58249785
58249884
58249985
58250085
58250184
58250285
58250385
58250485
58250585
58250685
58250784
58250885
58250985
58251084
58251185
58251284
58251384
58251485
58251584
58251684
58251785
58251884
58251984
58252085
58252184
58252284
58252384
58252484
58252584
58252684
58252784
58252884
58252984
58253084
58253185
58253284
58253384
58253485
58253584
58253684
58253785
58253884
58253984
58254084
58254184
58254284
58254384
58254484
58254584
58254684
58254784
58254884
58254984
58255084
58255184
58255284
58255384
58255484
58255584
58255684
58255784
58255884
58255984
58256083
58256184
58256284
58256384
58256484
58256584
58256684
58256784
58256884
58256984
58257084
58257183
58257284
58257384
58257483
58257587
58257684
58257783
58257884
58257984
58258083
58258184
58258284
58258383
58258484
58258584
58258683
58258784
58258883
58258983
58259084
58259183
58259283
58259384
58259483
58259584
58259684
58259783
58259884
58259984
58260083
58260184
58260283
58260383
58260487
58260583
58260683
58260784
58260883
58260983
58261084
58261183
58261283
58261384
58261483
58261583
58261683
58261783
58261883
58261983
58262083
58262183
58262283
58262383
58262483
58262583
58262683
58262784
58262883
58262983
58263083
58263183
58263283
58263383
58263483
58263583
58263683
58263783
58263883
58263983
58264083
58264183
58264283
58264383
58264483
58264583
58264683
58264782
58264883
58264983
58265082
58265183
58265283
58265382
58265483
58265583
58265682
58265783
58265883
58265982
58266083
58266182
58266283
58266383
58266482
58266583
58266683
58266782
58266883
58266983
58267082
58267183
58267283
58267382
58267483
58267582
58267682
58267783
58267882
58267982
58268083
58268182
58268282
58268383
58268482
58268582
58268683
58268782
58268882
58268982
58269082
58269182
58269282
58269382
58269483
58269582
58269682
58269783
58269882
58269982
58270083
58270182
58270282
58270384
58270482
58270582
58270682
58270882
58270982
58271082
58271182
58271282
58271382
58271482
58271582
58271682
58271782
58271882
58271982
58272081
58272182
58272282
58272381
58272482
58272616
58272681
58272782
58272882
58272982
58273082
58273182
58273282
58273382
58273482
58273582
58273682
58273781
58273882
58273982
58274081
58274182
58274282
58274381
58274482
58274582
58274681
58274782
58274881
58274981
58275082
58275181
58275281
58275382
58275487
58275581
58275682
58275781
58275881
58275982
58276081
58276182
58276282
58276381
58276482
58276584
58276681
58276782
58276881
58276981
58277082
58277181
58277281
58277382
58277481
58277581
58277682
58277781
58277881
58277982
58278081
58278181
58278281
58278381
58278481
58278581
58278681
58278781
58278881
58278981
58279081
58279181
58279281
58279382
58279481
58279581
58279681
58279781
58279881
58279981
58280081
58280181
58280281
58280381
58280481
58280581
58280681
58280781
58280881
58280981
58281081
58281181
58281281
58281380
58281481
58281581
58281680
58281781
58281881
58281980
58282081
58282181
58282280
58282381
58282480
58282580
58282681
58282780
58282881
58282981
58283080
58283181
58283281
58283380
58283481
58283581
58283680
58283781
58283881
58283980
58284081
58284180
58284280
58284381
58284480
58284580
58284681
58284780
58284880
58284981
58285080
58285180
58285281
58285380
58285480
58285580
58285681
58285780
58285880
58285980
58286081
58286180
58286280
58286382
58286480
58286580
58286681
58286780
58286880
58286980
58287080
58287180
58287280
58287380
58287480
58287580
58287680
58287780
58287880
58287980
58288080
58288180
58288280
58288380
58288480
58288580
58288680
58288780
58288880
58288979
58289080
58289180
58289280
58289380
58289480
58289580
58289680
58289780
58289880
58289980
58290079
58290180
58290280
58290379
58290486
58290580
58290679
58290780
58290880
58290979
58291080
58291180
58291279
58291380
58291479
58291579
58291680
58291779
58291879
58291980
58292079
58292179
58292280
58292379
58292480
58292580
58292679
58292780
58292880
58292979
58293080
58293179
58293279
58293384
58293479
58293579
58293680
58293779
58293879
58293980
58294079
58294179
58294280
58294379
58294484
58294579
58294679
58294779
58294879
58294979
58295079
58295179
58295279
58295379
58295479
58295579
58295680
58295781
58295879
58295980
58296079
58296179
58296280
58296379
58296479
58296579
58296679
58296779
58296879
58296979
58297079
58297179
58297279
58297379
58297479
58297579
58297678
58297779
58297879
58297978
58298079
58298179
58298278
58298379
58298479
58298578
58298679
58298779
58298878
58298979
58299079
58299179
58299279
58299378
58299479
58299579
58299678
58299779
58299879
58299978
58300079
58300179
58300278
58300379
58300478
58300578
58300679
58300778
58300878
58300979
58301078
58301178
58301279
58301378
58301478
58301579
58301678
58301778
58301879
58301978
58302078
58302178
58302278
58302379
58302478
58302578
58302778
58302878
58302979
58303078
58303178
58303279
58303380
58303478
58303579
58303678
58303778
58303878
58303978
58304078
58304178
58304278
58304378
58304478
58304578
58304678
58304778
58304878
58304977
58305078
58305178
58305277
58305378
58305478
58305577
58305678
58305778
58305878
58305978
58306078
58306178
58306278
58306379
58306478
58306578
58306677
58306778
58306878
58306977
58307078
58307178
58307277
58307378
58307478
58307577
58307678
58307778
58307877
58307978
58308077
58308177
58308278
58308377
58308477
58308578
58308677
58308777
58308878
58308977
58309078
58309178
58309277
58309378
58309477
58309577
58309678
58309777
58309877
58309978
58310077
58310177
58310278
58310377
58310479
58310578
58310677
58310777
58310878
58310977
58311077
58311177
58311277
58311377
58311477
58311577
58311677
58311777
58311877
58311977
58312077
58312177
58312276
58312377
58312477
58312577
58312677
58312777
58312877
58312977
58313077
58313177
58313277
58313378
58313477
58313577
58313677
58313777
58313877
58313977
58314077
58314177
58314276
58314377
58314477
58314576
58314677
58314777
58314876
58314977
58315077
58315176
58315277
58315377
58315476
58315577
58315679
58315777
58315877
58315976
58316077
58316177
58316276
58316377
58316477
58316576
58316677
58316777
58316876
58316977
58317076
58317176
58317277
58317379
58317476
58317577
58317676
58317776
58317877
58317976
58318076
58318177
58318276
58318376
58318476
58318576
58318676
58318776
58318876
58318977
58319076
58319176
58319277
58319376
58319476
58319577
58319676
58319776
58319877
58319976
58320076
58320176
58320276
58320377
58320476
58320576
58320676
58320776
58320876
58320976
58321076
58321176
58321276
58321376
58321476
58321576
58321676
58321776
58321875
58321976
58322076
58322176
58322276
58322376
58322476
58322576
58322676
58322776
58322876
58322975
58323076
58323176
58323275
58323376
58323476
58323575
58323676
58323776
58323875
58323976
58324076
58324175
58324276
58324376
58324475
58324576
58324675
58324775
58324876
58324975
58325075
58325176
58325275
58325376
58325476
58325575
58325676
58325776
58325875
58325976
58326075
58326175
58326276
58326375
58326479
58326576
58326675
58326775
58326876
58326975
58327075
58327176
58327275
58327375
58327475
58327575
58327675
58327775
58327875
58327975
58328075
58328175
58328275
58328375
58328482
58328576
58328675
58328775
58328876
58328975
58329075
58329175
58329275
58329375
58329475
58329575
58329675
58329775
58329875
58329975
58330075
58330175
58330275
58330380
58330475
58330574
58330675
58330775
58330874
58330975
58331075
58331174
58331275
58331375
58331474
58331581
58331675
58331774
58331875
58331974
58332075
58332175
58332274
58332375
58332480
58332574
58332675
58332775
58332874
58332975
58333075
58333174
58333275
58333375
58333474
58333575
58333674
58333774
58333875
58333974
58334074
58334175
58334274
58334374
58334475
58334574
58334674
58334775
58334874
58334974
58335074
58335174
58335275
58335374
58335474
58335575
58335674
58335774
58335875
58335974
58336074
58336175
58336274
58336374
58336475
58336574
58336674
58336774
58336874
58336974
58337074
58337174
58337274
58337374
58337474
58337574
58337674
58337774
58337873
58337974
58338173
58338274
58338379
58338473
58338574
58338674
58338774
58338874
58338974
58339074
58339174
58339274
58339374
58339480
58339573
58339674
58339774
58339873
58339974
58340074
58340173
58340274
58340374
58340478
58340574
58340674
58340773
58340874
58340973
58341073
58341174
58341273
58341373
58341474
58341573
58341673
58341774
58341873
58341974
58342074
58342173
58342274
58342373
58342473
58342574
58342673
58342773
58342874
58342973
58343073
58343174
58343273
58343373
58343474
58343573
58343673
58343774
58343873
58343973
58344074
58344173
58344273
58344373
58344473
58344573
58344673
58344773
58344873
58344973
58345073
58345174
58345273
58345376
58345473
58345573
58345673
58345773
58345873
58345973
58346073
58346173
58346273
58346373
58346473
58346573
58346673
58346773
58346873
58346973
58347073
58347172
58347273
58347373
58347472
58347573
58347673
58347772
58347873
58347973
58348072
58348173
58348273
58348372
58348473
58348572
58348673
58348773
58348872
58348973
58349073
58349172
58349273
58349373
58349472
58349573
58349673
58349772
58349873
58349972
58350072
58350173
58350272
58350372
58350473
58350572
58350672
58350777
58350872
58350972
58351073
58351172
58351272
58351373
58351477
58351572
58351673
58351772
58351873
58351972
58352072
58352173
58352272
58352372
58352473
58352572
58352672
58352773
58352872
58352972
58353072
58353172
58353272
58353372
58353472
58353572
58353672
58353772
58353872
58353972
58354072
58354172
58354272
58354372
58354472
58354572
58354672
58354771
58354872
58354972
58355072
58355172
58355272
58355372
58355472
58355572
58355672
58355772
58355871
58355972
58356072
58356171
58356272
58356372
58356471
58356672
58356771
58356872
58356972
58357071
58357172
58357272
58357371
58357472
58357571
58357671
58357772
58357871
58357971
58358171
58358272
58358372
58358471
58358572
58358672
58358771
58358872
58358972
58359071
58359172
58359272
58359371
58359472
58359571
58359671
58359772
58359871
58359971
58360072
58360171
58360271
58360371
58360471
58360571
58360671
58360771
58360871
58360971
58361071
58361171
58361271
58361371
58361472
58361571
58361671
58361772
58361871
58361971
58362071
58362171
58362271
58362371
58362471
58362571
58362671
58362771
58362871
58362971
58363071
58363171
58363271
58363371
58363470
58363571
58363671
58363770
58363871
58363971
58364070
58364171
58364271
58364370
58364471
58364571
58364670
58364771
58364871
58364971
58365071
58365170
58365271
58365371
58365470
58365571
58365671
58365770
58365871
58365971
58366070
58366171
58366271
58366370
58366471
58366570
58366670
58366771
58366870
58366970
58367071
58367170
58367270
58367371
58367470
58367570
58367671
58367770
58367870
58367970
58368070
58368171
58368270
58368370
58368471
58368570
58368670
58368771
58368870
58368970
58369071
58369170
58369270
58369373
58369470
58369570
58369670
58369770
58369870
58369970
58370070
58370170
58370270
58370370
58370470
58370570
58370670
58370770
58370870
58370970
58371069
58371170
58371270
58371369
58371470
58371570
58371670
58371770
58371870
58371970
58372070
58372170
58372270
58372370
58372470
58372570
58372670
58372769
58372870
58372970
58373069
58373170
58373270
58373369
58373470
58373570
58373669
58373770
58373869
58373969
58374070
58374169
58374269
58374370
58374469
58374569
58374670
58374769
58374870
58374970
58375069
58375170
58375269
58375369
58375470
58375569
58375669
58375770
58375869
58375969
58376070
58376169
58376269
58376370
58376469
58376569
58376670
58376769
58376869
58376970
58377069
58377169
58377269
58377369
58377469
58377569
58377669
58377769
58377869
58377969
58378070
58378169
58378269
58378370
58378469
58378569
58378669
58378769
58378869
58378969
58379069
58379169
58379269
58379369
58379469
58379569
58379669
58379769
58379869
58379969
58380068
58380169
58380269
58380368
58380469
58380569
58380668
58380769
58380869
58380968
58381069
58381169
58381268
58381369
58381468
58381569
58381669
58381768
58381869
58381969
58382068
58382169
58382269
58382369
58382469
58382569
58382668
58382769
58382868
58382968
58383069
58383168
58383268
58383369
58383469
58383568
58383669
58383768
58383969
58384068
58384168
58384269
58384373
58384468
58384568
58384668
58384769
58384868
58384968
58385069
58385168
58385268
58385369
58385468
58385568
58385669
58385768
58385868
58385968
58386068
58386168
58386268
58386368
58386468
58386568
58386668
58386768
58386868
58386968
58387068
58387168
58387268
58387367
58387468
58387568
58387667
58387768
58387868
58387968
58388068
58388168
58388268
58388368
58388468
58388568
58388668
58388768
58388868
58388968
58389067
58389168
58389268
58389367
58389468
58389568
58389667
58389768
58389868
58389967
58390068
58390168
58390267
58390368
58390467
58390567
58390668
58390767
58390867
58390968
58391067
58391168
58391268
58391367
58391468
58391568
58391667
58391768
58391868
58391967
58392068
58392168
58392267
58392368
58392467
58392567
58392668
58392767
58392867
58392968
58393067
58393167
58393267
58393367
58393467
58393567
58393667
58393767
58393867
58393967
58394067
58394167
58394267
58394368
58394468
58394567
58394668
58394767
58394867
58394967
58395067
58395167
58395267
58395367
58395467
58395567
58395667
58395767
58395867
58395967
58396067
58396167
58396267
58396374
58396467
58396567
58396666
58396767
58396867
58396966
58397067
58397167
58397266
58397367
58397467
58397566
58397667
58397767
58397867
58397967
58398066
58398167
58398267
58398467
58398567
58398666
58398767
58398867
58398966
58399067
58399167
58399266
58399367
58399467
58399567
58399667
58399767
58399866
58399967
58400066
58400166
58400267
58400366
58400466
58400572
58400666
58400766
58400866
58400966
58401067
58401166
58401266
58401367
58401466
58401566
58401667
58401766
58401866
58401967
58402066
58402166
58402266
58402366
58402466
58402566
58402666
58402766
58402866
58402966
58403066
58403166
58403266
58403366
58403466
58403566
58403666
58403766
58403866
58403965
58404066
58404166
58404265
58404366
58404466
58404566
58404666
58404766
58404866
58404966
58405066
58405166
58405266
58405366
58405466
58405566
58405665
58405766
58405866
58405965
58406066
58406166
58406265
58406366
58406466
58406565
58406666
58406766
58406865
58406966
58407066
58407165
58407266
58407370
58407465
58407566
58407665
58407766
58407866
58407965
58408066
58408166
58408265
58408366
58408465
58408565
58408666
58408765
58408865
58408966
58409065
58409165
58409266
58409365
58409465
58409566
58409665
58409765
58409866
58409965
58410065
58410165
58410265
58410365
58410465
58410565
58410665
58410765
58410865
58410966
58411065
58411165
58411266
58411365
58411467
58411565
58411665
58411765
58411865
58411965
58412065
58412165
58412265
58412368
58412465
58412565
58412665
58412765
58412865
58412964
58413065
58413165
58413264
58413365
58413465
58413564
58413665
58413765
58413864
58413965
58414065
58414164
58414265
58414369
58414465
58414565
58414665
58414765
58414865
58414964
58415065
58415165
58415264
58415365
58415465
58415564
58415669
58415765
58415864
58415965
58416064
58416164
58416265
58416364
58416464
58416565
58416664
58416764
58416865
58416964
58417064
58417165
58417264
58417364
58417465
58417564
58417665
58417764
58417864
58417965
58418064
58418164
58418265
58418364
58418464
58418565
58418664
58418764
58418864
58418964
58419064
58419164
58419264
58419364
58419464
58419564
58419664
58419764
58419864
58419964
58420064
58420164
58420264
58420364
58420464
58420563
58420666
58420764
58420864
58420964
58421064
58421164
58421264
58421364
58421464
58421564
58421664
58421764
58421864
58421964
58422064
58422164
58422263
58422364
58422464
58422664
58422764
58422863
58422964
58423064
58423163
58423264
58423363
58423463
58423564
58423663
58423763
58423864
58423963
58424064
58424164
58424263
58424364
58424464
58424563
58424664
58424764
58424863
58424964
58425063
58425163
58425264
58425363
58425463
58425564
58425663
58425763
58425864
58425963
58426063
58426164
58426263
58426368
58426463
58426563
58426663
58426763
58426863
58426963
58427063
58427163
58427264
58427363
58427463
58427564
58427663
58427763
58427863
58427963
58428063
58428163
58428263
58428363
58428463
58428563
58428663
58428763
58428863
58428963
58429063
58429163
58429262
58429363
58429463
58429562
58429663
58429763
58429863
58429963
58430063
58430162
58430263
58430363
58430462
58430563
58430663
58430763
58430863
58430962
58431063
58431163
58431262
58431363
58431463
58431567
58431663
58431763
58431862
58431963
58432063
58432162
58432263
58432363
58432462
58432563
58432662
58432762
58432863
58432962
58433062
58433163
58433262
58433362
58433463
58433562
58433662
58433763
58433862
58433963
58434062
58434162
58434263
58434362
58434462
58434563
58434662
58434762
58434863
58434962
58435062
58435163
58435262
58435362
58435462
58435562
58435662
58435762
58435862
58435962
58436062
58436162
58436262
58436362
58436466
58436562
58436662
58436762
58436861
58436962
58437062
58437161
58437262
58437362
58437462
58437562
58437662
58437762
58437862
58437962
58438062
58438162
58438262
58438362
58438462
58438561
58438662
58438762
58438861
58438962
58439062
58439161
58439262
58439362
58439508
58439562
58439662
58439761
58439862
58439961
58440061
58440162
58440261
58440361
58440464
58440561
58440662
58440762
58440861
58440962
58441062
58441161
58441262
58441361
58441461
58441562
58441661
58441761
58441862
58441961
58442061
58442162
58442261
58442361
58442462
58442563
58442661
58442762
58442861
58442961
58443061
58443161
58443261
58443361
58443461
58443561
58443661
58443761
58443862
58443961
58444061
58444162
58444261
58444367
58444461
58444561
58444661
58444761
58444861
58444961
58445061
58445161
58445261
58445361
58445461
58445561
58445661
58445764
58445860
58445961
58446061
58446160
58446261
58446361
58446460
58446561
58446661
58446760
58446861
58446961
58447060
58447161
58447261
58447363
58447461
58447560
58447661
58447761
58447860
58447961
58448061
58448160
58448261
58448361
58448460
58448561
58448661
58448760
58448861
58448960
58449060
58449161
58449260
58449360
58449461
58449560
58449660
58449761
58449860
58449960
58450061
58450160
58450260
58450360
58450460
58450561
58450660
58450760
58450861
58450960
58451060
58451161
58451260
58451360
58451461
58451560
58451660
58451761
58451860
58451960
58452060
58452160
58452260
58452360
58452460
58452560
58452660
58452760
58452860
58452960
58453060
58453160
58453260
58453360
58453459
58453560
58453660
58453760
58453860
58453960
58454060
58454160
58454260
58454362
58454460
58454560
58454660
58454760
58454860
58454960
58455060
58455159
58455260
58455360
58455459
58455560
58455660
58455759
58455860
58455960
58456059
58456160
58456259
58456359
58456460
58456568
58456659
58456760
58456859
58456960
58457060
58457159
58457260
58457360
58457459
58457560
58457660
58457759
58457860
58457959
58458059
58458160
58458259
58458359
58458460
58458559
58458659
58458760
58458859
58458959
58459060
58459159
58459259
58459359
58459459
58459559
58459659
58459759
58459859
58459959
58460059
58460160
58460259
58460359
58460460
58460559
58460659
58460760
58460859
58460959
58461059
58461159
58461259
58461359
58461459
58461559
58461659
58461759
58461859
58461959
58462059
58462159
58462259
58462359
58462459
58462564
58462659
58462759
58462859
58462959
58463058
58463159
58463259
58463358
58463459
58463559
58463659
58463759
58463858
58463959
58464059
58464158
58464259
58464364
58464458
58464559
58464659
58464758
58464859
58464959
58465058
58465159
58465259
58465360
58465459
58465559
58465658
58465765
58465858
58465958
58466059
58466158
58466258
58466359
58466458
58466558
58466659
58466758
58466859
58466958
58467058
58467159
58467258
58467358
58467459
58467558
58467658
58467759
58467858
58467958
58468059
58468158
58468258
58468359
58468458
58468560
58468658
58468758
58468858
58468958
58469058
58469158
58469258
58469358
58469458
58469558
58469658
58469758
58469858
58469958
58470057
58470158
58470258
58470359
58470461
58470558
58470658
58470758
58470858
58470958
58471058
58471158
58471258
58471358
58471457
58471558
58471658
58471757
58471858
58471958
58472057
58472158
58472258
58472357
58472458
58472558
58472657
58472758
58472858
58472957
58473058
58473157
58473257
58473358
58473457
58473558
58473658
58473757
58473858
58473958
58474057
58474158
58474258
58474357
58474458
58474558
58474657
58474758
58474857
58474957
58475058
58475157
58475257
58475358
58475457
58475557
58475658
58475757
58475857
58475957
58476057
58476157
58476257
58476357
58476457
58476557
58476657
58476758
58476857
58476957
58477058
58477157
58477257
58477357
58477457
58477557
58477657
58477757
58477857
58477957
58478057
58478157
58478257
58478357
58478457
58478557
58478657
58478757
58478857
58478957
58479056
58479157
58479257
58479356
58479457
58479557
58479656
58479757
58479857
58479956
58480057
58480157
58480257
58480357
58480456
58480557
58480660
58480756
58480857
58480957
58481056
58481157
58481257
58481356
58481457
58481557
58481656
58481757
58481856
58481956
58482057
58482156
58482256
58482357
58482456
58482556
58482657
58482756
58482856
58482957
58483056
58483156
58483257
58483356
58483457
58483556
58483656
58483757
58483856
58483956
58484057
58484156
58484256
58484357
58484456
58484556
58484657
58484756
58484856
58484956
58485056
58485156
58485256
58485356
58485456
58485556
58485656
58485756
58485856
58485956
58486056
58486156
58486256
58486355
58486456
58486556
58486656
58486756
58486856
58486956
58487056
58487156
58487256
58487356
58487456
58487561
58487656
58487756
58487856
58487956
58488055
58488156
58488256
58488357
58488456
58488556
58488655
58488756
58488856
58488955
58489056
58489156
58489255
58489356
58489460
58489555
58489656
58489755
58489856
58489956
58490055
58490156
58490256
58490355
58490456
58490556
58490655
58490756
58490856
58490955
58491056
58491155
58491255
58491356
58491455
58491555
58491656
58491755
58491855
58491956
58492055
58492155
58492256
58492355
58492455
58492555
58492655
58492755
58492855
58492955
58493056
58493155
58493255
58493359
58493455
58493555
58493656
58493755
58493855
58493955
58494055
58494155
58494255
58494355
58494455
58494655
58494755
58494855
58494955
58495055
58495155
58495255
58495355
58495455
58495555
58495654
58495755
58495855
58495954
58496055
58496155
58496254
58496355
58496455
58496555
58496655
58496755
58496855
58496955
58497054
58497155
58497255
58497354
58497458
58497555
58497654
58497755
58497855
58497954
58498055
58498155
58498254
58498355
58498455
58498554
58498655
58498754
58498854
58498955
58499054
58499154
58499255
58499354
58499454
58499555
58499654
58499755
58499855
58499954
58500055
58500154
58500254
58500355
58500454
58500554
58500655
58500754
58500854
58500955
58501054
58501154
58501255
58501354
58501454
58501554
58501654
58501754
58501854
58501954
