56702666
56702728
56702802
56702842
56703630
56703690
56703765
56703805
56704628
56704690
56704764
56704804
56705682
56705742
56705816
56705890
56705959
56706035
56706080
56706618
56706679
56706755
56706796
56707605
56707666
56707742
56707783
56708682
56708743
56708818
56708859
56709680
56709737
56709813
56709854
56710623
56710683
56710757
56710831
56710895
56710971
56711012
56711618
56711685
56711754
56711795
56712594
56712655
56712731
56712772
56713595
56713656
56713733
56713779
56714600
56714661
56714736
56714779
56715561
56715622
56715696
56715769
56715834
56715909
56715949
56716679
56716739
56716814
56716854
56717666
56717727
56717803
56717844
56718684
56718741
56718817
56718858
56719669
56719730
56719806
56719847
56720659
56720720
56720794
56720868
56720932
56721008
56721049
56721615
56721678
56721753
56721794
56722653
56722713
56722790
56722830
56723678
56723737
56723813
56723854
56724567
56724629
56724705
56724746
56725554
56725615
56725689
56725763
56725827
56725903
56725944
56726604
56726666
56726742
56726782
56727620
56727682
56727757
56727798
56728600
56728660
56728736
56728777
56729621
56729682
56729758
56729799
56730679
56730739
56730813
56730887
56730951
56731027
56731070
56731621
56731703
56731758
56731799
56732628
56732691
56732767
56732847
56733679
56733741
56733815
56733855
56734619
56734682
56734758
56734799
56735554
56735618
56735691
56735765
56735835
56735910
56735951
56736612
56736676
56736749
56736790
56737552
56737613
56737689
56737730
56738664
56738725
56738801
56738842
56739678
56739738
56739814
56739855
56740686
56740750
56740824
56740897
56740967
56741043
56741085
56741676
56741734
56741810
56741851
56742604
56742666
56742742
56742782
56743612
56743675
56743749
56743790
56744610
56744675
56744748
56744788
56745675
56745734
56745807
56745881
56745951
56746027
56746067
56746635
56746695
56746775
56746812
56747675
56747735
56747810
56747851
56748550
56748611
56748687
56748728
56749623
56749686
56749762
56749803
56750559
56750621
56750696
56750774
56750838
56750914
56750955
56751625
56751688
56751764
56751805
56752630
56752694
56752774
56752811
56753641
56753704
56753780
56753821
56754666
56754729
56754805
56754846
56755679
56755742
56755816
56755890
56755959
56756035
56756077
56756617
56756679
56756755
56756796
56757619
56757683
56757758
56757799
56758662
56758725
56758801
56758842
56759673
56759731
56759806
56759847
56760666
56760729
56760803
56760877
56760946
56761022
56761063
56761655
56761718
56761794
56761835
56762608
56762678
56762747
56762788
56763660
56763723
56763799
56763840
56764673
56764734
56764811
56764852
56765634
56765698
56765772
56765845
56765915
56765990
56766031
56766680
56766743
56766819
56766860
56767628
56767690
56767772
56767807
56768627
56768691
56768777
56768807
56769664
56769727
56769803
56769844
56770621
56770683
56770757
56770831
56770900
56770976
56771017
56771616
56771680
56771756
56771796
56772612
56772674
56772750
56772792
56773610
56773690
56773749
56773790
56774609
56774673
56774749
56774790
56775618
56775682
56775755
56775829
56775899
56775976
56776015
56776614
56776678
56776754
56776795
56777563
56777626
56777702
56777743
56778582
56778643
56778719
56778760
56779529
56779590
56779671
56779707
56780591
56780652
56780726
56780800
56780875
56780942
56780983
56781579
56781640
56781716
56781757
56782601
56782662
56782738
56782779
56783545
56783606
56783682
56783723
56784593
56784654
56784731
56784772
56785570
56785627
56785700
56785774
56785842
56785917
56785958
56786592
56786653
56786728
56786770
56787604
56787670
56787741
56787782
56788552
56788614
56788689
56788730
56789552
56789613
56789689
56789730
56790606
56790670
56790742
56790815
56790883
56790959
56791000
56791581
56791643
56791718
56791759
56792583
56792644
56792720
56792761
56793590
56793652
56793728
56793769
56794603
56794669
56794740
56794781
56795538
56795598
56795674
56795746
56795813
56795889
56795930
56796609
56796669
56796746
56796787
56797608
56797670
56797746
56797787
56798607
56798668
56798744
56798785
56799543
56799604
56799680
56799721
56800536
56800596
56800670
56800744
56800812
56800887
56800928
56801595
56801655
56801730
56801771
56802244
56802305
56802379
56802420
56803234
56803295
56803373
56803410
56804228
56804288
56804368
56804404
56805226
56805286
56805359
56805433
56805499
56805574
56805615
56806217
56806278
56806352
56806393
56807234
56807294
56807372
56807410
56808224
56808285
56808359
56808400
56809219
56809279
56809354
56809394
56810226
56810287
56810360
56810433
56810500
56810574
56810615
56811247
56811308
56811382
56811423
56812238
56812299
56812375
56812414
56813221
56813282
56813357
56813398
56814233
56814294
56814371
56814409
56815225
56815285
56815358
56815431
56815486
56815566
56815602
56816243
56816304
56816378
56816419
56817216
56817276
56817351
56817392
56818223
56818283
56818358
56818399
56819232
56819293
56819368
56819408
56820232
56820292
56820366
56820439
56820494
56820569
56820610
56821213
56821273
56821348
56821389
56822232
56822292
56822371
56822408
56823221
56823281
56823357
56823397
56824241
56824301
56824376
56824416
56825242
56825303
56825376
56825449
56825504
56825579
56825620
56826220
56826280
56826355
56826396
56827234
56827294
56827367
56827406
56828221
56828281
56828355
56828395
56829220
56829281
56829355
56829394
56830224
56830284
56830358
56830432
56830487
56830565
56830602
56831550
56831611
56831686
56831726
56832601
56832664
56832737
56832777
56833532
56833594
56833670
56833709
56834542
56834603
56834677
56834717
56835530
56835591
56835664
56835738
56835794
56835870
56835911
56836584
56836644
56836720
56836768
56837582
56837643
56837720
56837764
56838522
56838583
56838664
56838700
56839575
56839635
56839711
56839752
56840582
56840642
56840716
56840790
56840846
56840922
56840964
56841548
56841609
56841684
56841725
56842506
56842568
56842643
56842684
56843507
56843569
56843644
56843685
56844595
56844656
56844732
56844773
56845562
56845619
56845692
56845767
56845821
56845897
56845938
56846571
56846632
56846706
56846745
56847596
56847663
56847733
56847774
56848567
56848625
56848701
56848742
56849573
56849635
56849711
56849752
56850497
56850567
56850632
56850706
56850767
56850837
56850878
56851575
56851637
56851713
56851753
56852534
56852595
56852671
56852712
56853575
56853636
56853711
56853752
56854525
56854586
56854662
56854703
56855538
56855600
56855673
56855747
56855802
56855878
56855919
56856539
56856600
56856676
56856717
56857562
56857622
56857698
56857739
56858576
56858638
56858714
56858755
56859531
56859591
56859667
56859708
56860567
56860628
56860702
56860776
56860833
56860910
56860951
56861584
56861645
56861721
56861762
56862544
56862605
56862682
56862722
56863543
56863604
56863680
56863721
56864591
56864653
56864729
56864770
56865573
56865635
56865709
56865782
56865841
56865916
56865960
56866543
56866604
56866680
56866720
56867588
56867648
56867724
56867765
56868534
56868594
56868670
56868711
56869571
56869633
56869708
56869749
56870572
56870632
56870706
56870779
56870838
56870914
56870965
56871504
56871566
56871642
56871683
56872544
56872604
56872687
56872721
56873545
56873606
56873681
56873722
56874548
56874608
56874684
56874725
56875596
56875664
56875731
56875805
56875864
56875936
56875977
56876524
56876585
56876661
56876702
56877527
56877588
56877664
56877705
56878583
56878644
56878720
56878764
56879558
56879614
56879690
56879731
56880569
56880630
56880703
56880778
56880833
56880909
56880950
56881531
56881593
56881669
56881710
56882563
56882621
56882697
56882738
56883558
56883618
56883694
56883735
56884572
56884634
56884710
56884758
56885524
56885586
56885660
56885734
56885792
56885868
56885909
56886575
56886634
56886710
56886751
56887563
56887626
56887702
56887743
56888557
56888619
56888694
56888735
56889545
56889609
56889684
56889725
56890557
56890616
56890690
56890764
56890821
56890897
56890938
56891557
56891620
56891697
56891738
56892579
56892643
56892719
56892760
56893602
56893666
56893742
56893783
56894560
56894623
56894699
56894740
56895561
56895616
56895689
56895763
56895820
56895897
56895938
56896601
56896664
56896740
56896781
56897594
56897656
56897733
56897774
56898591
56898661
56898729
56898770
56899535
56899599
56899675
56899716
56900600
56900664
56900738
56900811
56900869
56900944
56900985
56901517
56901579
56901656
56901696
56902597
56902661
56902735
56902776
56903597
56903686
56903735
56903776
56904594
56904656
56904732
56904773
56905596
56905660
56905734
56905807
56905865
56905940
56905981
56906513
56906575
56906655
56906693
56907564
56907627
56907703
56907744
56908544
56908607
56908683
56908724
56909555
56909618
56909693
56909734
56910515
56910577
56910655
56910725
56910778
56910855
56910895
56911587
56911660
56911726
56911767
56912527
56912590
56912666
56912707
56913571
56913635
56913711
56913755
56914588
56914654
56914727
56914768
56915539
56915602
56915676
56915753
56915803
56915878
56915919
56916515
56916576
56916654
56916692
56917593
56917656
56917732
56917773
56918553
56918611
56918687
56918728
56919527
56919590
56919666
56919707
56920587
56920658
56920723
56920797
56920858
56920926
56920967
56921579
56921641
56921717
56921758
56922530
56922594
56922670
56922711
56923553
56923611
56923686
56923727
56924570
56924633
56924708
56924753
56925563
56925627
56925701
56925774
56925827
56925902
56925943
56926540
56926604
56926680
56926721
56927537
56927599
56927675
56927716
56928586
56928653
56928726
56928765
56929581
56929644
56929720
56929761
56930576
56930639
56930713
56930787
56930841
56930917
56930958
56931591
56931653
56931730
56931771
56932591
56932655
56932730
56932771
56933531
56933595
56933698
56933711
56934589
56934652
56934728
56934769
56935583
56935652
56935719
56935793
56935852
56935924
56935965
56936559
56936623
56936697
56936739
56937534
56937597
56937673
56937714
56938574
56938638
56938714
56938755
56939518
56939582
56939657
56939699
56940507
56940570
56940644
56940718
56940771
56940856
56940888
56941505
56941568
56941643
56941684
56942551
56942613
56942689
56942730
56943519
56943583
56943659
56943699
56944499
56944563
56944638
56944679
56945581
56945643
56945717
56945790
56945844
56945920
56945960
56946554
56946618
56946694
56946735
56947530
56947594
56947670
56947710
56948574
56948637
56948712
56948754
56949522
56949585
56949661
56949702
56950556
56950620
56950693
56950767
56950820
56950895
56950937
56951578
56951642
56951717
56951758
56952550
56952613
56952687
56952726
56953552
56953615
56953691
56953732
56954565
56954628
56954703
56954755
56955568
56955631
56955704
56955779
56955831
56955907
56955950
56956511
56956574
56956650
56956691
56957579
56957642
56957717
56957759
56958508
56958571
56958649
56958688
56959563
56959626
56959702
56959749
56960496
56960560
56960633
56960707
56960759
56960835
56960876
56961516
56961579
56961654
56961695
56962510
56962585
56962650
56962691
56963570
56963633
56963708
56963749
56964519
56964583
56964659
56964700
56965516
56965578
56965652
56965726
56965784
56965860
56965901
56966564
56966628
56966704
56966748
56967555
56967618
56967694
56967735
56968522
56968585
56968660
56968701
56969572
56969635
56969711
56969752
56970577
56970640
56970714
56970787
56970847
56970921
56970962
56971564
56971627
56971703
56971747
56972557
56972620
56972696
56972737
56973553
56973617
56973692
56973733
56974511
56974572
56974648
56974689
56975582
56975646
56975718
56975792
56975850
56975926
56975967
56976574
56976637
56976713
56976754
56977506
56977567
56977646
56977684
56978553
56978616
56978692
56978733
56979507
56979568
56979646
56979685
56980533
56980596
56980670
56980746
56980801
56980877
56980918
56981551
56981605
56981681
56981722
56982497
56982560
56982636
56982677
56983508
56983572
56983648
56983689
56984566
56984630
56984706
56984747
56985552
56985616
56985689
56985762
56985821
56985896
56985937
56986553
56986616
56986692
56986733
56987577
56987645
56987716
56987757
56988563
56988626
56988701
56988745
56989498
56989560
56989636
56989677
56990554
56990617
56990691
56990784
56990822
56990898
56990950
56991552
56991616
56991690
56991732
56992570
56992633
56992709
56992750
56993597
56993660
56993736
56993777
56994560
56994623
56994699
56994744
56995525
56995589
56995661
56995735
56995793
56995869
56995910
56996576
56996644
56996714
56996756
56997521
56997584
56997660
56997701
56998546
56998609
56998685
56998726
56999567
56999629
56999705
56999749
57000518
57000582
57000655
57000729
57000788
57000864
57000905
57001510
57001573
57001649
57001690
57002569
57002634
57002710
57002752
57003569
57003633
57003709
57003750
57004571
57004637
57004712
57004753
57005509
57005575
57005648
57005722
57005779
57005855
57005896
57006551
57006616
57006692
57006733
57007500
57007564
57007643
57007681
57008571
57008643
57008712
57008753
57009549
57009614
57009690
57009731
57010563
57010628
57010701
57010776
57010833
57010909
57010950
57011502
57011566
57011642
57011683
57012552
57012617
57012692
57012733
57013541
57013601
57013677
57013718
57014530
57014595
57014671
57014712
57015519
57015584
57015658
57015732
57015790
57015866
57015907
57016534
57016598
57016674
57016715
57017533
57017598
57017674
57017715
57018476
57018547
57018617
57018658
57019577
57019641
57019717
57019758
57020559
57020624
57020698
57020772
57020829
57020906
57020946
57021501
57021566
57021646
57021681
57022526
57022592
57022666
57022706
57023579
57023644
57023719
57023759
57024516
57024580
57024655
57024695
57025508
57025573
57025647
57025721
57025778
57025853
57025893
57026557
57026623
57026698
57026741
57027555
57027620
57027695
57027745
57028507
57028573
57028647
57028687
57029525
57029591
57029665
57029705
57030560
57030626
57030700
57030773
57030831
57030905
57030945
57031548
57031614
57031689
57031729
57032477
57032542
57032616
57032656
57033515
57033580
57033655
57033695
57034513
57034578
57034653
57034693
57035533
57035597
57035671
57035745
57035803
57035878
57035918
57036575
57036640
57036715
57036754
57037564
57037629
57037704
57037744
57038546
57038612
57038686
57038727
57039524
57039590
57039665
57039705
57040549
57040615
57040689
57040762
57040820
57040894
57040939
57041585
57041650
57041725
57041765
57042573
57042638
57042713
57042753
57043497
57043563
57043639
57043678
57044564
57044629
57044704
57044744
57045517
57045582
57045656
57045730
57045799
57045874
57045914
57046506
57046572
57046646
57046686
57047505
57047571
57047646
57047686
57048638
57048699
57048774
57048814
57049574
57049643
57049714
57049754
57050588
57050653
57050727
57050801
57050867
57050942
57050981
57051646
57051712
57051787
57051827
57052546
57052611
57052686
57052726
57053518
57053584
57053659
57053699
57054570
57054637
57054710
57054750
57055494
57055559
57055642
57055707
57055773
57055848
57055888
57056551
57056617
57056692
57056737
57057546
57057610
57057685
57057725
57058552
57058617
57058692
57058742
57059550
57059615
57059690
57059736
57060641
57060696
57060769
57060843
57060910
57060984
57061024
57061566
57061641
57061706
57061746
57062500
57062565
57062640
57062680
57063576
57063642
57063716
57063756
57064536
57064598
57064673
57064713
57065637
57065703
57065777
57065850
57065917
57065992
57066036
57066590
57066655
57066735
57066770
57067566
57067635
57067704
57067744
57068578
57068644
57068719
57068759
57069635
57069698
57069772
57069812
57070572
57070637
57070710
57070784
57070851
57070925
57070965
57071522
57071588
57071664
57071766
57072559
57072624
57072700
57072741
57073647
57073713
57073788
57073835
57074573
57074638
57074714
57074755
57075639
57075697
57075771
57075845
57075911
57075987
57076028
57076624
57076689
57076765
57076806
57077625
57077690
57077766
57077807
57078609
57078675
57078750
57078790
57079608
57079672
57079748
57079789
57080559
57080625
57080698
57080772
57080839
57080914
57080955
57081641
57081707
57081783
57081824
57082621
57082687
57082763
57082804
57083564
57083638
57083704
57083745
57084615
57084681
57084756
57084797
57085593
57085659
57085733
57085806
57085873
57085948
57085989
57086500
57086565
57086641
57086682
57087509
57087575
57087650
57087691
57088459
57088525
57088601
57088642
57089506
57089571
57089646
57089688
57090626
57090691
57090764
57090838
57090905
57090980
57091021
57091618
57091683
57091759
57091800
57092576
57092641
57092717
57092758
57093574
57093640
57093715
57093756
57094640
57094705
57094780
57094821
57095515
57095580
57095654
57095737
57095794
57095870
57095911
57096576
57096641
57096717
57096758
57097638
57097704
57097780
57097821
57098543
57098607
57098683
57098724
57099604
57099670
57099746
57099787
57100611
57100677
57100750
57100824
57100891
57100966
57101007
57101587
57101652
57101736
57101769
57102622
57102688
57102763
57102804
57103590
57103655
57103731
57103772
57104644
57104708
57104784
57104831
57105544
57105609
57105683
57105757
57105823
57105899
57105940
57106486
57106549
57106635
57106666
57107516
57107581
57107657
57107698
57108574
57108639
57108715
57108756
57109577
57109642
57109718
57109758
57110621
57110686
57110760
57110834
57110900
57110976
57111017
57111513
57111578
57111653
57111695
57112562
57112630
57112702
57112743
57113509
57113575
57113650
57113690
57114561
57114630
57114701
57114741
57115629
57115691
57115764
57115838
57115905
57115978
57116018
57116605
57116668
57116743
57116783
57117568
57117634
57117707
57117748
57118641
57118706
57118781
57118836
57119633
57119698
57119774
57119815
57120575
57120641
57120714
57120788
57120854
57120929
57120970
57121534
57121600
57121676
57121717
57122487
57122551
57122629
57122669
57123543
57123608
57123683
57123728
57124567
57124633
57124706
57124746
57125535
57125601
57125675
57125748
57125815
57125890
57125929
57126537
57126602
57126677
57126717
57127477
57127542
57127617
57127657
57128589
57128654
57128729
57128769
57129606
57129669
57129744
57129784
57130532
57130589
57130662
57130736
57130808
57130883
57130933
57131575
57131640
57131715
57131755
57132557
57132627
57132697
57132737
57133613
57133678
57133753
57133793
57134475
57134539
57134614
57134654
57135502
57135566
57135640
57135714
57135785
57135860
57135900
57136537
57136599
57136673
57136713
57137627
57137688
57137763
57137803
57138499
57138565
57138638
57138679
57139618
57139684
57139758
57139799
57140634
57140699
57140772
57140846
57140918
57140993
57141032
57141548
57141613
57141688
57141728
57142552
57142617
57142691
57142731
57143566
57143631
57143706
57143746
57144566
57144632
57144707
57144747
57145509
57145573
57145646
57145725
57145791
57145866
57145906
57146614
57146680
57146755
57146795
57147614
57147678
57147753
57147793
57148603
57148668
57148743
57148783
57149575
57149640
57149715
57149755
57150617
57150683
57150756
57150830
57150901
57150976
57151015
57151496
57151561
57151636
57151676
57152562
57152627
57152702
57152742
57153462
57153527
57153601
57153642
57154611
57154676
57154751
57154791
57155513
57155578
57155652
57155726
57155798
57155871
57155912
57156562
57156627
57156702
57156742
57157611
57157677
57157751
57157791
57158538
57158603
57158678
57158729
57159507
57159573
57159648
57159688
57160541
57160606
57160680
57160754
57160824
57160899
57160939
57161556
57161629
57161698
57161739
57162624
57162689
57162765
57162806
57163638
57163704
57163780
57163824
57164559
57164701
57164708
57164740
57165629
57165693
57165800
57165841
57165913
57166000
57166029
57166534
57166600
57166675
57166716
57167560
57167626
57167702
57167742
57168581
57168647
57168722
57168763
57169628
57169693
57169769
57169810
57170527
57170592
57170666
57170740
57170811
57170887
57170928
57171566
57171632
57171707
57171748
57172523
57172584
57172660
57172701
57173562
57173627
57173703
57173744
57174579
57174644
57174722
57174761
57175560
57175623
57175697
57175771
57175842
57175922
57175959
57176498
57176563
57176639
57176680
57177509
57177575
57177651
57177692
57178604
57178668
57178743
57178784
57179557
57179623
57179698
57179740
57180563
57180627
57180701
57180775
57180847
57180926
57180963
57181535
57181600
57181676
57181726
57182546
57182612
57182688
57182729
57183568
57183633
57183709
57183750
57184613
57184678
57184754
57184795
57185545
57185610
57185684
57185758
57185829
57185905
57185946
57186568
57186633
57186709
57186750
57187598
57187663
57187738
57187780
57188557
57188623
57188699
57188740
57189506
57189570
57189646
57189687
57190555
57190621
57190694
57190768
57190840
57190920
57190957
57191499
57191565
57191641
57191682
57192525
57192582
57192657
57192698
57193624
57193689
57193764
57193806
57194503
57194566
57194641
57194683
57195574
57195637
57195711
57195785
57195856
57195932
57195973
57196619
57196677
57196752
57196793
57197626
57197689
57197765
57197806
57198553
57198619
57198692
57198733
57199548
57199610
57199685
57199725
57200562
57200625
57200699
57200773
57200844
57200919
57200959
57201496
57201559
57201634
57201674
57202593
57202657
57202732
57202771
57203618
57203681
57203756
57203795
57204595
57204658
57204732
57204772
57205607
57205670
57205744
57205823
57205890
57205964
57206004
57206541
57206604
57206679
57206719
57207470
57207533
57207608
57207648
57208591
57208654
57208729
57208769
57209573
57209636
57209710
57209751
57210601
57210663
57210737
57210811
57210883
57210957
57210997
57211523
57211585
57211660
57211700
57212493
57212556
57212631
57212670
57213493
57213556
57213631
57213671
57214545
57214609
57214684
57214724
57215624
57215688
57215762
57215836
57215907
57215982
57216022
57216624
57216690
57216764
57216804
57217569
57217635
57217710
57217750
57218617
57218678
57218753
57218793
57219551
57219616
57219689
57219729
57220531
57220594
57220668
57220741
57220816
57220887
57220928
57221535
57221599
57221673
57221716
57222529
57222591
57222666
57222706
57223536
57223600
57223674
57223716
57224589
57224651
57224726
57224766
57225536
57225600
57225673
57225747
57225819
57225893
57225933
57226508
57226571
57226646
57226686
57227533
57227596
57227671
57227720
57228468
57228531
57228606
57228646
57229535
57229597
57229672
57229715
57230552
57230615
57230688
57230761
57230833
57230908
57230948
57231621
57231677
57231752
57231792
57232543
57232607
57232680
57232720
57233575
57233639
57233715
57233754
57234492
57234554
57234629
57234669
57235526
57235590
57235663
57235737
57235815
57235886
57235926
57236492
57236554
57236629
57236669
57237545
57237614
57237683
57237724
57238595
57238659
57238733
57238773
57239519
57239572
57239646
57239687
57240561
57240625
57240697
57240771
57240843
57240918
57240957
57241567
57241630
57241705
57241745
57242601
57242663
57242738
57242778
57243591
57243655
57243729
57243769
57244552
57244615
57244690
57244730
57245619
57245671
57245745
57245818
57245890
57245965
57246006
57246535
57246599
57246673
57246713
57247584
57247647
57247722
57247762
57248598
57248660
57248735
57248775
57249516
57249580
57249654
57249694
57250525
57250588
57250662
57250736
57250812
57250882
57250922
57251544
57251612
57251682
57251722
57252532
57252595
57252669
57252713
57253531
57253595
57253669
57253712
57254596
57254660
57254734
57254774
57255513
57255574
57255648
57255721
57255793
57255868
57255912
57256593
57256655
57256731
57256772
57257492
57257555
57257630
57257672
57258562
57258626
57258700
57258742
57259488
57259551
57259627
57259668
57260498
57260562
57260636
57260711
57260781
57260857
57260898
57261499
57261562
57261638
57261679
57262497
57262561
57262636
57262678
57263614
57263678
57263754
57263795
57264550
57264616
57264689
57264730
57265516
57265574
57265648
57265722
57265794
57265869
57265915
57266616
57266669
57266745
57266786
57267542
57267611
57267680
57267722
57268597
57268661
57268737
57268777
57269544
57269611
57269684
57269725
57270532
57270595
57270669
57270743
57270814
57270890
57270931
57271516
57271578
57271654
57271695
57272510
57272568
57272644
57272685
57273595
57273658
57273734
57273775
57274561
57274625
57274700
57274741
57275534
57275597
57275671
57275745
57275816
57275892
57275933
57276574
57276638
57276715
57276754
57277615
57277677
57277753
57277794
57278560
57278623
57278698
57278740
57279468
57279532
57279609
57279648
57280487
57280550
57280624
57280698
57280770
57280845
57280886
57281589
57281651
57281727
57281768
57282549
57282614
57282689
57282729
57283563
57283627
57283702
57283743
57284592
57284656
57284731
57284772
57285587
57285651
57285725
57285798
57285870
57285946
57285987
57286463
57286526
57286608
57286643
57287463
57287527
57287608
57287644
57288608
57288667
57288742
57288783
57289589
57289652
57289728
57289768
57290547
57290610
57290684
57290758
57290829
57290913
57290946
57291588
57291652
57291727
57291768
57292561
57292624
57292700
57292741
57293585
57293648
57293724
57293765
57294592
57294654
57294730
57294771
57295550
57295613
57295687
57295761
57295833
57295908
57295949
57296536
57296600
57296675
57296716
57297546
57297612
57297685
57297726
57298512
57298577
57298653
57298694
57299531
57299595
57299671
57299712
57300566
57300628
57300707
57300775
57300847
57300922
57300962
57301548
57301612
57301685
57301725
57302587
57302650
57302725
57302765
57303546
57303610
57303685
57303725
57304546
57304611
57304684
57304724
57305593
57305656
57305730
57305806
57305875
57305950
57305990
57306634
57306664
57306738
57306779
57307536
57307606
57307674
57307714
57308525
57308589
57308663
57308705
57309469
57309533
57309607
57309647
57310537
57310606
57310674
57310748
57310820
57310895
57310935
57311532
57311594
57311669
57311711
57312540
57312606
57312677
57312717
57313468
57313530
57313605
57313645
57314585
57314649
57314723
57314763
57315557
57315620
57315694
57315768
57315834
57315909
57315949
57316606
57316670
57316745
57316785
57317613
57317677
57317751
57317791
57318554
57318618
57318692
57318732
57319484
57319547
57319622
57319662
57320588
57320651
57320725
57320809
57320864
57320940
57320979
57321584
57321648
57321723
57321764
57322540
57322604
57322679
57322720
57323535
57323603
57323673
57323715
57324583
57324647
57324723
57324764
57325555
57325618
57325691
57325765
57325832
57325906
57325946
57326540
57326604
57326679
57326718
57327521
57327585
57327660
57327704
57328523
57328586
57328661
57328703
57329473
57329537
57329611
57329651
57330541
57330605
57330678
57330752
57330818
57330893
57330933
57331588
57331651
57331726
57331766
57332602
57332661
57332736
57332775
57333524
57333587
57333662
57333703
57334503
57334559
57334634
57334674
57335534
57335608
57335670
57335744
57335811
57335885
57335925
57336482
57336545
57336620
57336659
57337595
57337658
57337733
57337773
57338582
57338645
57338720
57338760
57339450
57339513
57339588
57339628
57340491
57340554
57340627
57340706
57340768
57340843
57340882
57341538
57341606
57341676
57341716
57342469
57342532
57342607
57342647
57343484
57343548
57343623
57343663
57344536
57344602
57344673
57344714
57345585
57345647
57345721
57345801
57345861
57345936
57345976
57346473
57346537
57346612
57346652
57347546
57347609
57347684
57347724
57348592
57348655
57348729
57348769
57349527
57349590
57349664
57349706
57350552
57350616
57350689
57350763
57350830
57350904
57350944
57351537
57351601
57351675
57351715
57352569
57352633
57352708
57352748
57353587
57353651
57353725
57353765
57354593
57354656
57354731
57354771
57355528
57355590
57355664
57355738
57355804
57355879
57355919
57356535
57356605
57356674
57356713
57357474
57357538
57357613
57357652
57358581
57358645
57358720
57358759
57359538
57359604
57359676
57359716
57360531
57360600
57360667
57360741
57360807
57360882
57360922
57361504
57361557
57361632
57361672
57362515
57362578
57362653
57362699
57363458
57363523
57363599
57363638
57364481
57364544
57364619
57364659
57365482
57365545
57365619
57365703
57365765
57365839
57365879
57366591
57366653
57366728
57366768
57367465
57367529
57367631
57367644
57368475
57368539
57368613
57368653
57369520
57369583
57369658
57369703
57370510
57370573
57370647
57370721
57370798
57370867
57370907
57371512
57371576
57371651
57371691
57372442
57372506
57372579
57372619
57373527
57373590
57373664
57373705
57374515
57374577
57374652
57374698
57375518
57375581
57375654
57375728
57375800
57375875
57375915
57376518
57376580
57376655
57376698
57377516
57377580
57377654
57377702
57378515
57378579
57378654
57378697
57379505
57379568
57379643
57379683
57380480
57380542
57380616
57380689
57380761
57380836
57380876
57381528
57381597
57381666
57381707
57382430
57382497
57382568
57382608
57383513
57383576
57383651
57383697
57384427
57384502
57384565
57384605
57385440
57385503
57385577
57385651
57385722
57385801
57385837
57386489
57386555
57386630
57386670
57387481
57387544
57387619
57387659
57388454
57388520
57388596
57388635
57389442
57389505
57389580
57389620
57390527
57390601
57390664
57390738
57390810
57390884
57390924
57391513
57391577
57391651
57391695
57392505
57392569
57392644
57392684
57393445
57393508
57393583
57393623
57394525
57394587
57394662
57394702
57395534
57395600
57395674
57395747
57395819
57395895
57395936
57396495
57396560
57396636
57396677
57397530
57397595
57397669
57397710
57398477
57398543
57398619
57398660
57399540
57399606
57399681
57399723
57400526
57400595
57400664
57400737
57400809
57400885
57400926
57401427
57401494
57401566
57401607
57402517
57402583
57402658
57402699
57403483
57403547
57403623
57403665
57404466
57404531
57404607
57404648
57405526
57405599
57405664
57405737
57405809
57405885
57405926
57406469
57406534
57406610
57406651
57407473
57407539
57407614
57407655
57408539
57408605
57408680
57408721
57409505
57409570
57409646
57409693
57410521
57410586
57410659
57410733
57410804
57410880
57410921
57411516
57411581
57411657
57411698
57412496
57412561
57412637
57412678
57413531
57413598
57413672
57413713
57414510
57414576
57414651
57414697
57415445
57415511
57415584
57415658
57415730
57415805
57415846
57416485
57416551
57416627
57416668
57417475
57417540
57417615
57417657
57418498
57418562
57418638
57418679
57419492
57419553
57419629
57419670
57420512
57420577
57420651
57420725
57420797
57420872
57420913
57421483
57421548
57421624
57421665
57422507
57422572
57422648
57422697
57423474
57423540
57423616
57423656
57424441
57424506
57424582
57424623
57425432
57425497
57425570
57425644
57425716
57425792
57425832
57426496
57426561
57426636
57426677
57427523
57427592
57427664
57427705
57428508
57428574
57428648
57428691
57429467
57429530
57429606
57429647
57430519
57430584
57430658
57430731
57430803
57430879
57430920
57431462
57431528
57431604
57431645
57432505
57432569
57432645
57432690
57433475
57433537
57433613
57433654
57434517
57434580
57434656
57434697
57435527
57435595
57435665
57435740
57435810
57435890
57435927
57436448
57436513
57436591
57436630
57437495
57437558
57437634
57437675
57438527
57438593
57438667
57438709
57439525
57439591
57439667
57439708
57440438
57440501
57440575
57440649
57440714
57440790
57440831
57441482
57441546
57441622
57441662
57442444
57442507
57442583
57442624
57443497
57443560
57443636
57443677
57444510
57444576
57444652
57444692
57445464
57445529
57445603
57445677
57445742
57445818
57445859
57446459
57446524
57446600
57446641
57447500
57447566
57447642
57447689
57448461
57448526
57448602
57448643
57449465
57449531
57449607
57449648
57450527
57450594
57450667
57450740
57450807
57450889
57450924
57451498
57451564
57451639
57451680
57452407
57452471
57452547
57452589
57453466
57453528
57453602
57453644
57454488
57454542
57454618
57454659
57455502
57455563
57455637
57455711
57455777
57455852
57455892
57456521
57456592
57456659
57456699
57457451
57457514
57457589
57457629
57458523
57458587
57458660
57458701
57459487
57459551
57459624
57459665
57460504
57460566
57460639
57460713
57460780
57460854
57460894
57461492
57461544
57461619
57461659
57462464
57462529
57462603
57462643
57463443
57463507
57463587
57463622
57464465
57464530
57464605
57464645
57465487
57465551
57465625
57465699
57465765
57465840
57465886
57466491
57466554
57466629
57466669
57467430
57467494
57467568
57467608
57468521
57468587
57468659
57468699
57469440
57469503
57469578
57469618
57470450
57470516
57470589
57470663
57470730
57470804
57470844
57471466
57471532
57471606
57471646
57472506
57472572
57472647
57472687
57473457
57473522
57473597
57473637
57474412
57474477
57474551
57474591
57475486
57475551
57475624
57475698
57475765
57475840
57475886
57476459
57476525
57476599
57476639
57477492
57477558
57477633
57477672
57478466
57478530
57478604
57478644
57479488
57479554
57479628
57479668
57480489
57480542
57480615
57480690
57480756
57480830
57480870
57481506
57481570
57481645
57481690
57482475
57482539
57482613
57482653
57483457
57483521
57483595
57483635
57484499
57484563
57484638
57484689
57485477
57485543
57485616
57485690
57485756
57485831
57485871
57486456
57486520
57486595
57486635
57487483
57487542
57487617
57487656
57488434
57488496
57488572
57488613
57489509
57489574
57489650
57489691
57490469
57490535
57490609
57490683
57490749
57490825
57490866
57491469
57491534
57491610
57491651
57492426
57492489
57492564
57492605
57493458
57493521
57493597
57493638
57494450
57494513
57494589
57494630
57495488
57495539
57495613
57495688
57495753
57495829
57495870
57496466
57496528
57496604
57496645
57497522
57497585
57497661
57497702
57498482
57498546
57498621
57498662
57499455
57499518
57499594
57499635
57500489
57500553
57500626
57500700
57500766
57500843
57500883
57501505
57501568
57501643
57501687
57502475
57502538
57502614
57502655
57503494
57503557
57503633
57503674
57504449
57504513
57504588
57504629
57505484
57505547
57505620
57505694
57505761
57505837
57505882
57506456
57506520
57506595
57506636
57507437
57507500
57507581
57507616
57508490
57508553
57508629
57508670
57509410
57509473
57509549
57509590
57510451
57510513
57510587
57510661
57510727
57510803
57510844
57511511
57511574
57511650
57511691
57512418
57512481
57512556
57512597
57513453
57513517
57513591
57513633
57514505
57514568
57514644
57514686
57515514
57515581
57515652
57515725
57515792
57515868
57515909
57516505
57516568
57516644
57516686
57517503
57517566
57517642
57517683
57518496
57518559
57518635
57518681
57519499
57519562
57519638
57519680
57520514
57520585
57520650
57520723
57520795
57520871
57520912
57521443
57521506
57521585
57521623
57522503
57522567
57522642
57522683
57523504
57523567
57523643
57523684
57524505
57524569
57524644
57524685
57525441
57525504
57525579
57525651
57525723
57525798
57525839
57526479
57526541
57526617
57526658
57527439
57527502
57527579
57527615
57528488
57528552
57528628
57528669
57529492
57529554
57529630
57529672
57530443
57530507
57530579
57530653
57530725
57530801
57530842
57531455
57531518
57531594
57531635
57532485
57532547
57532622
57532663
57533487
57533549
57533625
57533666
57534492
57534556
57534630
57534679
57535425
57535489
57535562
57535636
57535706
57535783
57535822
57536513
57536578
57536652
57536693
57537431
57537495
57537569
57537611
57538492
57538554
57538630
57538682
57539486
57539550
57539625
57539666
57540466
57540530
57540603
57540682
57540747
57540823
57540864
57541478
57541539
57541615
57541656
57542453
57542517
57542593
57542634
57543502
57543565
57543641
57543682
57544477
57544539
57544614
57544655
57545477
57545534
57545608
57545681
57545751
57545827
57545868
57546424
57546487
57546562
57546604
57547497
57547560
57547636
57547677
57548452
57548515
57548591
57548632
57549501
57549564
57549640
57549681
57550458
57550522
57550596
57550669
57550739
57550815
57550856
57551452
57551515
57551591
57551632
57552446
57552509
57552585
57552626
57553461
57553524
57553600
57553641
57554427
57554491
57554567
57554608
57555444
57555507
57555580
57555654
57555724
57555800
57555841
57556475
57556537
57556613
57556654
57557454
57557517
57557593
57557634
57558421
57558484
57558560
57558601
57559424
57559486
57559562
57559603
57560480
57560542
57560615
57560688
57560758
57560834
57560875
57561498
57561562
57561637
57561679
57562475
57562535
57562611
57562652
57563407
57563480
57563546
57563587
57564486
57564550
57564625
57564666
57565456
57565518
57565592
57565666
57565735
57565811
57565852
57566452
57566515
57566590
57566631
57567452
57567515
57567591
57567632
57568462
57568526
57568602
57568643
57569409
57569474
57569548
57569589
57570473
57570531
57570605
57570677
57570747
57570823
57570864
57571485
57571549
57571624
57571665
57572489
57572551
57572627
57572678
57573396
57573459
57573535
57573578
57574507
57574574
57574646
57574687
57575458
57575522
57575595
57575678
57575738
57575814
57575855
57576444
57576508
57576584
57576625
57577413
57577477
57577552
57577593
57578497
57578560
57578636
57578677
57579451
57579514
57579590
57579631
57580450
57580513
57580587
57580660
57580730
57580806
57580847
57581465
57581529
57581604
57581645
57582491
57582555
57582630
57582672
57583501
57583564
57583640
57583681
57584417
57584480
57584556
57584596
57585508
57585572
57585644
57585718
57585787
57585863
57585904
57586450
57586512
57586588
57586629
57587495
57587558
57587634
57587677
57588499
57588562
57588637
57588679
57589496
57589559
57589635
57589676
57590500
57590563
57590637
57590711
57590780
57590856
57590897
57591498
57591561
57591636
57591677
57592417
57592480
57592556
57592597
57593452
57593515
57593590
57593631
57594418
57594481
57594556
57594599
57595459
57595522
57595595
57595671
57595739
57595814
57595856
57596444
57596508
57596583
57596625
57597435
57597498
57597574
57597616
57598412
57598475
57598551
57598593
57599470
57599531
57599644
57599651
57600445
57600508
57600582
57600656
57600726
57600801
57600843
57601410
57601473
57601549
57601591
