56701874
56702084
56702092
56702174
56702274
56702373
56702474
56702574
56702673
56702774
56702874
56702973
56703074
56703174
56703273
56703374
56703473
56703574
56703674
56703773
56703874
56703974
56704073
56704174
56704274
56704373
56704474
56704574
56704673
56704774
56704873
56704973
56705074
56705173
56705273
56705374
56705473
56705573
56705674
56705773
56705873
56705974
56706073
56706173
56706273
56706373
56706473
56706573
56706673
56706774
56706873
56706973
56707074
56707173
56707273
56707374
56707473
56707573
56707677
56707773
56707873
56707974
56708073
56708173
56708273
56708373
56708473
56708573
56708673
56708773
56708873
56708973
56709073
56709173
56709273
56709372
56709473
56709573
56709672
56709773
56709873
56709972
56710073
56710173
56710273
56710373
56710473
56710573
56710673
56710772
56710873
56710977
56711072
56711173
56711273
56711372
56711473
56711573
56711672
56711773
56711873
56711972
56712073
56712173
56712272
56712373
56712472
56712572
56712673
56712777
56712872
56712973
56713072
56713172
56713273
56713372
56713473
56713573
56713672
56713773
56713872
56713972
56714073
56714172
56714272
56714373
56714472
56714572
56714673
56714772
56714872
56714973
56715072
56715172
56715273
56715372
56715472
56715572
56715672
56715780
56715872
56715972
56716072
56716172
56716272
56716372
56716472
56716572
56716672
56716772
56716872
56716972
56717072
56717172
56717272
56717372
56717472
56717572
56717672
56717772
56717872
56717972
56718072
56718172
56718272
56718371
56718472
56718572
56718671
56718772
56718872
56718971
56719072
56719172
56719271
56719372
56719472
56719571
56719675
56719771
56719872
56719972
56720071
56720172
56720272
56720371
56720472
56720572
56720671
56720772
56720874
56720971
56721072
56721171
56721271
56721372
56721471
56721571
56721672
56721771
56721871
56721972
56722071
56722171
56722272
56722371
56722471
56722572
56722671
56722771
56722872
56722971
56723072
56723171
56723271
56723372
56723471
56723571
56723672
56723771
56723871
56723972
56724071
56724171
56724271
56724371
56724471
56724572
56724671
56724771
56724871
56724971
56725071
56725171
56725271
56725371
56725471
56725571
56725671
56725771
56725871
56725970
56726071
56726171
56726270
56726371
56726471
56726571
56726671
56726771
56726871
56726971
56727071
56727171
56727271
56727370
56727471
56727571
56727670
56727871
56727970
56728071
56728171
56728270
56728371
56728471
56728570
56728671
56728770
56728870
56728971
56729070
56729170
56729271
56729370
56729470
56729571
56729670
56729771
56729871
56729970
56730071
56730171
56730270
56730371
56730470
56730570
56730671
56730770
56730870
56730971
56731075
56731170
56731271
56731370
56731470
56731570
56731709
56731770
56731879
56731970
56732070
56732170
56732270
56732370
56732470
56732570
56732670
56732853
56732870
56732971
56733070
56733170
56733270
56733370
56733470
56733570
56733670
56733770
56733870
56733970
56734070
56734170
56734270
56734370
56734470
56734570
56734669
56734770
56734870
56734969
56735070
56735170
56735269
56735370
56735470
56735569
56735670
56735771
56735869
56735970
56736069
56736169
56736270
56736369
56736470
56736570
56736669
56736770
56736870
56736969
56737070
56737170
56737269
56737370
56737469
56737569
56737670
56737769
56737869
56737970
56738069
56738169
56738270
56738369
56738469
56738570
56738670
56738769
56738870
56738969
56739069
56739169
56739269
56739369
56739469
56739569
56739670
56739769
56739869
56739970
56740069
56740169
56740270
56740369
56740469
56740570
56740669
56740769
56740869
56740973
56741069
56741169
56741269
56741369
56741469
56741569
56741669
56741769
56741869
56741969
56742069
56742169
56742268
56742369
56742469
56742568
56742672
56742769
56742868
56742969
56743069
56743169
56743269
56743369
56743469
56743569
56743668
56743769
56743869
56743968
56744069
56744169
56744268
56744369
56744469
56744568
56744669
56744769
56744868
56744969
56745068
56745168
56745269
56745368
56745468
56745569
56745668
56745768
56745869
56745968
56746073
56746169
56746268
56746369
56746468
56746568
56746669
56746768
56746868
56746969
56747068
56747168
56747269
56747368
56747468
56747569
56747668
56747768
56747869
56747968
56748068
56748168
56748268
56748368
56748468
56748568
56748668
56748768
56748868
56748968
56749068
56749168
56749268
56749368
56749468
56749568
56749668
56749772
56749868
56749968
56750068
56750168
56750268
56750368
56750468
56750568
56750668
56750768
56750868
56750967
56751068
56751168
56751267
56751368
56751468
56751567
56751668
56751769
56751867
56751968
56752068
56752167
56752268
56752367
56752467
56752568
56752667
56752768
56752868
56752967
56753068
56753168
56753267
56753368
56753468
56753567
56753668
56753768
56753867
56753968
56754067
56754167
56754268
56754367
56754467
56754568
56754672
56754767
56754868
56754967
56755067
56755168
56755267
56755367
56755468
56755567
56755667
56755767
56755867
56755968
56756067
56756167
56756268
56756367
56756467
56756568
56756667
56756767
56756867
56756967
56757067
56757167
56757267
56757367
56757467
56757567
56757667
56757769
56757867
56757967
56758067
56758167
56758267
56758367
56758467
56758566
56758668
56758767
56758866
56758967
56759067
56759166
56759267
56759367
56759467
56759567
56759666
56759767
56759867
56759966
56760067
56760167
56760266
56760367
56760467
56760566
56760672
56760767
56760866
56760967
56761069
56761166
56761267
56761366
56761466
56761567
56761666
56761766
56761867
56761966
56762066
56762167
56762266
56762366
56762467
56762566
56762667
56762767
56762866
56762967
56763066
56763166
56763267
56763366
56763567
56763666
56763766
56763867
56763966
56764066
56764167
56764266
56764366
56764466
56764566
56764666
56764766
56764866
56764966
56765066
56765166
56765266
56765366
56765466
56765566
56765666
56765766
56765867
56765966
56766066
56766166
56766266
56766366
56766466
56766566
56766666
56766766
56766866
56766966
56767066
56767166
56767265
56767366
56767466
56767565
56767666
56767766
56767865
56767966
56768066
56768165
56768266
56768366
56768465
56768566
56768666
56768765
56768866
56768965
56769065
56769166
56769265
56769366
56769466
56769565
56769670
56769766
56769865
56769966
56770066
56770165
56770266
56770365
56770465
56770566
56770665
56770765
56770866
56770965
56771065
56771166
56771265
56771365
56771466
56771565
56771665
56771765
56771865
56771965
56772065
56772165
56772265
56772365
56772465
56772566
56772665
56772765
56772866
56772965
56773065
56773166
56773265
56773365
56773465
56773565
56773665
56773765
56773865
56773965
56774065
56774165
56774265
56774365
56774465
56774565
56774665
56774765
56774864
56774965
56775065
56775164
56775265
56775365
56775464
56775565
56775665
56775777
56775865
56775965
56776065
56776165
56776264
56776365
56776465
56776564
56776665
56776765
56776864
56776965
56777065
56777164
56777265
56777365
56777464
56777568
56777664
56777764
56777865
56777964
56778064
56778165
56778264
56778364
56778465
56778564
56778664
56778766
56778864
56778964
56779064
56779164
56779265
56779364
56779464
56779565
56779664
56779764
56779865
56779964
56780064
56780165
56780264
56780364
56780465
56780564
56780664
56780764
56780864
56781064
56781164
56781264
56781364
56781464
56781564
56781664
56781764
56781864
56781964
56782064
56782163
56782264
56782364
56782464
56782564
56782672
56782764
56782864
56782964
56783064
56783164
56783264
56783364
56783464
56783564
56783664
56783764
56783863
56783964
56784064
56784163
56784264
56784364
56784463
56784564
56784664
56784763
56784864
56784964
56785063
56785164
56785263
56785363
56785464
56785563
56785664
56785764
56785863
56785965
56786064
56786163
56786264
56786364
56786463
56786564
56786663
56786763
56786864
56786963
56787063
56787164
56787263
56787363
56787464
56787563
56787663
56787764
56787863
56787963
56788064
56788163
56788263
56788363
56788463
56788563
56788663
56788763
56788864
56788963
56789063
56789164
56789263
56789363
56789463
56789563
56789663
56789763
56789863
56789963
56790063
56790163
56790263
56790363
56790463
56790563
56790663
56790763
56790863
56790969
56791063
56791162
56791263
56791363
56791462
56791563
56791663
56791766
56791863
56791963
56792062
56792163
56792263
56792363
56792463
56792562
56792663
56792766
56792862
56792963
56793063
56793162
56793263
56793363
56793462
56793563
56793663
56793762
56793863
56793963
56794062
56794163
56794262
56794362
56794463
56794562
56794662
56794763
56794862
56794962
56795063
56795162
56795262
56795363
56795462
56795563
56795663
56795762
56795863
56795962
56796062
56796163
56796262
56796362
56796463
56796562
56796662
56796763
56796862
56796962
56797062
56797162
56797262
56797362
56797462
56797562
56797662
56797762
56797862
56797962
56798062
56798162
56798262
56798362
56798462
56798562
56798662
56798761
56798862
56798962
56799062
56799162
56799262
56799362
56799462
56799562
56799662
56799762
56799861
56799962
56800062
56800161
56800262
56800362
56800461
56800562
56800662
56800761
56800862
56800962
56801061
56801162
56801361
56801462
56801561
56801661
56801762
56801861
56801961
56802062
56802161
56802262
56802362
56802461
56802562
56802662
56802761
56802862
56802961
56803061
56803162
56803261
56803361
56803462
56803561
56803661
56803762
56803861
56803961
56804062
56804161
56804261
56804361
56804461
56804561
56804661
56804761
56804861
56804961
56805061
56805161
56805261
56805365
56805462
56805561
56805661
56805762
56805861
56805961
56806061
56806161
56806261
56806361
56806461
56806561
56806661
56806761
56806861
56806961
56807061
56807161
56807261
56807361
56807460
56807561
56807661
56807760
56807861
56807961
56808060
56808161
56808261
56808366
56808461
56808561
56808660
56808761
56808860
56808961
56809061
56809160
56809261
56809361
56809460
56809561
56809661
56809760
56809861
56809961
56810060
56810161
56810260
56810371
56810461
56810560
56810660
56810761
56810860
56810960
56811061
56811160
56811260
56811361
56811460
56811560
56811660
56811760
56811860
56811960
56812060
56812161
56812260
56812360
56812461
56812560
56812660
56812761
56812860
56812960
56813061
56813160
56813260
56813363
56813460
56813560
56813660
56813760
56813860
56813960
56814060
56814160
56814260
56814360
56814460
56814560
56814660
56814759
56814860
56814960
56815059
56815160
56815260
56815364
56815460
56815560
56815660
56815760
56815860
56815960
56816060
56816160
56816260
56816360
56816459
56816560
56816660
56816759
56816860
56816960
56817059
56817160
56817260
56817359
56817460
56817559
56817659
56817760
56817859
56817959
56818060
56818159
56818259
56818368
56818459
56818560
56818660
56818759
56818860
56818960
56819059
56819160
56819259
56819359
56819460
56819559
56819659
56819760
56819859
56819959
56820060
56820159
56820259
56820360
56820459
56820559
56820660
56820759
56820859
56820959
56821059
56821159
56821259
56821359
56821459
56821559
56821659
56821760
56821859
56821959
56822059
56822159
56822259
56822359
56822459
56822559
56822659
56822759
56822859
56822959
56823059
56823159
56823259
56823362
56823459
56823559
56823659
56823758
56823859
56823959
56824058
56824159
56824259
56824358
56824459
56824559
56824658
56824759
56824858
56824958
56825059
56825158
56825259
56825359
56825458
56825559
56825659
56825758
56825859
56825959
56826058
56826159
56826259
56826365
56826459
56826558
56826658
56826759
56826858
56826958
56827059
56827158
56827258
56827359
56827458
56827558
56827659
56827758
56827858
56827959
56828058
56828158
56828259
56828361
56828459
56828558
56828658
56828759
56828858
56828958
56829059
56829158
56829258
56829361
56829458
56829558
56829658
56829758
56829858
56829958
56830058
56830158
56830258
56830363
56830458
56830558
56830658
56830758
56830858
56830958
56831058
56831158
56831258
56831357
56831458
56831558
56831657
56831758
56831858
56831958
56832058
56832158
56832258
56832358
56832457
56832558
56832658
56832757
56832858
56832958
56833057
56833158
56833258
56833357
56833458
56833558
56833657
56833758
56833857
56833957
56834058
56834157
56834257
56834358
56834457
56834557
56834658
56834757
56834857
56834958
56835057
56835158
56835258
56835357
56835458
56835558
56835657
56835758
56835857
56835957
56836058
56836157
56836257
56836358
56836457
56836557
56836658
56836757
56836857
56836958
56837057
56837157
56837257
56837357
56837457
56837557
56837657
56837757
56837857
56837957
56838057
56838157
56838257
56838358
56838457
56838557
56838657
56838757
56838857
56838957
56839057
56839157
56839257
56839357
56839457
56839557
56839657
56839762
56839857
56839957
56840056
56840157
56840257
56840356
56840457
56840557
56840656
56840757
56840857
56840956
56841057
56841157
56841256
56841357
56841456
56841556
56841657
56841756
56841857
56841957
56842056
56842157
56842257
56842356
56842457
56842557
56842656
56842757
56842856
56842956
56843057
56843156
56843256
56843357
56843456
56843556
56843657
56843756
56843856
56843957
56844056
56844156
56844256
56844356
56844456
56844556
56844662
56844756
56844856
56844956
56845057
56845156
56845256
56845357
56845456
56845556
56845657
56845756
56845856
56845957
56846056
56846156
56846256
56846356
56846456
56846556
56846656
56846756
56846856
56846956
56847056
56847156
56847256
56847355
56847456
56847556
56847655
56847756
56847856
56848056
56848156
56848256
56848356
56848456
56848556
56848656
56848756
56848856
56848956
56849055
56849156
56849256
56849355
56849456
56849556
56849655
56849758
56849856
56849955
56850056
56850156
56850255
56850356
56850455
56850555
56850656
56850755
56850855
56850956
56851055
56851155
56851256
56851355
56851456
56851556
56851655
56851760
56851855
56851955
56852056
56852155
56852255
56852356
56852455
56852555
56852656
56852755
56852855
56852956
56853055
56853155
56853256
56853355
56853455
56853556
56853655
56853758
56853855
56853955
56854055
56854155
56854255
56854355
56854455
56854555
56854654
56854755
56854855
56854955
56855055
56855155
56855255
56855355
56855455
56855555
56855655
56855755
56855855
56855955
56856055
56856155
56856255
56856355
56856455
56856555
56856654
56856755
56856855
56856954
56857055
56857155
56857254
56857355
56857455
56857554
56857655
56857754
56857854
56857955
56858054
56858155
56858255
56858354
56858455
56858555
56858654
56858760
56858855
56858954
56859055
56859154
56859254
56859355
56859454
56859554
56859655
56859754
56859854
56859955
56860054
56860154
56860255
56860354
56860454
56860554
56860654
56860754
56860854
56860956
56861054
56861154
56861254
56861355
56861454
56861554
56861655
56861754
56861854
56861955
56862054
56862154
56862254
56862354
56862454
56862554
56862654
56862754
56862854
56862954
56863054
56863154
56863254
56863354
56863454
56863554
56863654
56863754
56863854
56863953
56864054
56864154
56864253
56864454
56864553
56864659
56864754
56864854
56864954
56865054
56865154
56865254
56865353
56865454
56865554
56865653
56865754
56865854
56865953
56866054
56866154
56866253
56866354
56866454
56866553
56866654
56866753
56866853
56866954
56867053
56867153
56867254
56867353
56867453
56867554
56867654
56867753
56867853
56867953
56868054
56868153
56868253
56868354
56868453
56868553
56868654
56868753
56868853
56868954
56869053
56869153
56869254
56869353
56869453
56869553
56869653
56869754
56869853
56869953
56870053
56870153
56870253
56870353
56870453
56870553
56870653
56870753
56870853
56870953
56871053
56871153
56871252
56871353
56871453
56871553
56871653
56871753
56871853
56871953
56872053
56872153
56872253
56872353
56872453
56872553
56872652
56872753
56872853
56872952
56873053
56873153
56873252
56873353
56873453
56873552
56873653
56873753
56873852
56873953
56874052
56874152
56874253
56874352
56874452
56874557
56874652
56874753
56874853
56874952
56875053
56875153
56875252
56875353
56875452
56875552
56875653
56875752
56875852
56875953
56876052
56876152
56876253
56876352
56876452
56876553
56876652
56876752
56876853
56876952
56877052
56877152
56877252
56877352
56877452
56877552
56877652
56877752
56877852
56877953
56878052
56878152
56878253
56878352
56878452
56878553
56878652
56878752
56878852
56878952
56879052
56879152
56879252
56879352
56879452
56879552
56879652
56879752
56879852
56879952
56880052
56880152
56880251
56880352
56880452
56880551
56880652
56880752
56880851
56880956
56881052
56881152
56881252
56881352
56881452
56881552
56881651
56881752
56881852
56881951
56882052
56882152
56882251
56882352
56882452
56882551
56882652
56882751
56882851
56882952
56883051
56883151
56883252
56883351
56883451
56883552
56883651
56883751
56883852
56883951
56884051
56884152
56884251
56884352
56884451
56884551
56884652
56884751
56884851
56884952
56885051
56885151
56885252
56885351
56885451
56885552
56885651
56885751
56885852
56885951
56886051
56886151
56886251
56886351
56886451
56886551
56886651
56886757
56886851
56886951
56887051
56887151
56887250
56887351
56887451
56887550
56887651
56887751
56887851
56887951
56888051
56888151
56888251
56888351
56888451
56888551
56888651
56888751
56888851
56888951
56889051
56889151
56889250
56889351
56889451
56889555
56889651
56889751
56889850
56889951
56890051
56890150
56890251
56890350
56890450
56890551
56890650
56890750
56890851
56890950
56891051
56891151
56891250
56891351
56891451
56891550
56891651
56891751
56891850
56891951
56892050
56892150
56892251
56892350
56892450
56892551
56892650
56892750
56892851
56892950
56893050
56893151
56893250
56893350
56893450
56893550
56893650
56893752
56893850
56893950
56894050
56894150
56894251
56894350
56894450
56894551
56894650
56894750
56894850
56894950
56895050
56895150
56895250
56895350
56895450
56895550
56895650
56895750
56895850
56895950
56896050
56896150
56896250
56896350
56896450
56896549
56896650
56896750
56896849
56896950
56897050
56897149
56897250
56897350
56897449
56897550
56897650
56897750
56897850
56897949
56898050
56898150
56898249
56898350
56898450
56898549
56898650
56898750
56898849
56898950
56899050
56899149
56899250
56899350
56899449
56899550
56899649
56899749
56899850
56899949
56900049
56900150
56900249
56900349
56900450
56900549
56900649
56900749
56900849
56900951
56901049
56901149
56901250
56901349
56901449
56901550
56901649
56901749
56901850
56901949
56902049
56902149
56902249
56902349
56902449
56902549
56902649
56902749
56902849
56902949
56903149
56903249
56903349
56903449
56903549
56903649
56903749
56903848
56903949
56904049
56904148
56904249
56904349
56904449
56904549
56904649
56904749
56904849
56904949
56905049
56905149
56905248
56905349
56905449
56905548
56905649
56905749
56905848
56905949
56906049
56906148
56906249
56906349
56906448
56906549
56906649
56906748
56906849
56906948
56907048
56907149
56907248
56907348
56907449
56907548
56907649
56907749
56907848
56907949
56908049
56908148
56908249
56908348
56908448
56908554
56908648
56908748
56908849
56908948
56909048
56909149
56909248
56909348
56909449
56909548
56909648
56909748
56909848
56909948
56910048
56910148
56910248
56910348
56910448
56910548
56910648
56910748
56910849
56910948
56911048
56911149
56911248
56911348
56911448
56911548
56911648
56911748
56911848
56911948
56912048
56912148
56912248
56912348
56912448
56912547
56912648
56912748
56912847
56912948
56913048
56913147
56913248
56913348
56913447
56913548
56913648
56913747
56913848
56913948
56914048
56914148
56914247
56914348
56914448
56914547
56914648
56914748
56914847
56914948
56915048
56915147
56915248
56915348
56915447
56915548
56915647
56915747
56915848
56915947
56916047
56916148
56916247
56916347
56916448
56916547
56916647
56916748
56916847
56916947
56917047
56917147
56917248
56917347
56917447
56917548
56917647
56917747
56917848
56917947
56918047
56918148
56918247
56918347
56918448
56918547
56918647
56918748
56918847
56918947
56919047
56919147
56919247
56919347
56919447
56919547
56919647
56919747
56919846
56919947
56920047
56920146
56920247
56920347
56920446
56920547
56920647
56920747
56920847
56920947
56921047
56921147
56921247
56921347
56921447
56921546
56921648
56921747
56921846
56921947
56922047
56922146
56922247
56922347
56922446
56922547
56922647
56922746
56922847
56922947
56923046
56923147
56923246
56923346
56923447
56923546
56923646
56923747
56923846
56923947
56924047
56924146
56924247
56924347
56924446
56924547
56924646
56924746
56924847
56924946
56925046
56925147
56925246
56925447
56925546
56925646
56925747
56925846
56925949
56926047
56926146
56926246
56926346
56926446
56926546
56926646
56926746
56926846
56926946
56927046
56927147
56927246
56927346
56927446
56927546
56927646
56927746
56927846
56927946
56928046
56928146
56928246
56928346
56928446
56928546
56928646
56928746
56928846
56928946
56929046
56929145
56929246
56929346
56929445
56929546
56929653
56929745
56929846
56929946
56930045
56930146
56930246
56930345
56930446
56930545
56930646
56930746
56930847
56930946
56931046
56931145
56931246
56931346
56931445
56931546
56931646
56931745
56931846
56931945
56932045
56932146
56932245
56932345
56932446
56932545
56932645
56932746
56932845
56932945
56933046
56933145
56933345
56933445
56933545
56933645
56933745
56933846
56933945
56934045
56934146
56934245
56934345
56934446
56934545
56934645
56934745
56934845
56934945
56935045
56935145
56935245
56935345
56935445
56935545
56935645
56935745
56935845
56935945
56936045
56936145
56936245
56936345
56936444
56936545
56936645
56936744
56936845
56936945
56937044
56937145
56937245
56937345
56937445
56937545
56937645
56937745
56937844
56937945
56938045
56938144
56938245
56938345
56938444
56938545
56938645
56938744
56938845
56938945
56939044
56939145
56939245
56939344
56939445
56939544
56939644
56939745
56939844
56939944
56940045
56940144
56940244
56940345
56940444
56940545
56940654
56940744
56940845
56940944
56941044
56941145
56941244
56941344
56941445
56941544
56941649
56941745
56941844
56941944
56942045
56942144
56942244
56942344
56942444
56942544
56942644
56942744
56942844
56942944
56943044
56943144
56943244
56943344
56943444
56943544
56943644
56943745
56943844
56943944
56944044
56944144
56944244
56944344
56944444
56944544
56944644
56944744
56944844
56944944
56945044
56945144
56945244
56945344
56945443
56945544
56945649
56945743
56945849
56945944
56946043
56946144
56946244
56946343
56946444
56946544
56946643
56946744
56946843
56946944
56947044
56947143
56947244
56947344
56947443
56947544
56947644
56947743
56947844
56947944
56948043
56948144
56948243
56948343
56948444
56948543
56948643
56948744
56948843
56948943
56949044
56949143
56949243
56949344
56949443
56949543
56949644
56949743
56949843
56949943
56950043
56950144
56950243
56950343
56950444
56950543
56950643
56950744
56950843
56950946
56951044
56951143
56951243
56951344
56951443
56951543
56951647
56951743
56951843
56951943
56952043
56952143
56952243
56952343
56952443
56952543
56952643
56952742
56952843
56952943
56953042
56953143
56953243
56953342
56953443
56953543
56953643
56953743
56953843
56953943
56954043
56954142
56954243
56954343
56954442
56954543
56954643
56954742
56954843
56954943
56955042
56955143
56955243
56955342
56955443
56955543
56955642
56955743
56955842
56955942
56956043
56956142
56956242
56956343
56956442
56956542
56956643
56956742
56956843
56956943
56957042
56957143
56957242
56957342
56957443
56957542
56957647
56957743
56957842
56957942
56958043
56958142
56958242
56958343
56958442
56958542
56958643
56958742
56958842
56958942
56959042
56959142
56959242
56959342
56959442
56959542
56959642
56959742
56959842
56959942
56960043
56960142
56960242
56960342
56960442
56960542
56960642
56960742
56960842
56960942
56961042
56961142
56961242
56961342
56961442
56961542
56961642
56961741
56961842
56961942
56962041
56962142
56962242
56962341
56962442
56962542
56962641
56962742
56962842
56962941
56963042
56963141
56963241
56963342
56963441
56963542
56963642
56963741
56963842
56963942
56964041
56964142
56964242
56964341
56964442
56964541
56964641
56964742
56964841
56964941
56965042
56965141
56965241
56965342
56965441
56965541
56965642
56965741
56965841
56965942
56966041
56966141
56966242
56966341
56966441
56966541
56966641
56966742
56966841
56966941
56967042
56967141
56967342
56967441
56967541
56967641
56967741
56967941
56968041
56968141
56968241
56968341
56968441
56968541
56968641
56968741
56968841
56968941
56969041
56969141
56969241
56969340
56969441
56969541
56969641
56969741
56969841
56969940
56970041
56970141
56970241
56970341
56970440
56970541
56970650
56970740
56970841
56970941
56971040
56971141
56971241
56971340
56971441
56971541
56971640
56971741
56971841
56971940
56972041
56972140
56972240
56972341
56972440
56972540
56972641
56972743
56972840
56972941
56973040
56973140
56973241
56973340
56973441
56973541
56973640
56973741
56973840
56973940
56974041
56974140
56974240
56974341
56974440
56974540
56974641
56974740
56974840
56974941
56975040
56975140
56975240
56975340
56975440
56975540
56975640
56975740
56975840
56975940
56976040
56976140
56976240
56976340
56976440
56976540
56976644
56976740
56976840
56976940
56977040
56977140
56977240
56977340
56977440
56977540
56977640
56977740
56977840
56977940
56978039
56978140
56978240
56978339
56978440
56978540
56978639
56978740
56978840
56978939
56979040
56979140
56979239
56979340
56979439
56979539
56979640
56979739
56979840
56979940
56980039
56980140
56980240
56980339
56980440
56980540
56980639
56980740
56980840
56980939
56981040
56981139
56981239
56981340
56981439
56981539
56981640
56981739
56981839
56981940
56982039
56982139
56982240
56982339
56982439
56982539
56982646
56982739
56982839
56982939
56983040
56983139
56983239
56983340
56983439
56983539
56983640
56983739
56983839
56983940
56984039
56984139
56984239
56984339
56984439
56984539
56984639
56984739
56984839
56984939
56985039
56985139
56985239
56985338
56985439
56985539
56985638
56985739
56985839
56985944
56986039
56986139
56986238
56986339
56986439
56986539
56986639
56986739
56986839
56986939
56987038
56987139
56987239
56987338
56987439
56987539
56987638
56987739
56987839
56987938
56988039
56988139
56988238
56988339
56988438
56988538
56988639
56988738
56988838
56988939
56989038
56989138
56989239
56989338
56989438
56989539
56989646
56989739
56989838
56989938
56990039
56990138
56990238
56990339
56990438
56990538
56990639
56990738
56990838
56990939
56991038
56991138
56991239
56991338
56991438
56991538
56991638
56991738
56991838
56991938
56992038
56992138
56992238
56992338
56992438
56992538
56992638
56992738
56992838
56992937
56993038
56993138
56993238
56993338
56993438
56993538
56993638
56993742
56993838
56993938
56994038
56994138
56994238
56994337
56994438
56994538
56994637
56994738
56994838
56994937
56995038
56995138
56995237
56995338
56995438
56995537
56995638
56995741
56995938
56996037
56996137
56996238
56996337
56996438
56996538
56996637
56996738
56996838
56996937
56997038
56997138
56997237
56997338
56997437
56997537
56997638
56997737
56997837
56997938
56998037
56998137
56998238
56998337
56998437
56998538
56998637
56998737
56998837
56998937
56999037
56999137
56999237
56999337
56999437
56999537
56999638
56999737
56999837
56999938
57000037
57000137
57000238
57000337
57000437
57000537
57000637
57000737
57000837
57000937
57001037
57001137
57001237
57001337
57001437
57001537
57001637
57001737
57001837
57001936
57002037
57002137
57002236
57002337
57002437
57002536
57002640
57002737
57002836
57002937
57003037
57003137
57003237
57003336
57003437
57003537
57003639
57003737
57003837
57003936
57004037
57004137
57004236
57004337
57004437
57004536
57004642
57004736
57004836
57004937
57005036
57005136
57005237
57005336
57005436
57005537
57005636
57005736
57005837
57005936
57006036
57006137
57006236
57006337
57006436
57006536
57006637
57006738
57006836
57006937
57007036
57007136
57007237
57007336
57007436
57007537
57007636
57007736
57007836
57007936
57008036
57008136
57008236
57008336
57008436
57008536
57008636
57008736
57008836
57008936
57009036
57009136
57009235
57009336
57009436
57009536
57009636
57009737
57009836
57009936
57010036
57010136
57010236
57010336
57010436
57010536
57010635
57010736
57010839
57010935
57011036
57011136
57011235
57011336
57011436
57011535
57011636
57011736
57011835
57011936
57012036
57012135
57012236
57012335
57012435
57012536
57012635
57012744
57012836
57012935
57013036
57013136
57013235
57013336
57013436
57013535
57013636
57013736
57013835
57013936
57014035
57014135
57014236
57014335
57014435
57014536
57014635
57014735
57014836
57014935
57015035
57015135
57015235
57015335
57015435
57015535
57015635
57015738
57015835
57015936
57016035
57016135
57016236
57016335
57016435
57016544
57016635
57016735
57016835
57016935
57017035
57017135
57017235
57017335
57017435
57017539
57017635
57017735
57017835
57017935
57018035
57018135
57018234
57018335
57018435
57018534
57018635
57018735
57018834
57018935
57019035
57019134
57019235
57019335
57019435
57019535
57019634
57019735
57019835
57019934
57020035
57020135
57020234
57020335
57020435
57020534
57020635
57020735
57020835
57020935
57021035
57021134
57021235
57021335
57021434
57021535
57021634
57021734
57021835
57021934
57022034
57022135
57022234
57022334
57022434
57022534
57022635
57022734
57022834
57022935
57023034
57023134
57023235
57023334
57023434
57023535
57023634
57023734
57023835
57023934
57024034
57024135
57024234
57024334
57024434
57024534
57024634
57024734
57024834
57024934
57025034
57025134
57025234
57025334
57025434
57025533
57025634
57025734
57025833
57025934
57026034
57026134
57026234
57026334
57026434
57026534
57026634
57026734
57026834
57026934
57027034
57027134
57027233
57027334
57027434
57027533
57027634
57027734
57027833
57027934
57028034
57028133
57028234
57028333
57028433
57028534
57028633
57028733
57028834
57028934
57029033
57029134
57029233
57029334
57029434
57029533
57029634
57029734
57029833
57029934
57030033
57030133
57030234
57030333
57030433
57030534
57030633
57030733
57030837
57030933
57031033
57031134
57031233
57031333
57031434
57031533
57031633
57031734
57031833
57031933
57032033
57032133
57032233
57032333
57032433
57032534
57032633
57032733
57032834
57032933
57033033
57033133
57033233
57033333
57033433
57033533
57033633
57033733
57033833
57033933
57034033
57034133
57034233
57034333
57034433
57034532
57034633
57034733
57034832
57034933
57035033
57035132
57035233
57035333
57035432
57035538
57035633
57035732
57035833
57035933
57036033
57036133
57036232
57036333
57036433
57036532
57036633
57036733
57036832
57036933
57037033
57037132
57037233
57037332
57037432
57037533
57037639
57037732
57037833
57037932
57038032
57038133
57038232
57038332
57038433
57038532
57038632
57038733
57038832
57038932
57039032
57039132
57039233
57039332
57039432
57039533
57039632
57039732
57039833
57039932
57040032
57040133
57040232
57040332
57040432
57040532
57040632
57040732
57040832
57040932
57041032
57041132
57041232
57041332
57041432
57041532
57041632
57041732
57041831
57041932
57042032
57042131
57042232
57042332
57042432
57042532
57042632
57042732
57042832
57042932
57043032
57043132
57043231
57043332
57043432
57043531
57043632
57043732
57043831
57043932
57044032
57044131
57044232
57044332
57044431
57044532
57044639
57044731
57044832
57044931
57045031
57045132
57045231
57045331
57045432
57045531
57045632
57045740
57045831
57045932
57046032
57046232
57046332
57046431
57046532
57046631
57046731
57046832
57046931
57047031
57047132
57047231
57047331
57047432
57047531
57047631
57047731
57047831
57047931
57048031
57048131
57048231
57048331
57048431
57048531
57048631
57048731
57048832
57048931
57049031
57049131
57049231
57049331
57049431
57049531
57049631
57049731
57049831
57049931
57050031
57050131
57050231
57050331
57050431
57050531
57050631
57050732
57050830
57050931
57051031
57051130
57051231
57051331
57051430
57051531
57051631
57051730
57051833
57051931
57052030
57052131
57052231
57052331
57052431
57052530
57052631
57052732
57052830
57052931
57053031
57053130
57053231
57053331
57053430
57053531
57053631
57053730
57053831
57053931
57054030
57054131
57054230
57054330
57054431
57054530
57054630
57054731
57054830
57054930
57055030
57055130
57055230
57055330
57055430
57055531
57055630
57055730
57055831
57055930
57056030
57056131
57056230
57056330
57056431
57056530
57056630
57056730
57056830
57056930
57057030
57057130
57057230
57057330
57057430
57057530
57057630
57057731
57057830
57057930
57058030
57058130
57058230
57058330
57058429
57058530
57058630
57058729
57058830
57058930
57059030
57059130
57059230
57059330
57059430
57059530
57059630
57059730
57059829
57059930
57060030
57060129
57060230
57060330
57060429
57060530
57060630
57060729
57060830
57060930
57061030
57061130
57061230
57061329
57061430
57061529
57061629
57061730
57061829
57061929
57062030
57062129
57062230
57062330
57062429
57062530
57062629
57062729
57062830
57062929
57063029
57063130
57063229
57063329
57063430
57063529
57063629
57063730
57063829
57063929
57064030
57064129
57064229
57064329
57064429
57064529
57064629
57064729
57064829
57064929
57065029
57065129
57065229
57065329
57065430
57065529
57065629
57065729
57065829
57065929
57066029
57066129
57066229
57066329
57066429
57066529
57066629
57066729
57066829
57066929
57067029
57067128
57067229
57067329
57067428
57067529
57067629
57067728
57067829
57067929
57068028
57068129
57068229
57068328
57068429
57068529
57068628
57068729
57068829
57068929
57069029
57069128
57069229
57069329
57069428
57069529
57069629
57069728
57069829
57069929
57070028
57070129
57070228
57070328
57070429
57070528
57070628
57070729
57070828
57070931
57071029
57071128
57071228
57071329
57071428
57071528
57071628
57071771
57071828
57071928
57072028
57072129
57072228
57072328
57072429
57072528
57072629
57072729
57072828
57072928
57073029
57073128
57073228
57073328
57073428
57073528
57073628
57073728
57073828
57073928
57074028
57074128
57074228
57074328
57074428
57074528
57074628
57074727
57074828
57074928
57075027
57075128
57075228
57075328
57075428
57075528
57075628
57075728
57075828
57075928
57076033
57076128
57076228
57076328
57076427
57076528
57076630
57076727
57076828
57076928
57077027
57077128
57077228
57077327
57077428
57077527
57077630
57077728
57077827
57077927
57078028
57078127
57078227
57078328
57078427
57078528
57078628
57078727
57078828
57078928
57079027
57079128
57079228
57079327
57079428
57079527
57079627
57079728
57079827
57079927
57080028
57080127
57080227
57080328
57080427
57080527
57080631
57080727
57080827
57080927
57081027
57081127
57081227
57081327
57081427
57081527
57081627
57081728
57081829
57081927
57082027
57082127
57082227
57082327
57082427
57082527
57082628
57082727
57082827
57082927
57083027
57083127
57083227
57083327
57083427
57083527
57083627
57083727
57083827
57083927
57084026
57084127
57084227
57084326
57084427
57084527
57084626
57084727
57084827
57084926
57085027
57085126
57085227
57085327
57085426
57085527
57085627
57085726
57085827
57085927
57086026
57086127
57086227
57086326
57086427
57086527
57086626
57086727
57086826
57086926
57087027
57087126
57087226
57087327
57087426
57087526
57087627
57087726
57087826
57087927
57088026
57088126
57088226
57088326
57088427
57088535
57088626
57088727
57088826
57088926
57089027
57089126
57089226
57089327
57089426
57089526
57089626
57089726
57089826
57089926
57090026
57090126
57090226
57090326
57090426
57090526
57090631
57090726
57090826
57090926
57091027
57091126
57091226
57091325
57091426
57091526
57091625
57091726
57091826
57091926
57092026
57092126
57092226
57092326
57092425
57092526
57092626
57092725
57092826
57092926
57093025
57093126
57093226
57093325
57093426
57093526
57093625
57093726
57093826
57093925
57094026
57094125
57094225
57094326
57094425
57094525
57094626
57094725
57094828
57094926
57095025
57095126
57095226
57095325
57095426
57095525
57095625
57095726
57095825
57095925
57096026
57096125
57096225
57096326
57096425
57096525
57096626
57096725
57096825
57096926
57097025
57097125
57097225
57097325
57097425
57097525
57097625
57097725
57097827
57097925
57098025
57098125
57098225
57098326
57098425
57098525
57098625
57098730
57098825
57098925
57099025
57099125
57099225
57099325
57099425
57099525
57099625
57099725
57099825
57099925
57100024
57100125
57100225
57100324
57100425
57100525
57100624
57100725
57100830
57100924
57101025
57101125
57101224
57101325
57101425
57101524
57101625
57101724
57101825
57101925
57102024
57102125
57102225
57102324
57102425
57102525
57102627
57102725
57102825
57102924
57103025
57103124
57103224
57103325
57103424
57103524
57103625
57103724
57103824
57103925
57104024
57104124
57104224
57104324
57104424
57104524
57104624
57104724
57104824
57104924
57105025
57105124
57105224
57105325
57105424
57105524
57105625
57105724
57105829
57105924
57106024
57106124
57106224
57106324
57106424
57106524
57106624
57106724
57106824
57106924
57107024
57107124
57107224
57107324
57107424
57107524
57107623
57107724
57107824
57107923
57108024
57108124
57108224
57108324
57108424
57108524
57108624
57108737
57108824
57108924
57109023
57109124
57109224
57109323
57109424
57109524
57109623
57109724
57109824
57109923
57110024
57110124
57110223
57110324
57110423
57110523
57110627
57110723
57110823
57110924
57111023
57111123
57111224
57111323
57111424
57111524
57111623
57111724
57111823
57111923
57112024
57112123
57112223
57112324
57112423
57112523
57112624
57112723
57112823
57112924
57113023
57113123
57113224
57113323
57113423
57113523
57113623
57113723
57113823
57113923
57114023
57114123
57114223
57114323
57114423
57114523
57114624
57114723
57114823
57114923
57115023
57115123
57115223
57115323
57115423
57115523
57115623
57115723
57115823
57115923
57116024
57116123
57116223
57116323
57116423
57116523
57116622
57116723
57116823
57116922
57117023
57117123
57117222
57117323
57117423
57117522
57117623
57117722
57117822
57117923
57118022
57118123
57118223
57118322
57118423
57118523
57118622
57118723
57118842
57118922
57119023
57119123
57119222
57119323
57119422
57119522
57119623
57119722
57119822
57119923
57120022
57120122
57120223
57120322
57120422
57120523
57120622
57120722
57120822
57120922
57121022
57121122
57121222
57121323
57121422
57121522
57121623
57121722
57121822
57121923
57122022
57122122
57122222
57122322
57122422
57122522
57122622
57122722
57122822
57122922
57123022
57123122
57123222
57123322
57123422
57123522
57123622
57123722
57123822
57123922
57124022
57124122
57124221
57124322
57124422
57124521
57124622
57124722
57124822
57124922
57125022
57125122
57125222
57125321
57125422
57125522
57125621
57125722
57125921
57126022
57126122
57126221
57126322
57126422
57126521
57126622
57126722
57126821
57126922
57127021
57127121
57127222
57127321
57127421
57127522
57127623
57127721
57127822
57127921
57128022
57128121
57128221
57128322
57128421
57128521
57128622
57128721
57128821
57128922
57129021
57129121
57129222
57129321
57129421
57129522
57129621
57129721
57129821
57129921
57130021
57130121
57130221
57130321
57130421
57130521
57130621
57130721
57130821
57130921
57131021
57131121
57131220
57131321
57131421
57131521
57131621
57131721
57131821
57131921
57132021
57132121
57132221
57132321
57132421
57132521
57132620
57132721
57132821
57132920
57133021
57133121
57133220
57133321
57133421
57133520
57133621
57133721
57133820
57133921
57134021
57134120
57134221
57134320
57134420
57134521
57134620
57134821
57134920
57135021
57135121
57135220
57135321
57135421
57135520
57135621
57135724
57135820
57135921
57136020
57136120
57136221
57136320
57136420
57136521
57136620
57136720
57136821
57136920
57137020
57137120
57137220
57137320
57137420
57137520
57137620
57137720
57137820
57137921
57138020
57138120
57138221
57138320
57138420
57138520
57138620
57138720
57138820
57138920
57139020
57139120
57139220
57139320
57139420
57139520
57139623
57139720
57139820
57139920
57140020
57140120
57140219
57140320
57140420
57140519
57140620
57140720
57140819
57140924
57141020
57141120
57141220
57141320
57141420
57141520
57141620
57141720
57141820
57141919
57142020
57142120
57142219
57142320
57142420
57142519
57142627
57142720
57142819
57142920
57143019
57143119
57143220
57143319
57143419
57143520
57143619
57143719
57143820
57143919
57144019
57144120
57144219
57144320
57144420
57144519
57144620
57144719
57144819
57144920
57145019
57145119
57145220
57145319
57145419
57145520
57145619
57145719
57145820
57145919
57146019
57146119
57146219
57146319
57146419
57146519
57146620
57146719
57146819
57146919
57147019
57147119
57147219
57147319
57147419
57147518
57147619
57147719
57147819
57147919
57148019
57148119
57148219
57148319
57148419
57148519
57148619
57148719
57148819
57148919
57149019
57149119
57149218
57149319
57149419
57149518
57149619
57149720
57149818
57149919
57150019
57150118
57150219
57150319
57150418
57150519
57150622
57150718
57150819
57150918
57151022
57151119
57151218
57151319
57151419
57151518
57151619
57151719
57151818
57151919
57152018
57152118
57152219
57152318
57152418
57152519
57152618
57152718
57152819
57152918
57153018
57153119
57153218
57153318
57153419
57153518
57153618
57153718
57153818
57153918
57154018
57154118
57154219
57154318
57154418
57154519
57154618
57154718
57154819
57154918
57155018
57155118
57155218
57155318
57155418
57155519
57155618
57155718
57155818
57155918
57156018
57156118
57156218
57156318
57156418
57156518
57156618
57156718
57156817
57156918
57157018
57157117
57157218
57157318
57157417
57157518
57157618
57157718
57157818
57157918
57158018
57158118
57158217
57158318
57158418
57158517
57158618
57158718
57158817
57158918
57159018
57159117
57159218
57159318
57159417
57159518
57159617
57159717
57159818
57159917
57160017
57160118
57160217
57160317
57160418
57160517
57160617
57160718
57160817
57160918
57161017
57161117
57161218
57161317
57161417
57161518
57161617
57161717
57161818
57161917
57162017
57162118
57162217
57162317
57162417
57162517
57162617
57162717
57162817
57162917
57163017
57163117
57163217
57163317
57163417
57163517
57163617
57163717
57163817
57163917
57164017
57164116
57164217
57164317
57164417
57164517
57164617
57164717
57164817
57164917
57165017
57165117
57165217
57165317
57165417
57165516
57165617
57165717
57165816
57165919
57166017
57166116
57166217
57166317
57166416
57166517
57166617
57166722
57166817
57166917
57167016
57167117
57167216
57167316
57167417
57167516
57167617
57167717
57167816
57167917
57168017
57168116
57168217
57168316
57168416
57168517
57168616
57168716
57168817
57168916
57169016
57169117
57169216
57169316
57169417
57169516
57169616
57169717
57169816
57169916
57170016
57170116
57170216
57170316
57170416
57170516
57170616
57170716
57170817
57170916
57171016
57171117
57171216
57171316
57171417
57171516
57171616
57171727
57171816
57171916
57172016
57172116
57172216
57172316
57172416
57172516
57172616
57172716
57172815
57172916
57173016
57173115
57173216
57173316
57173415
57173516
57173616
57173715
57173816
57173916
57174016
57174116
57174216
57174316
57174416
57174515
57174616
57174716
57174815
57174916
57175016
57175115
57175216
57175316
57175415
57175516
57175616
57175715
57175816
57175915
57176015
57176116
57176215
57176315
57176416
57176515
57176615
57176716
57176815
57176915
57177016
57177115
57177216
57177315
57177415
57177516
57177615
57177715
57177816
57177915
57178015
57178116
57178215
57178315
57178416
57178515
57178615
57178716
57178815
57178915
57179016
57179115
57179215
57179315
57179415
57179515
57179615
57179715
57179815
57179915
57180015
57180115
57180215
57180315
57180414
57180515
57180615
57180715
57180815
57180915
57181015
57181115
57181215
57181315
57181415
57181515
57181615
57181715
57181814
57181915
57182015
57182114
57182215
57182315
57182414
57182515
57182618
57182714
57182815
57182915
57183014
57183115
57183214
57183314
57183415
57183514
57183614
57183715
57183814
57183915
57184015
57184114
57184215
57184315
57184414
57184515
57184619
57184714
57184815
57184914
57185014
57185115
57185214
57185314
57185415
57185514
57185616
57185715
57185814
57185914
57186015
57186114
57186214
57186315
57186414
57186514
57186614
57186714
57186814
57186914
57187014
57187115
57187214
57187314
57187415
57187514
57187614
57187714
57187814
57187914
57188014
57188114
57188214
57188314
57188414
57188514
57188614
57188714
57188814
57188914
57189014
57189114
57189214
57189314
57189413
57189514
57189614
57189713
57189814
57189914
57190013
57190114
57190214
57190313
57190414
57190514
57190614
57190714
57190813
57190914
57191014
57191113
57191214
57191314
57191413
57191514
57191614
57191713
57191814
57191914
57192013
57192114
57192213
57192313
57192414
57192513
57192613
57192714
57192813
57192913
57193014
57193113
57193213
57193314
57193413
57193513
57193614
57193713
57193814
57193913
57194013
57194114
57194213
57194313
57194414
57194513
57194613
57194714
57194813
57194913
57195013
57195113
57195213
57195313
57195413
57195513
57195613
57195721
57195813
57195913
57196013
57196113
57196213
57196313
57196413
57196513
57196613
57196712
57196813
57196913
57197012
57197113
57197213
57197313
57197413
57197513
57197613
57197713
57197813
57197913
57198013
57198113
57198213
57198313
57198412
57198513
57198613
57198712
57198813
57198913
57199012
57199113
57199213
57199312
57199413
57199513
57199617
57199713
57199812
57199912
57200013
57200112
57200212
57200313
57200412
57200513
57200613
57200712
57200813
57200913
57201012
57201113
57201212
57201312
57201413
57201512
57201612
57201713
57201812
57201912
57202013
57202112
57202212
57202313
57202412
57202512
57202612
57202712
57202812
57202912
57203012
57203112
57203212
57203312
57203412
57203512
57203612
57203713
57203812
57203912
57204013
57204112
57204212
57204312
57204412
57204512
57204612
57204712
57204812
57204912
57205012
57205112
57205212
57205312
57205412
57205512
57205617
57205711
57205812
57205912
57206013
57206112
57206212
57206311
57206412
57206512
57206614
57206712
57206812
57206912
57207012
57207111
57207212
57207312
57207411
57207512
57207613
57207711
57207812
57207912
57208011
57208112
57208212
57208311
57208412
57208511
57208611
57208712
57208811
57208911
57209012
57209111
57209211
57209312
57209411
57209511
57209612
57209716
57209811
57209912
57210011
57210112
57210211
57210311
57210412
57210511
57210611
57210712
57210817
57210911
57211012
57211111
57211211
57211312
57211411
57211511
57211612
57211711
57211811
57211911
57212011
57212111
57212211
57212311
57212411
57212511
57212611
57212711
57212811
57212911
57213010
57213111
57213211
57213310
57213411
57213511
57213611
57213711
57213811
57213911
57214011
57214111
57214211
57214311
57214411
57214511
57214614
57214711
57214811
57214911
57215010
57215111
57215211
57215310
57215411
57215511
57215610
57215711
57215811
57215918
57216011
57216110
57216210
57216311
57216410
57216510
57216611
57216710
57216811
57216911
57217010
57217111
57217211
57217310
57217411
57217510
57217610
57217716
57217810
57217910
57218011
57218110
57218210
57218311
57218410
57218510
57218611
57218710
57218810
57218911
57219010
57219110
57219210
57219310
57219410
57219510
57219610
57219710
57219810
57219910
57220011
57220110
57220210
57220311
57220410
57220510
57220610
57220710
57220810
57220910
57221010
57221110
57221210
57221310
57221410
57221510
57221610
57221710
57221810
57221910
57222009
57222110
57222210
57222309
57222410
57222510
57222609
57222712
57222810
57222909
57223010
57223110
57223209
57223310
57223409
57223510
57223610
57223709
57223810
57223910
57224009
57224110
57224210
57224309
57224410
57224510
57224609
57224710
57224810
57224909
57225010
57225109
57225209
57225310
57225409
57225509
57225610
57225709
57225809
57225910
57226109
57226210
57226309
57226409
57226513
57226609
57226710
57226809
57226909
57227010
57227109
57227209
57227310
57227409
57227509
57227610
57227709
57227809
57227910
57228009
57228109
57228209
57228309
57228409
57228509
57228611
57228709
57228909
57229009
57229109
57229209
57229309
57229409
57229509
57229608
57229709
57229809
57229908
57230009
57230109
57230209
57230309
57230409
57230509
57230609
57230709
57230809
57230914
57231008
57231109
57231209
57231308
57231409
57231509
57231608
57231709
57231809
57231908
57232009
57232109
57232208
57232309
57232408
57232508
57232612
57232708
57232808
57232909
57233008
57233108
57233209
57233308
57233409
57233509
57233608
57233709
57233809
57233908
57234009
57234109
57234208
57234309
57234408
57234508
57234609
57234708
57234808
57234909
57235008
57235108
57235209
57235308
57235408
57235508
57235608
57235708
57235808
57235908
57236008
57236108
57236208
57236308
57236408
57236508
57236609
57236708
57236808
57236909
57237008
57237108
57237208
57237308
57237408
57237508
57237608
57237708
57237808
57237908
57238008
57238108
57238208
57238307
57238408
57238508
57238607
57238708
57238808
57238907
57239008
57239108
57239207
57239308
57239408
57239507
57239608
57239708
57239808
57239908
57240007
57240108
57240208
57240307
57240408
57240508
57240607
57240708
57240808
57240907
57241008
57241108
57241207
57241308
57241407
57241507
57241608
57241715
57241807
57241908
57242007
57242107
57242208
57242307
57242407
57242508
57242607
57242707
57242807
57242907
57243008
57243107
57243207
57243308
57243407
57243507
57243608
57243707
57243807
57243908
57244007
57244107
57244208
57244307
57244407
57244507
57244607
57244707
57244807
57244907
57245007
57245107
57245207
57245307
57245407
57245507
57245607
57245707
57245807
57245906
57246012
57246107
57246206
57246307
57246407
57246507
57246607
57246707
57246807
57246907
57247007
57247107
57247207
57247306
57247407
57247507
57247606
57247707
57247807
57247906
57248007
57248107
57248206
57248307
57248407
57248506
57248607
57248706
57248806
57248907
57249006
57249106
57249207
57249306
57249406
57249507
57249606
57249707
57249807
57249906
57250007
57250106
57250206
57250307
57250406
57250506
57250607
57250706
57250806
57250907
57251006
57251106
57251207
57251306
57251406
57251507
57251606
57251706
57251806
57251906
57252006
57252106
57252206
57252306
57252406
57252506
57252606
57252706
57252806
57252907
57253006
57253106
57253206
57253306
57253406
57253506
57253606
57253706
57253806
57253906
57254006
57254106
57254206
57254306
57254406
57254506
57254606
57254706
57254806
57254905
57255006
57255106
57255205
57255306
57255406
57255505
57255606
57255706
57255805
57255906
57256006
57256105
57256206
57256305
57256406
57256506
57256605
57256706
57256806
57256906
57257006
57257106
57257205
57257306
57257406
57257505
57257606
57257705
57257805
57257906
57258005
57258105
57258206
57258305
57258405
57258506
57258605
57258706
57258806
57258905
57259005
57259106
57259205
57259305
57259405
57259505
57259606
57259705
57259805
57259906
57260005
57260105
57260206
57260305
57260405
57260505
57260605
57260705
57260805
57260905
57261005
57261105
57261205
57261305
57261405
57261505
57261605
57261705
57261805
57261905
57262005
57262105
57262205
57262305
57262405
57262504
57262605
57262705
57262804
57262905
57263005
57263105
57263205
57263305
57263405
57263505
57263604
57263705
57263805
57263904
57264005
57264105
57264204
57264305
57264405
57264504
57264605
57264705
57264804
57264905
57265005
57265104
57265205
57265304
57265404
57265505
57265604
57265704
57265805
57265904
57266004
57266105
57266204
57266305
57266405
57266504
57266605
57266705
57266804
57266905
57267004
57267104
57267205
57267304
57267404
57267505
57267604
57267704
57267805
57267904
57268004
57268104
57268204
57268304
57268404
57268504
57268604
57268704
57268804
57268904
57269004
57269104
57269204
57269304
57269404
57269504
57269604
57269704
57269804
57269904
57270004
57270104
57270204
57270304
57270404
57270504
57270604
57270704
57270804
57270904
57271004
57271104
57271203
57271304
57271404
57271503
57271604
57271704
57271803
57271904
57272004
57272103
57272204
57272304
57272403
57272504
57272603
57272704
57272804
57272903
57273004
57273104
57273203
57273304
57273404
57273503
57273604
57273704
57273803
57273904
57274103
57274204
57274303
57274403
57274504
57274603
57274705
57274804
57274903
57275003
57275104
57275203
57275303
57275404
57275503
57275603
57275703
57275803
57275904
57276003
57276103
57276204
57276303
57276403
57276504
57276603
57276703
57276804
57276903
57277003
57277103
57277203
57277303
57277403
57277503
57277603
57277703
57277803
57277903
57278003
57278103
57278203
57278303
57278403
57278502
57278603
57278704
57278802
57278903
57279003
57279102
57279203
57279303
57279503
57279603
57279703
57279803
57279903
57280003
57280103
57280202
57280303
57280403
57280502
57280603
57280704
57280802
57280903
57281003
57281102
57281203
57281303
57281402
57281503
57281603
57281702
57281803
57281902
57282002
57282103
57282202
57282302
57282403
57282502
57282603
57282703
57282802
57282903
57283002
57283102
57283203
57283302
57283402
57283503
57283602
57283707
57283803
57283902
57284002
57284103
57284202
57284302
57284403
57284502
57284602
57284702
57284802
57284902
57285002
57285102
57285202
57285302
57285402
57285502
57285602
57285702
57285809
57285902
57286002
57286102
57286202
57286302
57286402
57286502
57286602
57286702
57286802
57286902
57287002
57287102
57287202
57287302
57287402
57287501
57287602
57287702
57287801
57287902
57288002
57288101
57288202
57288302
57288401
57288502
57288602
57288701
57288802
57288902
57289001
57289102
57289202
57289302
57289402
57289501
57289602
57289702
57289801
57289902
57290002
57290101
57290202
57290302
57290401
57290502
57290601
57290701
57290802
57290901
57291001
57291102
57291201
57291301
57291402
57291501
57291601
57291702
57291801
57291901
57292002
57292101
57292201
57292301
57292401
57292502
57292601
57292710
57292802
57292901
57293001
57293102
57293201
57293301
57293401
57293501
57293601
57293701
57293801
57293901
57294001
57294101
57294201
57294301
57294401
57294501
57294601
57294701
57294800
57294901
57295001
57295100
57295201
57295301
57295400
57295501
57295601
57295700
57295801
57295901
57296001
57296101
57296201
57296301
57296401
57296500
57296605
57296701
57296800
57296901
57297001
57297100
57297201
57297301
57297400
57297501
57297601
57297700
57297801
57297901
57298000
57298101
57298200
57298300
57298401
57298500
57298600
57298701
57298800
57298900
57299001
57299100
57299201
57299301
57299400
57299501
57299601
57299700
57299801
57299900
57300000
57300101
57300200
57300300
57300401
57300500
57300600
57300701
57300800
57300900
57301000
57301100
57301200
57301300
57301400
57301500
57301600
57301700
57301800
57301900
57302000
57302100
57302200
57302300
57302400
57302500
57302600
57302700
57302800
57302900
57303000
57303100
57303200
57303300
57303400
57303500
57303600
57303700
57303799
57303900
57304000
57304099
57304200
57304300
57304399
57304500
57304600
57304699
57304800
57304900
57304999
57305100
57305200
57305299
57305400
57305499
57305600
57305700
57305799
57305900
57306000
57306099
57306200
57306300
57306399
57306500
57306600
57306699
57306800
57306900
57306999
57307100
57307199
57307299
57307400
57307499
57307599
57307700
57307799
57307899
57308000
57308099
57308199
57308299
57308399
57308499
57308599
57308699
57308800
57308899
57308999
57309100
57309199
57309299
57309400
57309499
57309599
57309700
57309799
57309899
57309999
57310099
57310199
57310299
57310399
57310499
57310599
57310699
57310799
57310900
57310999
57311099
57311199
57311299
57311398
57311600
57311698
57311799
57311899
57311998
57312099
57312199
57312299
57312399
57312503
57312599
57312699
57312798
57312899
57312999
57313098
57313199
57313299
57313398
57313499
57313599
57313698
57313799
57313899
57313998
57314099
57314199
57314298
57314399
57314498
57314598
57314699
57314798
57314898
57314999
57315098
57315198
57315299
57315398
57315499
57315599
57315700
57315799
57315898
57315998
57316099
57316198
57316298
57316399
57316498
57316598
57316699
57316798
57316898
57316999
57317098
57317198
57317299
57317398
57317498
57317598
57317698
57317798
57317898
57317998
57318098
57318198
57318298
57318398
57318498
57318598
57318699
57318798
57318898
57318998
57319098
57319198
57319298
57319398
57319498
57319598
57319698
57319798
57319898
57319998
57320097
57320198
57320298
57320397
57320498
57320598
57320697
57320798
57320898
57320997
57321098
57321198
57321297
57321398
57321498
57321597
57321698
57321798
57321897
57321998
57322097
57322198
57322298
57322397
57322498
57322598
57322697
57322798
57322898
57322997
57323098
57323198
57323297
57323398
57323497
57323597
57323698
57323797
57323897
57323998
57324097
57324197
57324298
57324397
57324497
57324598
57324697
57324797
57324897
57324997
57325097
57325197
57325297
57325398
57325497
57325597
57325698
57325797
57325897
57325998
57326097
57326197
57326297
57326397
57326497
57326597
57326697
57326797
57326897
57326997
57327097
57327197
57327297
57327397
57327497
57327597
57327696
57327797
57327897
57327996
57328097
57328197
57328296
57328397
57328497
57328596
57328697
57328797
57328897
57328997
57329097
57329197
57329297
57329397
57329497
57329597
57329696
57329797
57329897
57329996
57330097
57330197
57330296
57330397
57330497
57330596
57330697
57330796
57330898
57330997
57331096
57331196
57331297
57331396
57331496
57331597
57331696
57331796
57331897
57331996
57332097
57332196
57332296
57332397
57332496
57332596
57332697
57332796
57332896
57332997
57333096
57333196
57333297
57333396
57333496
57333596
57333696
57333796
57333896
57333996
57334096
57334196
57334296
57334396
57334496
57334596
57334696
57334796
57334896
57334996
57335096
57335196
57335296
57335396
57335496
57335596
57335696
57335796
57335896
57335996
57336096
57336196
57336296
57336396
57336496
57336596
57336696
57336796
57336896
57336995
57337096
57337196
57337295
57337396
57337496
57337630
57337696
57337796
57337895
57337996
57338095
57338195
57338296
57338395
57338496
57338596
57338695
57338796
57338896
57338995
57339096
57339196
57339295
57339396
57339496
57339598
57339696
57339795
57339895
57339996
57340095
57340195
57340296
57340395
57340496
57340596
57340695
57340795
57340896
57340995
57341095
57341195
57341295
57341395
57341495
57341595
57341696
57341795
57341895
57341996
57342095
57342195
57342296
57342395
57342495
57342595
57342695
57342795
57342895
57342995
57343095
57343195
57343295
57343395
57343495
57343595
57343695
57343795
57343895
57343995
57344095
57344195
57344295
57344395
57344495
57344594
57344695
57344795
57344894
57344995
57345095
57345195
57345295
57345395
57345495
57345595
57345694
57345795
57345895
57345994
57346095
57346195
57346294
57346395
57346495
57346594
57346695
57346795
57346894
57346995
57347095
57347194
57347295
57347394
57347494
57347595
57347694
57347794
57347895
57347994
57348094
57348195
57348294
57348395
57348494
57348601
57348695
57348794
57348894
57348995
57349094
57349194
57349295
57349394
57349494
57349596
57349694
57349794
57349895
57349994
57350094
57350194
57350294
57350394
57350494
57350594
57350695
57350794
57350894
57350994
57351094
57351194
57351294
57351394
57351494
57351595
57351694
57351794
57351895
57351994
57352094
57352194
57352294
57352394
57352494
57352594
57352694
57352794
57352894
57352994
57353094
57353194
57353293
57353394
57353494
57353593
57353694
57353794
57353893
57353994
57354094
57354193
57354294
57354394
57354493
57354599
57354693
57354793
57354894
57354993
57355094
57355194
57355293
57355394
57355494
57355596
57355694
57355794
57355893
57355994
57356093
57356193
57356294
57356393
57356493
57356594
57356693
57356793
57356894
57356993
57357093
57357194
57357293
57357393
57357493
57357593
57357693
57357793
57357893
57357993
57358093
57358193
57358294
57358393
57358493
57358594
57358693
57358793
57358894
57358993
57359093
57359193
57359293
57359393
57359493
57359593
57359693
57359793
57359893
57359993
57360093
57360193
57360292
57360393
57360493
57360592
57360693
57360793
57360892
57360993
57361093
57361192
57361293
57361393
57361492
57361593
57361693
57361793
57361893
57361993
57362093
57362193
57362292
57362393
57362493
57362592
57362693
57362793
57362892
57362993
57363093
57363192
57363293
57363393
57363492
57363593
57363792
57363893
57363992
57364092
57364193
57364292
57364392
57364493
57364592
57364692
57364793
57364892
57364993
57365092
57365192
57365293
57365392
57365492
57365593
57365692
57365792
57365893
57365992
57366092
57366193
57366292
57366392
57366492
57366596
57366692
57366792
57366892
57366992
57367092
57367192
57367292
57367392
57367492
57367592
57367692
57367792
57367892
57367992
57368092
57368192
57368292
57368392
57368492
57368592
57368692
57368792
57368892
57368992
57369092
57369192
57369292
57369392
57369492
57369591
57369692
57369792
57369891
57369992
57370092
57370191
57370292
57370392
57370491
57370592
57370692
57370791
57370892
57370991
57371091
57371192
57371291
57371392
57371492
57371591
57371697
57371792
57371891
57371992
57372092
57372191
57372292
57372392
57372491
57372592
57372691
57372791
57372892
57372991
57373091
57373192
57373291
57373391
57373492
57373595
57373691
57373792
57373891
57373991
57374091
57374191
57374291
57374391
57374491
57374592
57374691
57374791
57374892
57374991
57375091
57375192
57375291
57375391
57375491
57375591
57375691
57375791
57375891
57375991
57376091
57376191
57376291
57376391
57376491
57376591
57376691
57376791
57376891
57376991
57377091
57377190
57377291
57377391
57377490
57377591
57377691
57377790
57377891
57377991
57378091
57378191
57378291
57378391
57378491
57378590
57378691
57378791
57378890
57378991
57379091
57379190
57379291
57379391
57379490
57379591
57379691
57379790
57379891
57379990
57380090
57380191
57380290
57380390
57380491
57380590
57380700
57380791
57380890
57380990
57381091
57381190
57381291
57381390
57381490
57381591
57381690
57381790
57381891
57381990
57382090
57382191
57382290
57382390
57382491
57382590
57382690
57382790
57382890
57382990
57383090
57383190
57383290
57383390
57383490
57383590
57383690
57383790
57383890
57383990
57384090
57384190
57384290
57384390
57384491
57384590
57384690
57384790
57384890
57384990
57385090
57385190
57385290
57385390
57385490
57385590
57385690
57385790
57385889
57385990
57386090
57386189
57386290
57386390
57386494
57386590
57386690
57386789
57386890
57386990
57387089
57387190
57387290
57387389
57387490
57387589
57387689
57387790
57387889
57387990
57388090
57388189
57388290
57388390
57388489
57388590
57388690
57388789
57388890
57388989
57389089
57389190
57389289
57389389
57389490
57389589
57389689
57389790
57389889
57389989
57390090
57390189
57390289
57390389
57390489
57390589
57390689
57390789
57390889
57390989
57391089
57391190
57391289
57391389
57391490
57391589
57391689
57391790
57391889
57391989
57392090
57392189
57392289
57392389
57392489
57392589
57392689
57392789
57392889
57392989
57393089
57393189
57393289
57393389
57393488
57393589
57393689
57393788
57393889
57393989
57394088
57394189
57394289
57394388
57394489
57394597
57394689
57394789
57394889
57394989
57395089
57395188
57395289
57395389
57395488
57395589
57395689
57395788
57395889
57395989
57396088
57396189
57396288
57396388
57396489
57396588
57396688
57396789
57396888
57396988
57397089
57397188
57397288
57397389
57397488
57397588
57397689
57397788
57397889
57397988
57398088
57398189
57398288
57398388
57398489
57398588
57398688
57398789
57398888
57398988
57399089
57399188
57399288
57399388
57399488
57399588
57399688
57399788
57399888
57399988
57400088
57400188
57400288
57400388
57400488
57400588
57400688
57400787
57400891
57400988
57401088
57401188
57401288
57401388
57401488
57401588
57401688
57401788
57401888
57401988
57402088
57402188
57402288
57402388
57402487
57402589
57402688
57402787
57402888
57402988
57403087
57403188
57403288
57403387
57403488
57403588
57403687
57403788
57403887
57403987
57404088
57404187
57404288
57404388
57404487
57404588
57404688
57404787
57404888
57404988
57405087
57405188
57405287
57405387
57405488
57405587
57405687
57405788
57405891
57405987
57406088
57406187
57406287
57406388
57406487
57406587
57406687
57406787
57406887
57406987
57407087
57407187
57407287
57407387
57407488
57407587
57407687
57407788
57407887
57407987
57408087
57408187
57408287
57408387
57408487
57408587
57408691
57408787
57408887
57408987
57409087
57409187
57409287
57409387
57409487
57409587
57409687
57409787
57409887
57409987
57410086
57410187
57410287
57410386
57410487
57410591
57410686
57410787
57410887
57410987
57411087
57411186
57411287
57411387
57411486
57411588
57411687
57411786
57411887
57411987
57412086
57412187
57412287
57412386
57412487
57412587
57412686
57412787
57412886
57412986
57413087
57413186
57413286
57413387
57413486
57413586
57413687
57413786
57413886
57413987
57414086
57414187
57414286
57414386
57414487
57414586
57414686
57414787
57414886
57414986
57415087
57415186
57415286
57415387
57415486
57415589
57415686
57415786
57415886
57415986
57416086
57416186
57416286
57416386
57416492
57416586
57416686
57416786
57416886
57416986
57417086
57417186
57417286
57417385
57417486
57417586
57417686
57417786
57417886
57417986
57418086
57418186
57418286
57418386
57418486
57418586
57418686
57418785
57418886
57418986
57419085
57419186
57419286
57419385
57419486
57419586
57419685
57419786
57419886
57419985
57420086
57420185
57420285
57420386
57420485
57420588
57420686
57420785
57420886
57420986
57421085
57421186
57421286
57421385
57421489
57421586
57421685
57421786
57421885
57421985
57422086
57422185
57422285
57422386
57422485
57422585
57422686
57422785
57422885
57422986
57423085
57423185
57423285
57423385
57423485
57423585
57423685
57423785
57423885
57423985
57424086
57424185
57424285
57424386
57424485
57424588
57424686
57424785
57424885
57424985
57425085
57425185
57425285
57425385
57425485
57425585
57425685
57425785
57425885
57425985
57426084
57426185
57426285
57426384
57426485
57426585
57426684
57426785
57426885
57426984
57427085
57427185
57427284
57427385
57427485
57427585
57427685
57427784
57427885
57427985
57428084
57428185
57428285
57428384
57428485
57428585
57428684
57428785
57428885
57428984
57429085
57429184
57429284
57429385
57429484
57429584
57429685
57429784
57429884
57429985
57430084
57430184
57430285
57430384
57430484
57430590
57430684
57430785
57430885
57430984
57431085
57431184
57431284
57431385
57431484
57431584
57431685
57431784
57431884
57431985
57432084
57432184
57432285
57432384
57432484
57432584
57432684
57432784
57432884
57432984
57433084
57433184
57433284
57433384
57433484
57433584
57433683
57433784
57433884
57433984
57434084
57434184
57434284
57434384
57434484
57434587
57434684
57434784
57434884
57434984
57435084
57435184
57435284
57435383
57435484
57435584
57435683
57435784
57435884
57435983
57436084
57436184
57436283
57436384
57436483
57436583
57436684
57436783
57436883
57436984
57437083
57437184
57437284
57437383
57437484
57437584
57437683
57437784
57437884
57437983
57438084
57438183
57438283
57438384
57438483
57438583
57438684
57438783
57438883
57438984
57439183
57439284
57439383
57439483
57439584
57439683
57439783
57439884
57439983
57440083
57440183
57440283
57440384
57440483
57440583
57440684
57440783
57440883
57440983
57441083
57441183
57441283
57441383
57441488
57441583
57441683
57441783
57441883
57441983
57442083
57442183
57442283
57442383
57442483
57442588
57442682
57442783
57442883
57442982
57443083
57443183
57443282
57443383
57443483
57443582
57443683
57443783
57443883
57443983
57444082
57444183
57444283
57444382
57444483
57444583
57444682
57444783
57444883
57444982
57445083
57445183
57445282
57445383
57445482
57445582
57445687
57445782
57445882
57445983
57446082
57446182
57446283
57446382
57446482
57446583
57446682
57446782
57446883
57446982
57447083
57447182
57447282
57447383
57447482
57447582
57447683
57447782
57447882
57447983
57448082
57448182
57448283
57448382
57448482
57448582
57448682
57448782
57448882
57448982
57449082
57449182
57449282
57449382
57449482
57449582
57449682
57449782
57449882
57449982
57450082
57450182
57450281
57450382
57450482
57450582
57450682
57450782
57450882
57450982
57451082
57451182
57451282
57451381
57451482
57451582
57451685
57451782
57451882
57451981
57452082
57452182
57452281
57452382
57452482
57452581
57452682
57452782
57452881
57452982
57453081
57453181
57453282
57453381
57453481
57453582
57453681
57453782
57453882
57453981
57454082
57454182
57454281
57454382
57454481
57454581
57454682
57454781
57454881
57454982
57455081
57455181
57455282
57455381
57455481
57455582
57455681
57455782
57455882
57455981
57456081
57456181
57456281
57456381
57456481
57456581
57456681
57456781
57456881
57456982
57457081
57457181
57457282
57457381
57457481
57457581
57457681
57457781
57457881
57457981
57458081
57458181
57458281
57458381
57458481
57458581
57458681
57458781
57458881
57458980
57459081
57459181
57459280
57459381
57459481
57459580
57459681
57459781
57459880
57459981
57460081
57460180
57460281
57460380
57460481
57460581
57460680
57460785
57460881
57460980
57461081
57461181
57461280
57461381
57461481
57461580
57461681
57461780
57461880
57461981
57462080
57462180
57462281
57462380
57462480
57462581
57462680
57462780
57462881
57462980
57463080
57463181
57463280
57463380
57463481
57463580
57463681
57463780
57463880
57463981
57464080
57464180
57464281
57464380
57464480
57464581
57464680
57464780
57464881
57464980
57465080
57465180
57465280
57465380
57465480
57465580
57465680
57465780
57465880
57465980
57466080
57466180
57466280
57466380
57466480
57466579
57466680
57466780
57466880
57466980
57467080
57467180
57467280
57467380
57467480
57467580
57467680
57467780
57467880
57467979
57468080
57468180
57468279
57468380
57468480
57468579
57468680
57468780
57468879
57468980
57469080
57469179
57469280
57469379
57469479
57469584
57469679
57469779
57469880
57469979
57470080
57470180
57470279
57470380
57470480
57470579
57470680
57470779
57470879
57470980
57471079
57471280
57471379
57471479
57471580
57471679
57471779
57471880
57471979
57472079
57472180
57472279
57472379
57472480
57472582
57472679
57472779
57472879
57472979
57473079
57473179
57473280
57473379
57473479
57473579
57473679
57473779
57473880
57473979
57474079
57474179
57474279
57474379
57474483
57474579
57474679
57474779
57474879
57474979
57475079
57475179
57475278
57475379
57475479
57475578
57475679
57475779
57475878
57475979
57476079
57476178
57476279
57476379
57476478
57476579
57476679
57476779
57476879
57476978
57477079
57477179
57477278
57477379
57477479
57477578
57477679
57477779
57477878
57477979
57478079
57478178
57478279
57478379
57478478
57478579
57478678
57478778
57478879
57478978
57479078
57479179
57479278
57479378
57479479
57479578
57479678
57479779
57479878
57479979
57480078
57480178
57480279
57480378
57480478
57480579
57480678
57480778
57480881
57480978
57481078
57481178
57481278
57481378
57481478
57481578
57481678
57481778
57481878
57481978
57482078
57482178
57482278
57482378
57482481
57482578
57482678
57482778
57482878
57482978
57483078
57483177
57483278
57483378
57483478
57483578
57483678
57483778
57483878
57483978
57484078
57484178
57484277
57484378
57484478
57484577
57484678
57484778
57484877
57484978
57485078
57485177
57485278
57485378
57485483
57485578
57485678
57485777
57485878
57485977
57486077
57486178
57486277
57486377
57486478
57486577
57486678
57486778
57486877
57486978
57487077
57487177
57487278
57487377
57487477
57487578
57487677
57487777
57487878
57487977
57488077
57488178
57488277
57488377
57488478
57488578
57488677
57488777
57488877
57488977
57489077
57489177
57489277
57489377
57489477
57489581
57489677
57489777
57489878
57489977
57490077
57490178
57490277
57490377
57490477
57490577
57490677
57490777
57490877
57490977
57491077
57491177
57491277
57491377
57491477
57491577
57491677
57491777
57491876
57491977
57492077
57492176
57492277
57492377
57492476
57492577
57492677
57492776
57492877
57492977
57493076
57493177
57493276
57493377
57493477
57493576
57493677
57493777
57493876
57493977
57494077
57494176
57494277
57494377
57494476
57494577
57494676
57494776
57494877
57494976
57495076
57495177
57495276
57495376
57495477
57495576
57495676
57495777
57495876
57495976
57496077
57496176
57496276
57496376
57496476
57496577
57496676
57496776
57496877
57496976
57497076
57497177
57497276
57497376
57497477
57497576
57497682
57497776
57497876
57497976
57498076
57498176
57498276
57498376
57498476
57498576
57498676
57498776
57498876
57498976
57499076
57499175
57499276
57499376
57499475
57499576
57499676
57499776
57499876
57499976
57500076
57500176
57500276
57500376
57500476
57500576
57500676
57500776
57500875
57500976
57501076
57501175
57501276
57501376
57501475
57501576
57501676
57501775
57501876
57501976
57502075
57502176
57502275
57502375
57502481
57502575
57502675
57502776
57502875
57502976
57503076
57503175
57503276
57503376
57503475
57503576
57503679
57503775
57503876
57503975
57504075
57504176
57504275
57504375
57504476
57504575
57504675
57504776
57504875
57504975
57505076
57505175
57505275
57505375
57505475
57505575
57505675
57505775
57505875
57505975
57506075
57506176
57506275
57506375
57506476
57506575
57506675
57506775
57506875
57506975
57507075
57507175
57507275
57507375
57507475
57507575
57507675
57507775
57507875
57507975
57508075
57508175
57508275
57508375
57508474
57508575
57508675
57508774
57508875
57508975
57509074
57509175
57509275
57509374
57509479
57509574
57509675
57509775
57509874
57509975
57510075
57510174
57510275
57510375
57510474
57510575
57510675
57510774
57510875
57510975
57511074
57511175
57511274
57511374
57511475
57511580
57511674
57511775
57511874
57511974
57512075
57512174
57512274
57512375
57512474
57512574
57512675
57512774
57512875
57512974
57513074
57513175
57513274
57513374
57513475
57513574
57513674
57513775
57513874
57513974
57514074
57514174
57514274
57514374
57514474
57514574
57514674
57514774
57514874
57514974
57515074
57515174
57515274
57515374
57515474
57515574
57515674
57515773
57515889
57515974
57516073
57516174
57516274
57516374
57516474
57516574
57516674
57516774
57516874
57516974
57517074
57517173
57517274
57517374
57517473
57517574
57517674
57517773
57517874
57517974
57518073
57518174
57518274
57518373
57518474
57518573
57518673
57518774
57518873
57518973
57519074
57519173
57519273
57519374
57519473
57519574
57519674
57519773
57519874
57519974
57520073
57520174
57520274
57520373
57520474
57520573
57520673
57520774
57520877
57520973
57521074
57521173
57521273
57521374
57521473
57521573
57521673
57521773
57521873
57521973
57522073
57522173
57522273
57522373
57522473
57522573
57522673
57522774
57522873
57522973
57523073
57523173
57523273
57523373
57523473
57523573
57523673
57523773
57523873
57523973
57524073
57524173
57524273
57524373
57524472
57524574
57524673
57524772
57524873
57524973
57525072
57525173
57525273
57525372
57525473
57525573
57525672
57525773
57525873
57525972
57526073
57526172
57526273
57526373
57526472
57526573
57526673
57526772
57526873
57526973
57527072
57527173
57527273
57527372
57527473
57527572
57527672
57527773
57527872
57527972
57528073
57528172
57528272
57528373
57528472
57528572
57528675
57528772
57528872
57528972
57529072
57529172
57529272
57529372
57529473
57529572
57529677
57529773
57529872
57529972
57530073
57530172
57530272
57530373
57530472
57530572
57530672
57530772
57530872
57530972
57531072
57531172
57531272
57531372
57531472
57531572
57531672
57531772
57531872
57531972
57532071
57532172
57532272
57532371
57532472
57532572
57532672
57532772
57532872
57532972
57533072
57533172
57533272
57533372
57533471
57533572
57533672
57533771
57533872
57533972
57534071
57534172
57534272
57534371
57534472
57534572
57534671
57534772
57534872
57534971
57535072
57535171
57535271
57535372
57535471
57535572
57535672
57535771
57535872
57535972
57536071
57536172
57536272
57536371
57536472
57536571
57536671
57536772
57536871
57536971
57537072
57537171
57537271
57537372
57537471
57537575
57537672
57537771
57537871
57537972
57538071
57538171
57538271
57538371
57538471
57538571
57538671
57538771
57538871
57538971
57539072
57539171
57539271
57539371
57539471
57539571
57539672
57539771
57539871
57539971
57540071
57540171
57540271
57540371
57540472
57540571
57540671
57540771
57540871
57540971
57541070
57541171
57541271
57541370
57541471
57541571
57541670
57541771
57541871
57541970
57542071
57542171
57542270
57542371
57542470
57542571
57542671
57542770
57542871
57542971
57543070
57543171
57543271
57543370
57543471
57543571
57543670
57543771
57543871
57543970
57544071
57544170
57544270
57544371
57544470
57544570
57544671
57544770
57544870
57544971
57545070
57545170
57545271
57545370
57545470
57545571
57545670
57545771
57545873
57545970
57546071
57546170
57546270
57546371
57546470
57546570
57546671
57546770
57546870
57546970
57547070
57547170
57547270
57547370
57547470
57547570
57547670
57547770
57547870
57547970
57548070
57548170
57548270
57548369
57548470
57548570
57548669
57548770
57548870
57548969
57549070
57549170
57549270
57549370
57549470
57549570
57549670
57549770
57549870
57549970
57550069
57550170
57550270
57550369
57550470
57550570
57550674
57550770
57550870
57550969
57551070
57551170
57551269
57551370
57551469
57551569
57551670
57551769
57551869
57551970
57552069
57552169
57552270
57552369
57552470
57552570
57552669
57552770
57552870
57552969
57553070
57553169
57553269
57553370
57553471
57553569
57553670
57553769
57553869
57553970
57554069
57554169
57554270
57554369
57554469
57554577
57554669
57554769
57554869
57554969
57555069
57555169
57555269
57555369
57555469
57555569
57555670
57555769
57555869
57555969
57556069
57556169
57556269
57556369
57556469
57556569
57556669
57556769
57556869
57556969
57557069
57557169
57557269
57557368
57557469
57557569
57557668
57557769
57557869
57557968
57558069
57558169
57558268
57558369
57558469
57558571
57558669
57558768
57558868
57558969
57559068
57559169
57559269
57559368
57559469
57559569
57559668
57559769
57559869
57559968
57560069
57560169
57560268
57560369
57560469
57560568
57560669
57560768
57560868
57560969
57561068
57561168
57561269
57561368
57561468
57561569
57561668
57561768
57561869
57561968
57562068
57562168
57562268
57562369
57562468
57562568
57562669
57562768
57562868
57562969
57563068
57563168
57563269
57563368
57563468
57563568
57563668
57563768
57563868
57563968
57564068
57564168
57564268
57564368
57564468
57564568
57564677
57564768
57564868
57564967
57565068
57565168
57565267
57565368
57565468
57565568
57565672
57565768
57565868
57565968
57566068
57566168
57566268
57566367
57566468
57566568
57566667
57566768
57566868
57566967
57567068
57567168
57567267
57567368
57567468
57567567
57567668
57567768
57567867
57567968
57568067
57568167
57568268
57568367
57568473
57568568
57568667
57568768
57568868
57568967
57569068
57569167
57569267
57569368
57569467
57569567
57569668
57569767
57569867
57569968
57570067
57570167
57570268
57570367
57570467
57570568
57570667
57570767
57570870
57570967
57571067
57571167
57571267
57571372
57571467
57571567
57571672
57571767
57571867
57571968
57572067
57572167
57572267
57572367
57572467
57572567
57572667
57572767
57572867
57572967
57573067
57573167
57573267
57573367
57573467
57573567
57573666
57573767
57573867
57573966
57574067
57574167
57574266
57574367
57574467
57574566
57574667
57574767
57574866
57574967
57575067
57575166
57575267
57575366
57575469
57575567
57575666
57575767
57575867
57575966
57576067
57576167
57576266
57576367
57576467
57576566
57576667
57576766
57576866
57576967
57577066
57577166
57577267
57577366
57577466
57577567
57577666
57577766
57577867
57577966
57578066
57578167
57578266
57578366
57578466
57578570
57578667
57578766
57578866
57578967
57579066
57579166
57579267
57579366
57579466
57579567
57579666
57579766
57579866
57579966
57580066
57580166
57580266
57580366
57580466
57580566
57580666
57580766
57580866
57580966
57581066
57581166
57581265
57581366
57581471
57581565
57581666
57581766
57581865
57581966
57582066
57582166
57582266
57582366
57582466
57582566
57582665
57582766
57582866
57582965
57583066
57583166
57583265
57583366
57583466
57583569
57583666
57583766
57583865
57583966
57584066
57584165
57584266
57584365
57584465
57584566
57584665
57584765
57584866
57584965
57585065
57585166
57585265
57585366
57585466
57585565
57585666
57585766
57585869
57585966
57586065
57586165
57586266
57586365
57586465
57586566
57586665
57586765
57586866
57586965
57587065
57587165
57587265
57587365
57587465
57587565
57587665
57587765
57587865
57587965
57588065
57588165
57588265
57588365
57588465
57588568
57588665
57588765
57588866
57588965
57589065
57589165
57589265
57589365
57589465
57589565
57589665
57589765
57589865
57589965
57590065
57590165
57590264
57590365
57590465
57590569
57590665
57590765
57590866
57590965
57591065
57591164
57591265
57591365
57591464
57591567
57591664
57591764
57591865
57591964
57592065
57592165
57592264
57592365
57592465
57592564
57592665
57592765
57592864
57592965
57593065
57593164
57593265
57593364
57593464
57593565
57593664
57593764
57593865
57593964
57594064
57594165
57594264
57594364
57594465
57594564
57594664
57594764
57594864
57594964
57595064
57595164
57595265
57595364
57595464
57595565
57595664
57595764
57595865
57595964
57596064
57596164
57596264
57596364
57596464
57596564
57596664
57596764
57596864
57596964
57597064
57597164
57597264
57597364
57597464
57597563
57597664
57597764
57597863
57597964
57598064
57598163
57598264
57598364
57598464
57598564
57598664
57598764
57598864
57598963
57599064
57599164
57599263
57599364
57599464
57599563
57599664
57599764
57599863
57599964
57600064
57600163
57600264
57600364
57600463
57600564
57600664
57600763
57600864
57600963
57601063
57601164
57601263
57601363
57601464
57601563
57601664
57601764
57601863
