52201524
52202128
52202192
52202269
52202312
52203117
52203182
52203258
52203302
52204119
52204179
52204256
52204299
52205063
52205128
52205205
52205248
52206124
52206189
52206263
52206337
52206408
52206485
52206528
52207059
52207124
52207199
52207243
52208136
52208201
52208278
52208321
52209078
52209141
52209218
52209261
52210139
52210204
52210281
52210324
52211126
52211191
52211265
52211339
52211410
52211487
52211530
52212169
52212235
52212318
52212355
52213105
52213171
52213248
52213291
52214147
52214218
52214289
52214332
52215162
52215227
52215305
52215348
52216134
52216200
52216273
52216347
52216419
52216496
52216539
52217170
52217236
52217318
52217356
52218164
52218228
52218304
52218346
52219117
52219180
52219256
52219299
52220134
52220180
52220257
52220300
52221174
52221241
52221317
52221388
52221462
52221539
52221583
52222084
52222151
52222228
52222272
52223117
52223183
52223260
52223303
52224168
52224235
52224322
52224354
52225164
52225230
52225308
52225351
52226081
52226149
52226223
52226296
52226370
52226447
52226490
52227151
52227219
52227296
52227339
52228127
52228195
52228272
52228317
52229094
52229160
52229238
52229281
52230140
52230207
52230285
52230328
52231118
52231186
52231260
52231333
52231407
52231484
52231527
52232128
52232196
52232272
52232315
52233116
52233182
52233260
52233303
52234121
52234177
52234254
52234297
52235172
52235240
52235317
52235360
52236141
52236209
52236282
52236356
52236430
52236507
52236550
52237126
52237194
52237271
52237316
52238080
52238144
52238222
52238265
52239131
52239199
52239276
52239319
52240120
52240185
52240262
52240305
52241140
52241208
52241282
52241355
52241429
52241506
52241549
52242115
52242182
52242258
52242302
52243059
52243127
52243204
52243247
52244093
52244161
52244238
52244281
52245173
52245240
52245317
52245360
52246120
52246188
52246261
52246335
52246414
52246484
52246547
52247118
52247186
52247262
52247304
52248124
52248192
52248268
52248318
52249073
52249141
52249219
52249261
52250064
52250132
52250214
52250252
52251120
52251188
52251261
52251335
52251413
52251486
52251529
52252077
52252144
52252221
52252265
52253127
52253194
52253271
52253315
52254132
52254199
52254276
52254320
52255090
52255158
52255235
52255278
52256064
52256131
52256204
52256278
52256352
52256429
52256473
52257129
52257197
52257273
52257316
52258130
52258198
52258275
52258318
52259082
52259149
52259226
52259269
52260078
52260146
52260222
52260267
52261125
52261192
52261266
52261340
52261413
52261490
52261533
52262139
52262212
52262284
52262328
52263146
52263217
52263290
52263333
52264068
52264135
52264212
52264256
52265239
52265317
52265383
52265426
52266180
52266248
52266321
52266395
52266469
52266502
52266578
52266622
52267224
52267291
52267368
52267417
52268231
52268299
52268376
52268420
52269238
52269312
52269382
52269425
52270170
52270237
52270314
52270357
52271104
52271171
52271245
52271319
52271392
52271425
52271502
52271545
52272230
52272297
52272374
52272417
52273186
52273254
52273331
52273374
52274222
52274289
52274366
52274411
52275214
52275281
52275358
52275401
52276177
52276245
52276319
52276392
52276466
52276499
52276576
52276619
52277166
52277233
52277311
52277353
52278221
52278289
52278366
52278411
52279231
52279299
52279375
52279418
52280162
52280228
52280315
52280349
52281187
52281254
52281328
52281402
52281476
52281510
52281585
52281629
52282183
52282250
52282328
52282371
52283217
52283284
52283361
52283415
52284181
52284249
52284325
52284368
52285216
52285283
52285360
52285415
52286224
52286291
52286365
52286439
52286513
52286545
52286622
52286665
52287193
52287260
52287337
52287380
52288223
52288290
52288366
52288409
52289215
52289283
52289358
52289400
52290214
52290282
52290359
52290402
52291224
52291292
52291365
52291439
52291514
52291546
52291622
52291665
52292189
52292256
52292333
52292376
52293209
52293273
52293370
52293393
52294157
52294224
52294301
52294344
52295217
52295284
52295361
52295408
52296243
52296310
52296384
52296458
52296531
52296564
52296640
52296683
52297161
52297229
52297308
52297349
52298174
52298241
52298317
52298361
52299213
52299281
52299358
52299401
52300227
52300295
52300371
52300414
52301171
52301238
52301313
52301385
52301460
52301492
52301569
52301613
52302188
52302256
52302331
52302373
52303097
52303165
52303247
52303283
52304220
52304286
52304362
52304407
52305180
52305248
52305325
52305369
52306237
52306312
52306378
52306452
52306526
52306558
52306635
52306677
52307215
52307282
52307359
52307407
52308220
52308288
52308365
52308412
52309127
52309194
52309271
52309314
52310153
52310220
52310297
52310340
52311232
52311299
52311372
52311446
52311520
52311553
52311630
52311673
52312148
52312216
52312293
52312336
52313171
52313239
52313316
52313359
52314223
52314291
52314368
52314412
52315092
52315160
52315237
52315280
52316222
52316290
52316363
52316437
52316511
52316544
52316620
52316663
52317174
52317242
52317319
52317362
52318143
52318211
52318287
52318330
52319192
52319259
52319336
52319379
52320242
52320310
52320387
52320430
52321221
52321289
52321362
52321436
52321510
52321543
52321619
52321662
52322241
52322308
52322384
52322428
52323173
52323240
52323317
52323361
52324108
52324175
52324252
52324296
52325155
52325223
52325310
52325343
52326189
52326256
52326330
52326410
52326477
52326510
52326586
52326628
52327212
52327279
52327356
52327409
52328161
52328227
52328305
52328348
52329159
52329227
52329305
52329347
52330104
52330168
52330245
52330288
52331219
52331287
52331361
52331435
52331509
52331541
52331619
52331662
52332180
52332247
52332323
52332367
52333232
52333303
52333376
52333419
52334116
52334183
52334261
52334309
52335125
52335192
52335269
52335312
52336158
52336226
52336304
52336373
52336447
52336480
52336557
52336604
52337169
52337236
52337313
52337356
52338216
52338284
52338360
52338403
52339231
52339303
52339375
52339417
52340210
52340278
52340354
52340396
52341211
52341278
52341352
52341426
52341508
52341532
52341610
52341653
52342208
52342276
52342352
52342395
52343214
52343281
52343358
52343407
52344232
52344302
52344375
52344417
52345168
52345236
52345313
52345356
52346224
52346292
52346365
52346439
52346513
52346546
52346622
52346664
52347220
52347288
52347364
52347406
52348223
52348291
52348367
52348410
52349161
52349229
52349305
52349348
52350223
52350290
52350367
52350410
52351165
52351233
52351306
52351380
52351454
52351486
52351563
52351606
52352204
52352272
52352349
52352392
52353193
52353261
52353338
52353381
52354245
52354319
52354388
52354433
52355167
52355234
52355311
52355354
52356171
52356239
52356313
52356386
52356460
52356493
52356569
52356613
52357214
52357281
52357358
52357402
52358160
52358226
52358304
52358347
52359137
52359204
52359281
52359324
52360207
52360274
52360351
52360400
52361188
52361255
52361329
52361403
52361477
52361509
52361586
52361630
52362177
52362243
52362319
52362362
52363224
52363291
52363368
52363411
52364200
52364264
52364341
52364384
52365207
52365275
52365351
52365405
52366164
52366232
52366317
52366380
52366453
52366486
52366563
52366606
52367204
52367271
52367347
52367389
52368167
52368234
52368311
52368353
52369205
52369269
52369345
52369387
52370159
52370226
52370305
52370347
52371205
52371271
52371345
52371419
52371492
52371525
52371604
52371646
52372212
52372280
52372357
52372405
52373178
52373245
52373322
52373365
52374205
52374273
52374348
52374390
52375204
52375265
52375342
52375385
52376091
52376158
52376232
52376305
52376379
52376412
52376488
52376531
52377086
52377154
52377231
52377274
52378145
52378213
52378290
52378333
52379104
52379162
52379238
52379280
52380208
52380275
52380352
52380398
52381205
52381273
52381346
52381420
52381498
52381527
52381644
52381650
52382157
52382225
52382302
52382345
52383175
52383243
52383320
52383363
52384201
52384269
52384346
52384389
52385207
52385274
52385351
52385397
52386222
52386289
52386363
52386437
52386510
52386543
52386620
52386663
52387151
52387219
52387298
52387339
52388176
52388244
52388321
52388364
52389220
52389287
52389364
52389407
52390167
52390235
52390311
52390355
52391217
52391283
52391358
52391431
52391505
52391537
52391616
52391659
52392157
52392222
52392300
52392343
52393201
52393267
52393344
52393387
52394152
52394218
52394297
52394338
52395152
52395217
52395301
52395337
52396162
52396229
52396303
52396377
52396450
52396483
52396560
52396603
52397216
52397282
52397359
52397402
52398096
52398158
52398236
52398279
52399226
52399296
52399371
52399414
52400160
52400226
52400303
52400346
52401210
52401277
52401351
52401425
52401499
52401531
52401608
52401651
52402228
52402295
52402372
52402415
52403150
52403216
52403301
52403336
52404160
52404226
52404302
52404345
52405209
52405274
52405351
52405395
52406134
52406200
52406274
52406347
52406420
52406453
52406530
52406574
52407199
52407265
52407342
52407385
52408166
52408231
52408308
52408351
52409155
52409221
52409299
52409340
52410202
52410266
52410343
52410387
52411148
52411213
52411287
52411361
52411435
52411467
52411544
52411599
52412207
52412272
52412349
52412395
52413201
52413267
52413345
52413394
52414203
52414269
52414346
52414394
52415094
52415160
52415237
52415280
52416139
52416204
52416278
52416352
52416425
52416458
52416535
52416578
52417164
52417229
52417306
52417349
52418209
52418275
52418352
52418395
52419149
52419214
52419294
52419332
52420199
52420264
52420340
52420382
52421148
52421214
52421294
52421361
52421435
52421468
52421543
52421585
52422213
52422278
52422353
52422398
52423151
52423217
52423293
52423336
52424203
52424270
52424347
52424393
52425164
52425230
52425307
52425350
52426203
52426268
52426342
52426416
52426498
52426522
52426599
52426641
52427209
52427275
52427351
52427393
52428211
52428276
52428352
52428394
52429197
52429262
52429339
52429382
52430205
52430270
52430347
52430393
52431205
52431269
52431343
52431417
52431493
52431523
52431601
52431644
52432183
52432248
52432325
52432368
52433219
52433285
52433361
52433404
52434172
52434238
52434314
52434356
52435206
52435270
52435346
52435392
52436168
52436234
52436307
52436381
52436455
52436492
52436562
52436605
52437212
52437277
52437353
52437397
52438172
52438237
52438312
52438354
52439185
52439249
52439326
52439368
52440163
52440228
52440304
52440346
52441171
52441237
52441311
52441384
52441458
52441491
52441566
52441609
52442202
52442266
52442343
52442385
52443179
52443243
52443320
52443364
52444193
52444259
52444336
52444379
52445208
52445274
52445350
52445393
52446220
52446290
52446359
52446433
52446507
52446539
52446615
52446657
52447205
52447269
52447346
52447395
52448212
52448278
52448354
52448396
52449200
52449265
52449342
52449390
52450136
52450200
52450278
52450321
52451197
52451263
52451337
52451410
52451508
52451517
52451595
52451638
52452218
52452290
52452360
52452402
52453197
52453263
52453339
52453381
52454196
52454261
52454337
52454379
52455145
52455209
52455294
52455330
52456204
52456269
52456343
52456417
52456489
52456522
52456599
52456642
52457159
52457225
52457300
52457342
52458199
52458264
52458340
52458382
52459172
52459238
52459314
52459356
52460197
52460263
52460339
52460381
52461138
52461204
52461278
52461351
52461425
52461458
52461534
52461576
52462160
52462225
52462301
52462343
52463198
52463263
52463339
52463381
52464145
52464209
52464288
52464330
52465198
52465262
52465340
52465388
52466197
52466263
52466336
52466410
52466488
52466515
52466593
52466636
52467147
52467213
52467289
52467331
52468144
52468209
52468293
52468327
52469140
52469206
52469281
52469323
52470201
52470266
52470343
52470388
52471076
52471142
52471216
52471292
52471363
52471396
52471472
52471514
52472157
52472222
52472298
52472340
52473193
52473259
52473334
52473376
52474193
52474259
52474335
52474377
52475191
52475255
52475332
52475376
52476163
52476273
52476302
52476376
52476464
52476487
52476559
52476664
52477204
52477270
52477346
52477389
52478201
52478267
52478343
52478392
52479152
52479217
52479327
52479335
52480198
52480263
52480338
52480392
52481191
52481257
52481331
52481403
52481477
52481510
52481587
52481629
52482138
52482203
52482280
52482323
52483137
52483202
52483277
52483319
52484188
52484253
52484329
52484371
52485154
52485220
52485296
52485338
52486135
52486200
52486274
52486347
52486421
52486454
52486531
52486574
52487208
52487274
52487351
52487394
52488153
52488217
52488294
52488337
52489147
52489212
52489289
52489332
52490185
52490248
52490324
52490368
52491212
52491277
52491352
52491424
52491498
52491531
52491608
52491651
52492140
52492206
52492285
52492323
52493131
52493197
52493273
52493315
52494177
52494242
52494319
52494362
52495119
52495184
52495261
52495304
52496084
52496143
52496218
52496290
52496364
52496397
52496474
52496517
52497130
52497196
52497271
52497313
52498201
52498266
52498341
52498390
52499195
52499261
52499337
52499384
52500101
52500166
52500243
52500286
52501194
52501260
52501334
52501407
52501484
52501514
52501592
52501634
52502138
52502204
52502284
52502324
52503193
52503259
52503335
52503384
52504152
52504217
52504293
52504335
52505195
52505261
52505336
52505383
52506167
52506232
52506306
52506384
52506452
52506485
52506562
52506606
52507188
52507253
52507329
52507371
52508130
52508195
52508272
52508315
52509149
52509214
52509291
52509334
52510146
52510212
52510288
52510331
52511190
52511254
52511328
52511401
52511475
52511508
52511585
52511627
52512211
52512283
52512354
52512397
52513139
52513205
52513283
52513325
52514141
52514206
52514283
52514326
52515135
52515201
52515288
52515320
52516204
52516270
52516343
52516417
52516491
52516524
52516601
52516644
52517145
52517211
52517287
52517330
52518213
52518282
52518355
52518398
52519186
52519251
52519328
52519371
52520196
52520260
52520337
52520387
52521191
52521255
52521329
52521403
52521482
52521509
52521586
52521628
52522145
52522210
52522287
52522331
52523203
52523269
52523345
52523388
52524141
52524206
52524283
52524326
52525085
52525151
52525228
52525271
52526199
52526265
52526339
52526412
52526486
52526518
52526596
52526638
52527135
52527201
52527281
52527321
52528186
52528246
52528323
52528367
52529154
52529219
52529296
52529339
52530197
52530262
52530338
52530380
52531135
52531233
52531273
52531347
52531421
52531453
52531529
52531571
52532203
52532269
52532344
52532386
52533187
52533252
52533328
52533371
52534201
52534265
52534342
52534385
52535185
52535245
52535322
52535365
52536134
52536199
52536273
52536346
52536421
52536453
52536528
52536570
52537192
52537257
52537333
52537379
52538142
52538207
52538285
52538326
52539200
52539266
52539341
52539384
52540130
52540195
52540271
52540313
52541189
52541254
52541328
52541402
52541485
52541507
52541585
52541628
52542186
52542249
52542326
52542369
52543139
52543203
52543280
52543323
52544134
52544197
52544284
52544317
52545180
52545244
52545319
52545361
52546138
52546201
52546279
52546349
52546422
52546454
52546531
52546579
52547140
52547206
52547282
52547325
52548204
52548268
52548344
52548387
52549142
52549204
52549281
52549325
52550188
52550251
52550328
52550371
52551179
52551241
52551315
52551389
52551462
52551495
52551578
52551615
52552178
52552236
52552311
52552353
52553170
52553234
52553310
52553352
52554195
52554261
52554337
52554379
52555177
52555240
52555316
52555358
52556185
52556250
52556323
52556397
52556478
52556504
52556580
52556622
52557125
52557189
52557265
52557308
52558183
52558246
52558322
52558364
52559195
52559258
52559334
52559382
52560179
52560242
52560318
52560360
52561147
52561213
52561287
52561360
52561434
52561467
52561544
52561588
52562195
52562260
52562337
52562380
52563203
52563267
52563344
52563388
52564150
52564214
52564290
52564332
52565136
52565201
52565277
52565319
52566182
52566248
52566322
52566395
52566469
52566502
52566578
52566620
52567127
52567192
52567268
52567310
52568117
52568179
52568255
52568297
52569166
52569230
52569306
52569348
52570120
52570183
52570259
52570301
52571206
52571276
52571343
52571417
52571491
52571524
52571599
52571641
52572201
52572264
52572340
52572382
52573146
52573208
52573284
52573326
52574142
52574208
52574283
52574325
52575180
52575238
52575314
52575357
52576182
52576247
52576321
52576395
52576468
52576500
52576577
52576619
52577205
52577275
52577346
52577388
52578148
52578211
52578287
52578329
52579190
52579255
52579331
52579375
52580121
52580187
52580262
52580304
52581184
52581246
52581321
52581394
52581468
52581500
52581579
52581618
52582133
52582196
52582275
52582313
52583188
52583250
52583327
52583374
52584196
52584259
52584335
52584377
52585189
52585252
52585328
52585379
52586135
52586199
52586279
52586346
52586420
52586451
52586528
52586574
52587187
52587250
52587326
52587374
52588123
52588185
52588262
52588304
52589115
52589178
52589254
52589296
52590174
52590232
52590308
52590350
52591117
52591180
52591254
52591328
52591401
52591434
52591510
52591552
52592166
52592230
52592306
52592348
52593173
52593233
52593309
52593351
52594147
52594209
52594285
52594327
52595129
52595192
52595273
52595310
52596195
52596258
52596332
52596406
52596480
52596512
52596589
52596630
52597181
52597244
52597321
52597364
52598177
52598241
52598317
52598359
52599112
52599178
52599251
52599293
52600163
52600228
52600304
52600346
52601192
52601255
52601329
52601403
52601478
52601509
52601586
52601627
52602145
52602209
52602285
52602327
52603177
52603234
52603310
52603352
52604138
52604200
52604290
52604320
52605179
52605245
52605322
52605365
52606177
52606238
52606312
52606386
52606459
52606491
52606576
52606611
52607136
52607199
52607276
52607318
52608204
52608272
52608346
52608388
52609179
52609244
52609319
52609362
52610135
52610200
52610276
52610318
52611171
52611229
52611303
52611377
52611450
52611483
52611560
52611603
52612129
52612193
52612276
52612313
52613186
52613250
52613325
52613371
52614171
52614232
52614307
52614349
52615117
52615181
52615257
52615299
52616134
52616199
52616272
52616346
52616420
52616453
52616528
52616576
52617192
52617257
52617333
52617375
52618164
52618226
52618302
52618344
52619174
52619237
52619313
52619355
52620133
52620196
52620272
52620314
52621116
52621179
52621253
52621327
52621400
52621432
52621508
52621550
52622170
52622231
52622307
52622349
52623136
52623200
52623276
52623318
52624169
52624231
52624307
52624349
52625188
52625251
52625327
52625370
52626113
52626179
52626252
52626326
52626400
52626433
52626508
52626550
52627182
52627248
52627323
52627375
52628130
52628194
52628274
52628312
52629110
52629174
52629250
52629292
52630178
52630241
52630317
52630359
52631057
52631121
52631195
52631269
52631343
52631375
52631451
52631493
52632195
52632260
52632336
52632378
52633121
52633185
52633261
52633303
52634112
52634176
52634252
52634294
52635137
52635200
52635276
52635318
52636162
52636224
52636298
52636374
52636445
52636478
52636554
52636597
52637125
52637189
52637268
52637306
52638198
52638262
52638338
52638380
52639180
52639245
52639321
52639368
52640173
52640229
52640305
52640347
52641183
52641247
52641320
52641394
52641473
52641501
52641576
52641618
52642158
52642221
52642296
52642338
52643158
52643221
52643297
52643339
52644114
52644176
52644252
52644294
52645173
52645236
52645312
52645354
52646056
52646120
52646194
52646267
52646341
52646397
52646450
52646492
52647168
52647230
52647306
52647348
52648172
52648226
52648302
52648344
52649114
52649178
52649253
52649295
52650120
52650183
52650259
52650301
52651166
52651225
52651298
52651372
52651446
52651479
52651554
52651596
52652135
52652197
52652274
52652316
52653127
52653190
52653266
52653308
52654183
52654245
52654321
52654371
52655135
52655199
52655275
52655316
52656169
52656233
52656307
52656380
52656454
52656487
52656566
52656606
52657159
52657221
52657298
52657340
52658170
52658225
52658300
52658342
52659169
52659231
52659308
52659350
52660184
52660247
52660323
52660370
52661186
52661249
52661322
52661396
52661470
52661502
52661579
52661621
52662118
52662181
52662257
52662299
52663182
52663247
52663323
52663365
52664172
52664236
52664311
52664353
52665169
52665226
52665302
52665344
52666195
52666269
52666334
52666407
52666481
52666514
52666590
52666632
52667108
52667171
52667247
52667289
52668194
52668264
52668336
52668378
52669168
52669232
52669307
52669349
52670138
52670200
52670277
52670319
52671130
52671194
52671267
52671341
52671415
52671448
52671523
52671565
52672157
52672220
52672296
52672338
52673122
52673185
52673268
52673303
52674132
52674196
52674272
52674314
52675169
52675222
52675298
52675340
52676112
52676174
52676248
52676322
52676396
52676428
52676504
52676546
52677150
52677214
52677289
52677331
52678170
52678234
52678309
52678351
52679119
52679182
52679263
52679300
52680126
52680189
52680265
52680307
52681180
52681243
52681317
52681391
52681464
52681496
52681573
52681614
52682168
52682224
52682301
52682344
52683102
52683165
52683242
52683285
52684110
52684174
52684251
52684294
52685180
52685221
52685298
52685342
52686188
52686252
52686325
52686399
52686473
52686505
52686581
52686623
52687162
52687224
52687300
52687343
52688132
52688197
52688273
52688315
52689166
52689229
52689305
52689347
52690179
52690242
52690318
52690362
52691187
52691250
52691323
52691397
52691471
52691504
52691581
52691624
52692062
52692125
52692202
52692245
52693154
52693218
52693294
52693336
52694124
52694188
52694263
52694305
52695103
52695165
52695241
52695283
52696161
52696219
52696293
52696367
52696440
52696473
52696549
52696591
52697103
52697165
52697241
52697283
52698191
52698261
52698334
52698377
52699164
52699230
52699307
52699350
52700103
52700167
52700243
52700286
52701116
52701181
52701260
52701329
52701403
52701434
52701511
52701560
52702170
52702235
52702311
52702353
52703160
52703220
52703296
52703338
52704126
52704189
52704265
52704307
52705116
52705181
52705260
52705301
52706130
52706191
52706265
52706338
52706412
52706445
52706522
52706566
52707163
52707226
52707303
52707346
52708118
52708182
52708259
52708299
52709159
52709223
52709299
52709341
52710180
52710244
52710321
52710364
52711182
52711245
52711319
52711393
52711467
52711499
52711576
52711619
52712164
52712221
52712298
52712341
52713133
52713195
52713273
52713316
52714172
52714235
52714312
52714364
52715171
52715235
52715312
52715359
52716120
52716183
52716259
52716331
52716404
52716437
52716514
52716559
52717159
52717220
52717297
52717340
52718111
52718175
52718252
52718295
52719147
52719208
52719285
52719328
52720158
52720221
52720297
52720342
52721100
52721164
52721238
52721311
52721384
52721417
52721492
52721534
52722126
52722190
52722266
52722308
52723169
52723232
52723309
52723358
52724159
52724222
52724299
52724342
52725102
52725166
52725242
52725285
52726130
52726196
52726269
52726343
52726417
52726450
52726526
52726571
52727119
52727184
52727263
52727305
52728178
52728242
52728317
52728359
52729117
52729179
52729257
52729296
52730165
52730226
52730302
52730344
52731162
52731224
52731298
52731371
52731445
52731478
52731561
52731598
52732167
52732230
52732307
52732374
52733146
52733206
52733283
52733326
52734170
52734233
52734310
52734353
52735101
52735163
52735240
52735283
52736161
52736216
52736289
52736363
52736437
52736470
52736546
52736589
52737108
52737174
52737250
52737292
52738162
52738226
52738302
52738345
52739106
52739168
52739244
52739286
52740169
52740231
52740306
52740348
52741126
52741189
52741263
52741337
52741410
52741443
52741519
52741562
52742161
52742224
52742301
52742344
52743102
52743165
52743242
52743285
52744156
52744217
52744294
52744337
52745181
52745243
52745321
52745364
52746100
52746164
52746237
52746311
52746385
52746418
52746494
52746537
52747160
52747219
52747296
52747339
52748124
52748187
52748264
52748307
52749160
52749214
52749291
52749334
52750093
52750155
52750231
52750274
52751158
52751220
52751295
52751368
52751441
52751474
52751555
52751595
52752108
52752172
52752254
52752291
52753160
52753221
52753297
52753339
52754159
52754223
52754298
52754340
52755170
52755233
52755309
52755359
52756115
52756178
52756254
52756326
52756400
52756432
52756509
52756554
52757111
52757174
52757254
52757294
52758115
52758176
52758254
52758296
52759099
52759160
52759237
52759280
52760165
52760228
52760305
52760353
52761112
52761174
52761253
52761321
52761395
52761427
52761503
52761545
52762084
52762153
52762224
52762267
52763158
52763219
52763296
52763339
52764166
52764227
52764304
52764353
52765146
52765209
52765286
52765329
52766158
52766222
52766296
52766369
52766442
52766475
52766553
52766596
52767154
52767217
52767294
52767337
52768154
52768217
52768292
52768334
52769119
52769182
52769258
52769300
52770085
52770152
52770226
52770269
52771159
52771222
52771296
52771369
52771443
52771476
52771553
52771596
52772152
52772211
52772288
52772331
52773092
52773153
52773230
52773273
52774152
52774210
52774287
52774330
52775156
52775209
52775286
52775329
52776177
52776241
52776314
52776388
52776462
52776495
52776570
52776612
52777122
52777185
52777261
52777304
52778104
52778168
52778245
52778288
52779103
52779165
52779242
52779286
52780099
52780163
52780239
52780282
52781153
52781216
52781290
52781364
52781437
52781470
52781551
52781591
52782100
52782163
52782239
52782281
52783159
52783222
52783298
52783340
52784083
52784151
52784221
52784263
52785098
52785160
52785236
52785280
52786105
52786167
52786242
52786315
52786388
52786421
52786498
52786541
52787158
52787221
52787298
52787341
52788172
52788236
52788313
52788356
52789176
52789240
52789317
52789359
52790103
52790166
52790242
52790284
52791150
52791211
52791284
52791358
52791432
52791464
52791540
52791582
52792096
52792160
52792236
52792278
52793150
52793211
52793288
52793331
52794110
52794172
52794250
52794292
52795157
52795218
52795295
52795338
52796156
52796220
52796294
52796367
52796441
52796474
52796551
52796593
52797149
52797209
52797285
52797327
52798134
52798194
52798271
52798314
52799098
52799160
52799237
52799280
52800106
52800169
52800248
52800289
52801123
52801187
52801261
52801335
52801409
52801441
52801518
52801562
52802160
52802224
52802300
52802349
52803106
52803169
52803249
52803289
52804070
52804131
52804208
52804251
52805148
52805204
52805282
52805325
52806097
52806160
52806234
52806307
52806381
52806414
52806491
52806534
52807087
52807153
52807225
52807268
52808137
52808201
52808276
52808318
52809136
52809197
52809274
52809317
52810140
52810201
52810278
52810321
52811021
52811081
52811155
52811229
52811302
52811335
52811412
52811455
52812113
52812175
52812253
52812295
52813151
52813214
52813291
52813334
52814126
52814191
52814267
52814309
52815086
52815152
52815227
52815269
52816099
52816162
52816236
52816310
52816384
52816416
52816493
52816536
52817138
52817200
52817276
52817319
52818140
52818201
52818278
52818321
52819130
52819191
52819268
52819311
52820157
52820217
52820295
52820338
52821105
52821169
52821252
52821316
52821390
52821422
52821498
52821547
52822083
52822147
52822220
52822263
52823153
52823215
52823291
52823334
52824103
52824202
52824246
52824285
52825131
52825192
52825269
52825312
52826146
52826210
52826284
52826357
52826431
52826464
52826546
52826584
52827095
52827158
52827235
52827278
52828091
52828152
52828229
52828272
52829136
52829198
52829274
52829316
52830148
52830212
52830287
52830329
52831156
52831220
52831294
52831368
52831446
52831474
52831551
52831593
52832104
52832167
52832245
52832285
52833083
52833145
52833221
52833264
52834127
52834188
52834265
52834309
52835083
52835145
52835221
52835264
52836162
52836222
52836296
52836370
52836493
52836499
52836553
52836596
52837148
52837212
52837288
52837331
52838154
52838214
52838290
52838332
52839149
52839209
52839285
52839327
52840156
52840218
52840295
52840337
52841080
52841149
52841214
52841288
52841362
52841395
52841472
52841515
52842093
52842153
52842230
52842274
52843088
52843149
52843226
52843269
52844132
52844193
52844269
52844311
52845092
52845155
52845231
52845273
52846143
52846200
52846274
52846348
52846422
52846454
52846531
52846574
52847106
52847167
52847248
52847287
52848159
52848221
52848296
52848344
52849093
52849155
52849230
52849272
52850135
52850195
52850271
52850313
52851136
52851197
52851270
52851348
52851418
52851450
52851526
52851569
52852127
52852189
52852264
52852306
52853133
52853194
52853270
52853312
52854142
52854198
52854275
52854318
52855131
52855192
52855269
52855312
52856092
52856154
52856227
52856301
52856374
52856407
52856482
52856524
52857133
52857193
52857270
52857312
52858087
52858148
52858224
52858266
52859147
52859208
52859284
52859326
52860197
52860292
52860342
52860379
52861190
52861253
52861327
52861401
52861474
52861506
52861583
52861624
52862158
52862221
52862297
52862342
52863156
52863219
52863295
52863341
52864156
52864221
52864296
52864342
52865165
52865229
52865305
52865347
52866203
52866267
52866341
52866414
52866488
52866521
52866596
52866641
52867130
52867193
52867269
52867311
52868109
52868171
52868247
52868289
52869179
52869242
52869319
52869362
52870193
52870256
52870333
52870376
52871197
52871263
52871341
52871408
52871482
52871515
52871591
52871641
52872187
52872252
52872328
52872370
52873172
52873240
52873312
52873354
52874122
52874185
52874261
52874303
52875108
52875170
52875247
52875289
52876181
52876244
52876318
52876390
52876463
52876495
52876573
52876616
52877188
52877253
52877330
52877373
52878185
52878247
52878324
52878367
52879129
52879194
52879270
52879312
52880122
52880188
52880264
52880306
52881173
52881240
52881310
52881382
52881456
52881488
52881564
52881606
52882172
52882244
52882313
52882356
52883144
52883201
52883277
52883320
52884159
52884224
52884300
52884343
52885149
52885215
52885292
52885339
52886129
52886193
52886266
52886343
52886411
52886444
52886521
52886565
52887191
52887257
52887339
52887374
52888131
52888196
52888271
52888313
52889184
52889248
52889324
52889366
52890179
52890242
52890318
52890362
52891129
52891193
52891267
52891338
52891411
52891444
52891521
52891565
52892118
52892181
52892258
52892301
52893195
52893260
52893338
52893378
52894170
52894237
52894309
52894351
52895144
52895210
52895286
52895328
52896161
52896225
52896299
52896370
52896444
52896477
52896552
52896594
52897183
52897247
52897323
52897364
52898170
52898234
52898311
52898354
52899181
52899245
52899321
52899364
52900137
52900196
52900272
52900314
52901194
52901258
52901337
52901403
52901477
52901509
52901585
52901627
52902190
52902255
52902337
52902373
52903164
52903227
52903303
52903345
52904174
52904242
52904314
52904357
52905142
52905201
52905278
52905321
52906122
52906185
52906310
52906336
52906404
52906509
52906516
52906555
52907121
52907199
52907259
52907340
52908196
52908260
52908336
52908378
52909143
52909206
52909282
52909324
52910186
52910249
52910325
52910367
52911175
52911242
52911312
52911384
52911458
52911491
52911568
52911611
52912129
52912191
52912268
52912311
52913150
52913199
52913276
52913319
52914182
52914245
52914321
52914363
52915177
52915243
52915318
52915360
52916080
52916144
52916217
52916289
52916363
52916396
52916471
52916513
52917146
52917210
52917285
52917327
52918127
52918191
52918267
52918310
52919182
52919244
52919322
52919365
52920134
52920197
52920272
52920314
52921187
52921252
52921326
52921398
52921470
52921503
52921581
52921622
52922179
52922243
52922318
52922360
52923170
52923235
52923310
52923352
52924174
52924238
52924316
52924359
52925173
52925239
52925314
52925357
52926211
52926276
52926350
52926422
52926495
52926534
52926605
52926648
52927138
52927193
52927269
52927311
52928117
52928181
52928257
52928299
52929169
52929239
52929308
52929350
52930119
52930182
52930258
52930301
52931180
52931246
52931319
52931391
52931465
52931497
52931575
52931617
52932192
52932257
52932334
52932377
52933118
52933184
52933260
52933302
52934111
52934174
52934250
52934292
52935163
52935238
52935303
52935345
52936166
52936232
52936303
52936375
52936449
52936481
52936557
52936598
52937125
52937191
52937268
52937311
52938086
52938151
52938237
52938271
52939144
52939208
52939285
52939332
52940168
52940233
52940309
52940351
52941138
52941201
52941275
52941346
52941420
52941453
52941532
52941572
52942164
52942232
52942305
52942348
52943168
52943237
52943307
52943351
52944189
52944251
52944331
52944371
52945189
52945253
52945332
52945371
52946174
52946240
52946314
52946385
52946458
52946491
52946568
52946610
52947183
52947248
52947323
52947365
52948124
52948188
52948264
52948307
52949117
52949181
52949258
52949301
52950190
52950253
52950331
52950371
52951119
52951182
52951257
52951335
52951401
52951434
52951510
52951553
52952174
52952238
52952313
52952355
52953123
52953186
52953263
52953305
52954181
52954247
52954323
52954366
52955121
52955186
52955264
52955307
52956204
52956268
52956342
52956413
52956487
52956520
52956597
52956638
52957182
52957247
52957323
52957365
52958170
52958235
52958311
52958353
52959198
52959263
52959339
52959381
52960118
52960184
52960261
52960304
52961179
52961244
52961317
52961389
52961463
52961496
52961572
52961614
52962150
52962214
52962290
52962334
52963174
52963239
52963315
52963357
52964129
52964190
52964265
52964307
52965166
52965230
52965306
52965349
52966191
52966255
52966329
52966401
52966474
52966507
52966585
52966634
52967165
52967234
52967308
52967351
52968153
52968217
52968295
52968338
52969181
52969246
52969322
52969364
52970130
52970194
52970270
52970312
52971151
52971215
52971290
52971361
52971435
52971467
52971544
52971586
52972141
52972206
52972282
52972334
52973132
52973197
52973273
52973315
52974182
52974247
52974328
52974365
52975171
52975237
52975312
52975354
52976180
52976245
52976319
52976391
52976464
52976497
52976573
52976614
52977171
52977236
52977313
52977356
52978177
52978242
52978319
52978362
52979173
52979238
52979315
52979358
52980196
52980260
52980336
52980379
52981116
52981182
52981256
52981327
52981401
52981434
52981510
52981552
52982111
52982176
52982252
52982294
52983184
52983248
52983327
52983366
52984164
52984228
52984305
52984348
52985115
52985181
52985257
52985300
52986193
52986259
52986333
52986404
52986477
52986510
52986587
52986632
52987170
52987236
52987313
52987356
52988176
52988241
52988318
52988361
52989126
52989192
52989268
52989312
52990117
52990183
52990260
52990303
52991128
52991194
52991267
52991339
52991413
52991446
52991526
52991566
52992126
52992188
52992265
52992308
52993142
52993208
52993285
52993328
52994067
52994132
52994209
52994252
52995189
52995254
52995332
52995375
52996174
52996240
52996314
52996385
52996459
52996492
52996569
52996612
52997145
52997210
52997287
52997330
52998138
52998203
52998279
52998326
52999098
52999163
52999240
52999283
53000163
53000228
53000305
53000348
53001168
53001234
53001308
53001379
53001453
53001485
53001563
53001606
53002125
53002186
53002263
53002306
53003164
53003230
53003305
53003347
53004135
53004200
53004277
53004329
53005172
53005238
53005315
53005358
53006128
53006193
53006267
53006338
53006411
53006444
53006525
53006565
53007177
53007242
53007325
53007363
53008165
53008231
53008308
53008351
53009168
53009233
53009310
53009353
53010188
53010252
53010329
53010373
53011171
53011235
53011309
53011381
53011454
53011487
53011564
53011607
53012132
53012198
53012275
53012324
53013132
53013197
53013274
53013323
53014129
53014194
53014272
53014315
53015123
53015186
53015263
53015307
53016188
53016254
53016328
53016399
53016473
53016506
53016582
53016625
53017182
53017247
53017324
53017367
53018133
53018199
53018275
53018323
53019113
53019179
53019255
53019298
53020174
53020238
53020315
53020358
53021166
53021231
53021305
53021376
53021450
53021483
53021560
53021603
53022174
53022239
53022315
53022357
53023108
53023173
53023250
53023293
53024123
53024189
53024266
53024309
53025179
53025244
53025323
53025364
53026145
53026210
53026284
53026356
53026428
53026461
53026540
53026582
53027171
53027236
53027313
53027356
53028125
53028191
53028268
53028311
53029171
53029236
53029313
53029356
53030164
53030230
53030306
53030349
53031166
53031232
53031306
53031376
53031450
53031483
53031561
53031603
53032174
53032240
53032322
53032359
53033182
53033247
53033324
53033367
53034131
53034196
53034273
53034321
53035127
53035193
53035270
53035313
53036113
53036178
53036252
53036326
53036397
53036428
53036505
53036548
53037106
53037170
53037248
53037291
53038174
53038238
53038321
53038359
53039128
53039194
53039270
53039313
53040113
53040178
53040256
53040299
53041179
53041245
53041320
53041390
53041463
53041494
53041570
53041612
53042168
53042234
53042311
53042354
53043158
53043223
53043300
53043343
53044140
53044205
53044282
53044325
53045132
53045197
53045274
53045320
53046185
53046251
53046325
53046395
53046469
53046500
53046576
53046620
53047128
53047193
53047269
53047311
53048159
53048224
53048301
53048344
53049177
53049242
53049319
53049362
53050172
53050237
53050324
53050357
53051181
53051245
53051319
53051390
53051464
53051495
53051573
53051619
53052173
53052237
53052319
53052355
53053110
53053175
53053251
53053293
53054171
53054235
53054311
53054353
53055112
53055177
53055253
53055295
53056123
53056179
53056252
53056324
53056398
53056475
53056524
53057103
53057169
53057246
53057289
53058160
53058226
53058302
53058345
53059109
53059174
53059252
53059295
53060150
53060218
53060291
53060333
53061104
53061170
53061243
53061318
53061388
53061465
53061507
53062154
53062219
53062295
53062349
53063150
53063223
53063291
53063333
53064155
53064219
53064295
53064338
53065172
53065238
53065318
53065358
53066181
53066247
53066320
53066394
53066466
53066543
53066586
53067150
53067215
53067292
53067335
53068099
53068164
53068240
53068282
53069170
53069236
53069322
53069353
53070125
53070190
53070266
53070308
53071168
53071234
53071307
53071381
53071452
53071528
53071569
53072156
53072222
53072299
53072342
53073182
53073247
53073324
53073368
53074123
53074188
53074265
53074309
53075162
53075227
53075303
53075345
53076131
53076196
53076270
53076343
53076421
53076491
53076533
53077132
53077197
53077273
53077316
53078110
53078174
53078252
53078295
53079132
53079197
53079274
53079321
53080175
53080241
53080317
53080360
53081191
53081259
53081332
53081406
53081480
53081556
53081597
53082188
53082256
53082332
53082374
53083166
53083234
53083320
53083352
53084174
53084241
53084320
53084359
53085164
53085231
53085307
53085351
53086124
53086191
53086265
53086339
53086415
53086489
53086533
53087175
53087243
53087320
53087363
53088051
53088118
53088194
53088236
53089024
53089091
53089167
53089215
53090031
53090099
53090174
53090220
53091019
53091084
53091159
53091231
53091305
53091382
53091424
53092026
53092090
53092168
53092214
53093032
53093100
53093177
53093220
53094042
53094114
53094187
53094230
53094978
53095046
53095121
53095163
53096025
53096092
53096166
53096240
53096314
53096389
53096431
53096980
53097048
53097124
53097167
53097965
53098031
53098107
53098150
53098980
53099047
53099130
53099168
53099969
53100034
53100113
53100152
53101044
53101113
53101186
53101259
53101333
53101413
53101451
