52201716
52201724
52201812
52201913
52202013
52202113
52202213
52202318
52202413
52202513
52202612
52202713
52202813
52202912
52203013
52203212
52203313
52203413
52203512
52203613
52203713
52203812
52203913
52204013
52204112
52204213
52204312
52204412
52204513
52204612
52204712
52204813
52204912
52205012
52205113
52205212
52205313
52205413
52205512
52205613
52205712
52205812
52205913
52206012
52206112
52206213
52206312
52206413
52206513
52206612
52206712
52206813
52206912
52207012
52207112
52207212
52207312
52207412
52207512
52207612
52207712
52207812
52207912
52208012
52208112
52208212
52208312
52208412
52208513
52208612
52208712
52208812
52208912
52209012
52209112
52209212
52209312
52209412
52209512
52209612
52209712
52209812
52209912
52210012
52210112
52210211
52210312
52210412
52210511
52210612
52210712
52210811
52210912
52211012
52211111
52211212
52211312
52211416
52211512
52211611
52211712
52211812
52211911
52212012
52212112
52212211
52212312
52212412
52212511
52212612
52212712
52212811
52212912
52213012
52213111
52213212
52213311
52213411
52213512
52213611
52213711
52213812
52213911
52214011
52214112
52214211
52214311
52214412
52214511
52214611
52214712
52214811
52214912
52215011
52215111
52215212
52215311
52215411
52215512
52215611
52215711
52215812
52215911
52216011
52216112
52216211
52216311
52216411
52216511
52216611
52216711
52216811
52216911
52217011
52217111
52217211
52217311
52217411
52217511
52217611
52217711
52217810
52217911
52218011
52218110
52218211
52218314
52218411
52218511
52218611
52218711
52218811
52218911
52219011
52219111
52219211
52219311
52219411
52219511
52219611
52219711
52219810
52219911
52220011
52220110
52220211
52220311
52220410
52220511
52220611
52220710
52220811
52220910
52221010
52221111
52221210
52221310
52221411
52221510
52221611
52221711
52221810
52221911
52222011
52222110
52222211
52222310
52222410
52222511
52222610
52222710
52222811
52222910
52223010
52223111
52223210
52223310
52223411
52223510
52223610
52223711
52223810
52223910
52224010
52224110
52224210
52224310
52224410
52224510
52224610
52224710
52224811
52224910
52225010
52225111
52225210
52225313
52225410
52225510
52225610
52225710
52225810
52225910
52226010
52226110
52226210
52226310
52226410
52226510
52226610
52226710
52226810
52226910
52227010
52227109
52227210
52227310
52227409
52227510
52227610
52227709
52227810
52227910
52228009
52228110
52228210
52228310
52228410
52228509
52228610
52228710
52228809
52228910
52229010
52229109
52229210
52229310
52229409
52229510
52229610
52229709
52229810
52229909
52230009
52230110
52230213
52230309
52230410
52230509
52230609
52230710
52230809
52230909
52231010
52231109
52231209
52231310
52231413
52231510
52231609
52231709
52231810
52231909
52232009
52232110
52232209
52232309
52232410
52232509
52232609
52232710
52232809
52232909
52233009
52233109
52233209
52233309
52233409
52233509
52233609
52233709
52233809
52233909
52234009
52234109
52234209
52234309
52234409
52234509
52234609
52234708
52234809
52234909
52235009
52235109
52235209
52235309
52235409
52235509
52235609
52235709
52235809
52235909
52236009
52236108
52236214
52236309
52236408
52236512
52236609
52236708
52236809
52236909
52237008
52237109
52237209
52237308
52237409
52237509
52237608
52237709
52237808
52237908
52238009
52238108
52238209
52238309
52238408
52238509
52238609
52238708
52238809
52238909
52239008
52239109
52239208
52239308
52239409
52239509
52239608
52239709
52239808
52239908
52240009
52240108
52240208
52240311
52240408
52240508
52240608
52240708
52240808
52240908
52241008
52241108
52241214
52241308
52241409
52241512
52241608
52241709
52241808
52241908
52242009
52242108
52242208
52242308
52242408
52242508
52242608
52242708
52242808
52242908
52243008
52243108
52243209
52243308
52243408
52243508
52243608
52243707
52243808
52243908
52244007
52244108
52244208
52244307
52244408
52244508
52244608
52244708
52244808
52244908
52245008
52245108
52245208
52245308
52245407
52245508
52245608
52245707
52245808
52245908
52246007
52246108
52246208
52246307
52246408
52246508
52246607
52246708
52246807
52246907
52247008
52247107
52247207
52247309
52247407
52247507
52247608
52247707
52247808
52247908
52248007
52248108
52248207
52248307
52248408
52248507
52248607
52248708
52248807
52248907
52249008
52249107
52249207
52249308
52249407
52249507
52249608
52249707
52249807
52249907
52250007
52250107
52250207
52250307
52250407
52250507
52250607
52250707
52250807
52250907
52251008
52251107
52251207
52251307
52251407
52251507
52251607
52251707
52251807
52251907
52252007
52252107
52252207
52252307
52252407
52252507
52252607
52252707
52252807
52252907
52253006
52253107
52253207
52253306
52253407
52253507
52253606
52253707
52253807
52253906
52254007
52254107
52254206
52254307
52254406
52254507
52254607
52254706
52254807
52254907
52255006
52255107
52255207
52255306
52255407
52255507
52255606
52255707
52255806
52255906
52256007
52256106
52256210
52256307
52256406
52256506
52256607
52256706
52256806
52256907
52257006
52257106
52257207
52257306
52257406
52257507
52257606
52257707
52257806
52257906
52258007
52258106
52258206
52258307
52258406
52258506
52258607
52258706
52258806
52258906
52259006
52259106
52259206
52259306
52259406
52259506
52259606
52259706
52259806
52259906
52260006
52260106
52260206
52260306
52260406
52260506
52260605
52260706
52260806
52260905
52261006
52261106
52261206
52261306
52261406
52261506
52261606
52261706
52261806
52261906
52262005
52262106
52262206
52262305
52262406
52262506
52262605
52262706
52262806
52262905
52263006
52263106
52263205
52263306
52263405
52263505
52263606
52263705
52263805
52263906
52264005
52264105
52264206
52264305
52264406
52264506
52264605
52264706
52264806
52264905
52265006
52265105
52265205
52265306
52265405
52265505
52265606
52265705
52265805
52265906
52266005
52266105
52266206
52266305
52266405
52266507
52266605
52266705
52266805
52266905
52267005
52267105
52267205
52267305
52267405
52267505
52267606
52267705
52267805
52267906
52268005
52268105
52268205
52268305
52268405
52268505
52268605
52268705
52268805
52268905
52269005
52269105
52269205
52269305
52269405
52269505
52269604
52269705
52269805
52269904
52270005
52270105
52270204
52270305
52270405
52270504
52270605
52270705
52270804
52270905
52271005
52271110
52271205
52271304
52271405
52271508
52271604
52271705
52271805
52271904
52272005
52272105
52272204
52272305
52272405
52272504
52272605
52272704
52272804
52272905
52273004
52273104
52273205
52273304
52273404
52273505
52273604
52273704
52273805
52273904
52274004
52274104
52274204
52274305
52274404
52274504
52274605
52274704
52274804
52274905
52275004
52275104
52275205
52275304
52275406
52275505
52275604
52275704
52275804
52275904
52276004
52276104
52276204
52276304
52276404
52276505
52276604
52276704
52276804
52276904
52277004
52277104
52277203
52277304
52277404
52277504
52277604
52277704
52277804
52277904
52278004
52278104
52278204
52278304
52278404
52278504
52278603
52278704
52278804
52278903
52279004
52279104
52279203
52279304
52279404
52279503
52279604
52279704
52279803
52279904
52280004
52280103
52280204
52280303
52280403
52280504
52280603
52280704
52280804
52280903
52281004
52281104
52281203
52281304
52281408
52281503
52281604
52281703
52281803
52281904
52282003
52282103
52282204
52282303
52282403
52282504
52282603
52282703
52282804
52282903
52283003
52283104
52283203
52283303
52283403
52283503
52283603
52283703
52283803
52283904
52284003
52284103
52284204
52284303
52284403
52284504
52284603
52284703
52284803
52284903
52285003
52285103
52285203
52285303
52285403
52285503
52285603
52285703
52285803
52285903
52286003
52286103
52286202
52286303
52286403
52286502
52286603
52286703
52286802
52286903
52287003
52287102
52287203
52287303
52287403
52287503
52287603
52287703
52287803
52287902
52288003
52288103
52288202
52288303
52288403
52288502
52288603
52288703
52288903
52289003
52289102
52289203
52289302
52289406
52289503
52289602
52289702
52289803
52289902
52290002
52290103
52290202
52290302
52290407
52290502
52290603
52290703
52290802
52290903
52291002
52291102
52291203
52291302
52291402
52291503
52291602
52291702
52291803
52291902
52292002
52292103
52292302
52292402
52292502
52292602
52292702
52292802
52292902
52293002
52293102
52293202
52293377
52293402
52293502
52293602
52293702
52293803
52293902
52294002
52294102
52294202
52294307
52294402
52294502
52294602
52294702
52294802
52294902
52295002
52295102
52295202
52295302
52295402
52295501
52295602
52295702
52295801
52295902
52296002
52296101
52296202
52296302
52296401
52296502
52296602
52296701
52296802
52296901
52297001
52297102
52297201
52297302
52297402
52297501
52297602
52297702
52297801
52297902
52298002
52298101
52298202
52298302
52298401
52298502
52298601
52298701
52298802
52298901
52299001
52299102
52299201
52299301
52299407
52299501
52299601
52299702
52299801
52299901
52300002
52300101
52300201
52300301
52300401
52300502
52300601
52300701
52300802
52300901
52301001
52301102
52301201
52301301
52301401
52301501
52301601
52301701
52301801
52301901
52302001
52302101
52302201
52302301
52302401
52302501
52302601
52302701
52302801
52302901
52303001
52303104
52303201
52303301
52303400
52303501
52303601
52303700
52303801
52303901
52304001
52304101
52304201
52304301
52304401
52304500
52304601
52304701
52304901
52305001
52305100
52305201
52305301
52305400
52305501
52305601
52305700
52305801
52305901
52306000
52306101
52306200
52306300
52306401
52306500
52306600
52306701
52306800
52306900
52307001
52307100
52307201
52307301
52307400
52307501
52307600
52307700
52307801
52307900
52308000
52308101
52308200
52308300
52308401
52308500
52308600
52308701
52308800
52308900
52309000
52309100
52309200
52309300
52309400
52309500
52309600
52309700
52309800
52309900
52310000
52310100
52310200
52310302
52310401
52310500
52310600
52310700
52310800
52310900
52311000
52311100
52311200
52311305
52311400
52311500
52311600
52311700
52311800
52311900
52312000
52312099
52312200
52312300
52312399
52312500
52312600
52312699
52312800
52312900
52312999
52313100
52313200
52313299
52313400
52313500
52313600
52313700
52313799
52313900
52314000
52314099
52314200
52314300
52314399
52314500
52314600
52314699
52314800
52314899
52314999
52315103
52315199
52315299
52315400
52315500
52315599
52315700
52315799
52315899
52316000
52316099
52316199
52316300
52316399
52316499
52316599
52316699
52316800
52316899
52316999
52317100
52317199
52317299
52317400
52317499
52317599
52317700
52317799
52317899
52318000
52318099
52318199
52318299
52318399
52318499
52318599
52318699
52318799
52318899
52318999
52319099
52319199
52319299
52319399
52319499
52319599
52319698
52319799
52319899
52319998
52320099
52320199
52320299
52320399
52320499
52320599
52320699
52320799
52320899
52320999
52321099
52321199
52321299
52321398
52321499
52321599
52321698
52321799
52321899
52321998
52322099
52322199
52322298
52322399
52322499
52322598
52322699
52322799
52322898
52322999
52323098
52323198
52323299
52323398
52323499
52323599
52323698
52323799
52323899
52323998
52324099
52324198
52324301
52324399
52324498
52324598
52324699
52324798
52324898
52324999
52325098
52325198
52325299
52325398
52325498
52325599
52325698
52325798
52325898
52325998
52326098
52326198
52326298
52326398
52326498
52326598
52326699
52326798
52326898
52326999
52327098
52327198
52327298
52327398
52327498
52327598
52327698
52327798
52327898
52327998
52328098
52328198
52328298
52328398
52328498
52328598
52328698
52328798
52328898
52328997
52329098
52329198
52329297
52329398
52329498
52329597
52329698
52329798
52329897
52329998
52330098
52330198
52330298
52330397
52330498
52330598
52330697
52330798
52330898
52330997
52331098
52331198
52331297
52331398
52331498
52331597
52331698
52331797
52331897
52331998
52332097
52332197
52332298
52332397
52332497
52332598
52332697
52332797
52332898
52332997
52333097
52333198
52333297
52333398
52333498
52333597
52333698
52333797
52333897
52333998
52334097
52334197
52334298
52334397
52334497
52334598
52334697
52334797
52334897
52334997
52335097
52335198
52335297
52335397
52335497
52335597
52335697
52335797
52335897
52335997
52336097
52336197
52336297
52336397
52336497
52336596
52336697
52336797
52336897
52336997
52337097
52337197
52337297
52337397
52337497
52337597
52337697
52337797
52337897
52337996
52338097
52338197
52338296
52338397
52338497
52338596
52338697
52338797
52338896
52338997
52339097
52339196
52339297
52339397
52339496
52339597
52339696
52339796
52339897
52339996
52340097
52340197
52340296
52340402
52340497
52340596
52340697
52340797
52340896
52340997
52341097
52341196
52341297
52341396
52341496
52341597
52341696
52341796
52341897
52341996
52342096
52342197
52342296
52342402
52342497
52342596
52342696
52342796
52342896
52342996
52343096
52343196
52343297
52343396
52343496
52343597
52343696
52343796
52343896
52343996
52344096
52344196
52344296
52344396
52344496
52344596
52344696
52344796
52344896
52344996
52345096
52345196
52345296
52345396
52345496
52345595
52345696
52345796
52345895
52345996
52346096
52346195
52346298
52346396
52346496
52346596
52346696
52346796
52346896
52346995
52347096
52347196
52347295
52347396
52347496
52347595
52347696
52347796
52347895
52347996
52348096
52348195
52348296
52348396
52348495
52348596
52348696
52348795
52348896
52348995
52349095
52349196
52349295
52349395
52349496
52349595
52349696
52349796
52349895
52349996
52350095
52350195
52350296
52350395
52350495
52350596
52350695
52350795
52350896
52350995
52351095
52351196
52351295
52351395
52351496
52351595
52351695
52351795
52351895
52351995
52352095
52352195
52352295
52352397
52352495
52352595
52352695
52352795
52352896
52352995
52353095
52353204
52353295
52353395
52353495
52353595
52353695
52353795
52353895
52353995
52354095
52354195
52354295
52354395
52354495
52354594
52354695
52354795
52354894
52354995
52355095
52355194
52355295
52355395
52355494
52355595
52355695
52355794
52355895
52355995
52356094
52356195
52356295
52356395
52356498
52356594
52356695
52356795
52356894
52356995
52357095
52357194
52357295
52357395
52357494
52357595
52357694
52357794
52357895
52357994
52358094
52358195
52358294
52358394
52358495
52358594
52358694
52358795
52358894
52358994
52359095
52359194
52359294
52359394
52359494
52359595
52359694
52359794
52359895
52359994
52360094
52360195
52360294
52360394
52360495
52360594
52360694
52360794
52360894
52360994
52361094
52361194
52361294
52361394
52361494
52361594
52361694
52361794
52361894
52361994
52362094
52362194
52362294
52362394
52362493
52362594
52362694
52362793
52362894
52362994
52363094
52363194
52363296
52363394
52363494
52363594
52363694
52363794
52363894
52363994
52364094
52364193
52364294
52364394
52364493
52364594
52364694
52364793
52364894
52364994
52365093
52365194
52365293
52365393
52365494
52365593
52365693
52365794
52365893
52365993
52366094
52366193
52366294
52366394
52366493
52366594
52366694
52366793
52366894
52366993
52367093
52367194
52367293
52367395
52367494
52367593
52367693
52367794
52367893
52367993
52368094
52368193
52368293
52368393
52368493
52368593
52368693
52368793
52368893
52368993
52369093
52369193
52369293
52369393
52369494
52369593
52369693
52369793
52369893
52369993
52370093
52370193
52370293
52370393
52370493
52370593
52370693
52370793
52370893
52370993
52371093
52371193
52371293
52371393
52371499
52371593
52371693
52371792
52371893
52371993
52372092
52372193
52372293
52372392
52372493
52372593
52372692
52372793
52372892
52372993
52373093
52373192
52373293
52373393
52373492
52373593
52373693
52373792
52373893
52373993
52374092
52374193
52374293
52374396
52374493
52374592
52374692
52374793
52374892
52374992
52375093
52375192
52375292
52375395
52375492
52375592
52375693
52375792
52375892
52375992
52376096
52376193
52376292
52376392
52376495
52376592
52376692
52376793
52376892
52376992
52377093
52377192
52377292
52377393
52377492
52377592
52377692
52377792
52377892
52377992
52378092
52378192
52378295
52378392
52378492
52378592
52378692
52378792
52378892
52378992
52379092
52379192
52379292
52379392
52379492
52379592
52379692
52379792
52379892
52379992
52380092
52380192
52380292
52380392
52380492
52380592
52380692
52380791
52380892
52380992
52381091
52381192
52381292
52381391
52381492
52381592
52381691
52381792
52381892
52381991
52382092
52382191
52382291
52382392
52382491
52382592
52382692
52382791
52382892
52382992
52383091
52383192
52383292
52383391
52383492
52383591
52383691
52383792
52383891
52383991
52384092
52384191
52384291
52384395
52384491
52384591
52384692
52384791
52384891
52384992
52385091
52385191
52385291
52385391
52385491
52385591
52385691
52385792
52385891
52385991
52386092
52386191
52386312
52386392
52386491
52386591
52386692
52386791
52386891
52386991
52387091
52387191
52387291
52387391
52387491
52387591
52387691
52387791
52387891
52387991
52388091
52388191
52388291
52388390
52388491
52388591
52388690
52388791
52388891
52388990
52389091
52389191
52389293
52389391
52389491
52389591
52389691
52389790
52389891
52389991
52390090
52390191
52390291
52390390
52390491
52390591
52390690
52390791
52390891
52390990
52391091
52391191
52391290
52391391
52391490
52391590
52391691
52391790
52391890
52391991
52392090
52392190
52392291
52392390
52392491
52392591
52392690
52392791
52392890
52392990
52393091
52393190
52393290
52393393
52393490
52393590
52393691
52393790
52393890
52393991
52394090
52394190
52394291
52394390
52394490
52394590
52394690
52394790
52394890
52394990
52395090
52395190
52395290
52395390
52395490
52395590
52395689
52395790
52395990
52396090
52396190
52396290
52396390
52396493
52396590
52396690
52396790
52396890
52396990
52397090
52397190
52397290
52397389
52397490
52397590
52397689
52397790
52397890
52397989
52398090
52398190
52398289
52398390
52398490
52398589
52398690
52398789
52398889
52398990
52399089
52399190
52399290
52399389
52399490
52399590
52399689
52399790
52399890
52399989
52400090
52400190
52400289
52400390
52400489
52400589
52400690
52400789
52400889
52400990
52401089
52401189
52401290
52401389
52401489
52401590
52401689
52401789
52401890
52401989
52402089
52402189
52402289
52402390
52402489
52402589
52402690
52402789
52402889
52402990
52403089
52403189
52403290
52403389
52403489
52403589
52403689
52403789
52403889
52403989
52404089
52404189
52404289
52404389
52404489
52404589
52404689
52404789
52404889
52404988
52405089
52405189
52405288
52405389
52405489
52405588
52405689
52405789
52405889
52405989
52406089
52406189
52406289
52406388
52406489
52406589
52406688
52406789
52406889
52406988
52407089
52407189
52407288
52407391
52407489
52407588
52407689
52407789
52407888
52407989
52408088
52408188
52408289
52408388
52408488
52408589
52408688
52408788
52408889
52408988
52409089
52409189
52409288
52409389
52409489
52409588
52409689
52409788
52409888
52409989
52410088
52410188
52410289
52410392
52410488
52410589
52410788
52410888
52410988
52411088
52411188
52411293
52411388
52411488
52411588
52411688
52411788
52411888
52411988
52412088
52412188
52412289
52412388
52412488
52412588
52412688
52412788
52412888
52412988
52413088
52413188
52413288
52413388
52413488
52413588
52413688
52413788
52413888
52413987
52414088
52414188
52414287
52414388
52414488
52414587
52414688
52414788
52414887
52414988
52415088
52415187
52415288
52415388
52415488
52415588
52415687
52415788
52415888
52415987
52416088
52416188
52416287
52416388
52416488
52416587
52416688
52416788
52416887
52416988
52417088
52417187
52417288
52417387
52417487
52417588
52417687
52417787
52417888
52417987
52418087
52418188
52418287
52418387
52418488
52418587
52418688
52418787
52418887
52418988
52419087
52419187
52419288
52419387
52419487
52419588
52419687
52419787
52419888
52419987
52420087
52420187
52420287
52420387
52420487
52420587
52420687
52420787
52420887
52420987
52421087
52421187
52421287
52421387
52421487
52421596
52421687
52421787
52421886
52421987
52422087
52422187
52422287
52422387
52422487
52422587
52422687
52422787
52422887
52422987
52423087
52423187
52423286
52423387
52423487
52423586
52423687
52423787
52423886
52423987
52424087
52424186
52424287
52424387
52424486
52424587
52424687
52424786
52424887
52424986
52425086
52425187
52425286
52425387
52425487
52425586
52425687
52425787
52425886
52425987
52426086
52426186
52426287
52426386
52426486
52426587
52426686
52426786
52426887
52426986
52427086
52427187
52427286
52427386
52427487
52427586
52427686
52427786
52427886
52427986
52428086
52428186
52428286
52428386
52428486
52428587
52428686
52428786
52428887
52428986
52429086
52429186
52429286
52429387
52429486
52429586
52429686
52429786
52429886
52429986
52430086
52430186
52430286
52430386
52430486
52430586
52430686
52430786
52430885
52430986
52431086
52431185
52431286
52431386
52431485
52431586
52431686
52431785
52431886
52431986
52432086
52432189
52432286
52432386
52432486
52432585
52432686
52432786
52432885
52432986
52433086
52433185
52433291
52433386
52433485
52433586
52433686
52433785
52433886
52433985
52434085
52434186
52434285
52434385
52434486
52434585
52434786
52434885
52435086
52435185
52435286
52435385
52435485
52435586
52435685
52435785
52435886
52435985
52436085
52436186
52436285
52436390
52436486
52436585
52436685
52436785
52436885
52436985
52437085
52437185
52437285
52437385
52437485
52437585
52437685
52437785
52437885
52437985
52438085
52438185
52438285
52438385
52438484
52438585
52438685
52438785
52438885
52438985
52439085
52439190
52439285
52439385
52439485
52439585
52439685
52439785
52439885
52439985
52440085
52440184
52440285
52440385
52440484
52440585
52440685
52440784
52440885
52440985
52441084
52441185
52441285
52441390
52441485
52441584
52441684
52441785
52441884
52441985
52442085
52442184
52442285
52442390
52442484
52442585
52442685
52442784
52442885
52442984
52443084
52443185
52443284
52443384
52443485
52443584
52443684
52443785
52443884
52443984
52444085
52444184
52444284
52444384
52444484
52444584
52444684
52444784
52444884
52444984
52445084
52445185
52445284
52445384
52445485
52445584
52445684
52445785
52445884
52445984
52446084
52446184
52446284
52446384
52446484
52446584
52446684
52446784
52446884
52446984
52447084
52447184
52447284
52447384
52447484
52447584
52447684
52447783
52447884
52447984
52448083
52448184
52448284
52448384
52448484
52448584
52448684
52448784
52448884
52448984
52449084
52449183
52449284
52449384
52449483
52449584
52449684
52449783
52449884
52449984
52450083
52450184
52450284
52450383
52450484
52450583
52450683
52450784
52450883
52450983
52451084
52451183
52451283
52451384
52451483
52451584
52451783
52451884
52451983
52452083
52452184
52452283
52452383
52452484
52452583
52452683
52452784
52452883
52452983
52453084
52453183
52453320
52453386
52453483
52453583
52453683
52453783
52453883
52453983
52454083
52454183
52454283
52454389
52454483
52454583
52454683
52454784
52454883
52454983
52455084
52455183
52455283
52455383
52455483
52455583
52455683
52455783
52455883
52455983
52456083
52456183
52456283
52456383
52456483
52456583
52456683
52456782
52456883
52456983
52457082
52457183
52457283
52457382
52457483
52457583
52457682
52457783
52457883
52457982
52458083
52458182
52458283
52458388
52458482
52458583
52458683
52458782
52458883
52458983
52459082
52459183
52459283
52459382
52459483
52459583
52459682
52459783
52459882
52459982
52460083
52460182
52460282
52460386
52460482
52460582
52460683
52460782
52460882
52460983
52461082
52461182
52461288
52461382
52461483
52461582
52461682
52461783
52461882
52461982
52462083
52462182
52462282
52462383
52462482
52462582
52462683
52462782
52462882
52462982
52463082
52463182
52463282
52463386
52463482
52463582
52463682
52463782
52463882
52463982
52464082
52464182
52464282
52464381
52464482
52464582
52464681
52464782
52464882
52464982
52465082
52465182
52465282
52465382
52465482
52465582
52465682
52465782
52465882
52465982
52466081
52466182
52466282
52466381
52466482
52466582
52466681
52466782
52466882
52466981
52467082
52467181
52467281
52467382
52467481
52467581
52467682
52467781
52467881
52467982
52468081
52468182
52468282
52468381
52468482
52468582
52468681
52468881
52468981
52469082
52469181
52469292
52469382
52469481
52469581
52469682
52469781
52469881
52469982
52470081
52470181
52470282
52470381
52470481
52470582
52470681
52470781
52470881
52470981
52471083
52471181
52471281
52471382
52471481
52471581
52471682
52471781
52471881
52471981
52472081
52472181
52472281
52472381
52472481
52472581
52472681
52472781
52472881
52472981
52473081
52473181
52473281
52473382
52473481
52473581
52473680
52473781
52473881
52473980
52474081
52474181
52474280
52474383
52474481
52474580
52474681
52474781
52474881
52474981
52475080
52475181
52475281
52475381
52475481
52475581
52475680
52475781
52475881
52475980
52476081
52476181
52476280
52476381
52476480
52476580
52476681
52476780
52476880
52476981
52477080
52477180
52477281
52477380
52477480
52477581
52477680
52477780
52477881
52477980
52478081
52478181
52478280
52478381
52478480
52478580
52478681
52478780
52478880
52478981
52479080
52479180
52479281
52479380
52479480
52479580
52479680
52479780
52479880
52479980
52480080
52480180
52480280
52480380
52480480
52480580
52480680
52480780
52480880
52480980
52481080
52481180
52481280
52481380
52481483
52481580
52481680
52481780
52481880
52481980
52482080
52482180
52482379
52482480
52482580
52482679
52482780
52482880
52482979
52483080
52483180
52483283
52483380
52483480
52483579
52483680
52483780
52483879
52483980
52484079
52484179
52484280
52484379
52484480
52484580
52484679
52484780
52484880
52484979
52485080
52485180
52485279
52485380
52485480
52485579
52485680
52485780
52485879
52485980
52486079
52486179
52486284
52486379
52486479
52486580
52486679
52486779
52486880
52486979
52487079
52487179
52487280
52487379
52487479
52487579
52487680
52487779
52487879
52487980
52488079
52488179
52488280
52488379
52488479
52488580
52488679
52488779
52488879
52488979
52489079
52489179
52489279
52489379
52489479
52489579
52489679
52489779
52489879
52489979
52490079
52490179
52490278
52490379
52490479
52490578
52490679
52490779
52490878
52490979
52491079
52491179
52491283
52491379
52491479
52491579
52491678
52491779
52491879
52491978
52492079
52492179
52492278
52492379
52492479
52492578
52492679
52492779
52492878
52492979
52493079
52493178
52493283
52493379
52493478
52493579
52493678
52493778
52493879
52493978
52494078
52494183
52494278
52494379
52494479
52494578
52494679
52494778
52494878
52494979
52495078
52495178
52495279
52495378
52495478
52495579
52495678
52495778
52495879
52495978
52496078
52496179
52496278
52496378
52496480
52496578
52496678
52496778
52496878
52496978
52497078
52497178
52497278
52497378
52497478
52497577
52497678
52497778
52497878
52497978
52498078
52498178
52498278
52498378
52498478
52498578
52498678
52498778
52498878
52498978
52499078
52499178
52499277
52499378
52499478
52499577
52499678
52499778
52499877
52499978
52500078
52500177
52500278
52500378
52500477
52500578
52500678
52500777
52500878
52500978
52501078
52501178
52501277
52501378
52501478
52501577
52501678
52501778
52501877
52501978
52502078
52502177
52502278
52502377
52502477
52502578
52502677
52502777
52502878
52502977
52503077
52503178
52503277
52503377
52503478
52503577
52503677
52503778
52503877
52503977
52504077
52504177
52504278
52504377
52504477
52504578
52504677
52504777
52504878
52504977
52505077
52505178
52505277
52505377
52505477
52505577
52505677
52505777
52505877
52505977
52506077
52506177
52506277
52506377
52506477
52506577
52506677
52506777
52506876
52506977
52507077
52507176
52507277
52507377
52507476
52507577
52507677
52507777
52507877
52507977
52508077
52508177
52508277
52508377
52508477
52508577
52508677
52508777
52508876
52508977
52509077
52509176
52509277
52509377
52509476
52509577
52509677
52509776
52509877
52509976
52510076
52510177
52510276
52510376
52510477
52510576
52510676
52510777
52510876
52510977
52511077
52511176
52511277
52511377
52511481
52511577
52511676
52511776
52511877
52511976
52512076
52512177
52512276
52512376
52512477
52512576
52512676
52512777
52512876
52512976
52513076
52513176
52513276
52513376
52513476
52513576
52513676
52513776
52513876
52513976
52514076
52514177
52514276
52514376
52514476
52514576
52514676
52514776
52514876
52514976
52515076
52515176
52515276
52515376
52515476
52515576
52515676
52515776
52515876
52515976
52516076
52516176
52516276
52516376
52516475
52516576
52516676
52516775
52516876
52516976
52517075
52517176
52517276
52517376
52517476
52517575
52517676
52517776
52517875
52517976
52518076
52518175
52518276
52518376
52518475
52518576
52518676
52518775
52518876
52518976
52519075
52519176
52519275
52519377
52519476
52519575
52519675
52519776
52519875
52519975
52520076
52520175
52520275
52520376
52520475
52520576
52520675
52520775
52520876
52520975
52521075
52521176
52521275
52521375
52521476
52521575
52521675
52521776
52521875
52521975
52522075
52522175
52522275
52522375
52522475
52522575
52522675
52522775
52522875
52522975
52523075
52523175
52523278
52523375
52523475
52523575
52523675
52523776
52523875
52523975
52524075
52524175
52524275
52524375
52524475
52524575
52524675
52524775
52524875
52524975
52525075
52525174
52525277
52525375
52525474
52525575
52525675
52525774
52525875
52525975
52526074
52526175
52526275
52526374
52526475
52526575
52526674
52526775
52526874
52526974
52527075
52527174
52527275
52527375
52527474
52527575
52527675
52527774
52527975
52528074
52528175
52528274
52528374
52528475
52528574
52528674
52528775
52528874
52528974
52529075
52529174
52529274
52529375
52529474
52529574
52529674
52529774
52529874
52529974
52530074
52530174
52530274
52530374
52530475
52530574
52530674
52530775
52530874
52530974
52531075
52531239
52531279
52531375
52531581
52531674
52531774
52531874
52531974
52532074
52532174
52532274
52532374
52532474
52532574
52532674
52532773
52532874
52532974
52533073
52533174
52533274
52533378
52533474
52533574
52533673
52533774
52533874
52533974
52534074
52534174
52534276
52534374
52534473
52534574
52534674
52534773
52534874
52534974
52535073
52535174
52535274
52535375
52535474
52535574
52535673
52535774
52535873
52535973
52536074
52536173
52536284
52536374
52536473
52536577
52536674
52536773
52536873
52536974
52537073
52537174
52537273
52537373
52537474
52537573
52537673
52537774
52537873
52538074
52538173
52538273
52538374
52538473
52538573
52538674
52538773
52538873
52538974
52539073
52539173
52539273
52539373
52539473
52539573
52539673
52539773
52539873
52539973
52540073
52540173
52540276
52540372
52540473
52540573
52540673
52540773
52540873
52540973
52541073
52541173
52541273
52541373
52541473
52541573
52541673
52541773
52541873
52541973
52542072
52542173
52542273
52542374
52542473
52542573
52542672
52542773
52542873
52542972
52543073
52543172
52543272
52543373
52543472
52543572
52543673
52543772
52543873
52543973
52544072
52544173
52544273
52544372
52544473
52544573
52544672
52544773
52544872
52544972
52545073
52545172
52545272
52545373
52545472
52545572
52545673
52545772
52545872
52545973
52546072
52546172
52546273
52546372
52546472
52546573
52546672
52546772
52546872
52546972
52547073
52547172
52547272
52547373
52547472
52547572
52547673
52547772
52547872
52547972
52548072
52548172
52548273
52548372
52548472
52548572
52548672
52548772
52548872
52548972
52549072
52549172
52549272
52549372
52549472
52549572
52549671
52549772
52549872
52549971
52550072
52550172
52550272
52550377
52550472
52550572
52550672
52550772
52550872
52550972
52551071
52551172
52551272
52551371
52551472
52551572
52551671
52551772
52551872
52551971
52552072
52552172
52552271
52552372
52552471
52552571
52552672
52552771
52552871
52552972
52553071
52553181
52553272
52553371
52553472
52553572
52553671
52553772
52553872
52553971
52554072
52554172
52554271
52554372
52554471
52554571
52554672
52554771
52554871
52554972
52555071
52555171
52555272
52555371
52555471
52555571
52555671
52555771
52555871
52555971
52556071
52556171
52556271
52556371
52556471
52556571
52556672
52556771
52556871
52556972
52557071
52557171
52557271
52557371
52557471
52557571
52557671
52557771
52557871
52557971
52558071
52558171
52558271
52558370
52558471
52558571
52558670
52558771
52558871
52558970
52559071
52559171
52559270
52559371
52559471
52559570
52559671
52559771
52559870
52559971
52560070
52560171
52560271
52560370
52560471
52560571
52560670
52560771
52560871
52560970
52561071
52561171
52561270
52561371
52561472
52561570
52561671
52561771
52561870
52561971
52562070
52562170
52562271
52562370
52562470
52562571
52562670
52562770
52562871
52562970
52563070
52563170
52563273
52563371
52563470
52563570
52563671
52563770
52563870
52563971
52564070
52564170
52564271
52564370
52564470
52564571
52564670
52564770
52564870
52564970
52565070
52565170
52565270
52565370
52565470
52565570
52565670
52565770
52565870
52565969
52566070
52566170
52566269
52566370
52566475
52566569
52566670
52566770
52566870
52566970
52567070
52567170
52567273
52567370
52567470
52567570
52567669
52567770
52567870
52567969
52568070
52568170
52568269
52568370
52568470
52568569
52568670
52568770
52568869
52568970
52569070
52569177
52569270
52569370
52569469
52569570
52569669
52569769
52569870
52569969
52570070
52570170
52570269
52570370
52570470
52570569
52570670
52570769
52570869
52570970
52571069
52571169
52571270
52571369
52571469
52571570
52571669
52571769
52571870
52571969
52572069
52572170
52572270
52572369
52572469
52572569
52572669
52572769
52572869
52572969
52573069
52573169
52573270
52573369
52573469
52573569
52573669
52573769
52573869
52573969
52574069
52574169
52574269
52574369
52574469
52574569
52574669
52574769
52574869
52574969
52575069
52575169
52575268
52575369
52575469
52575568
52575669
52575769
52575868
52575969
52576069
52576168
52576269
52576369
52576474
52576569
52576669
52576769
52576869
52576969
52577069
52577169
52577268
52577369
52577469
52577568
52577669
52577769
52577868
52577969
52578068
52578168
52578269
52578368
52578468
52578569
52578668
52578768
52578869
52578968
52579068
52579169
52579268
52579368
52579469
52579568
52579668
52579769
52579868
52579969
52580068
52580168
52580273
52580368
52580468
52580569
52580668
52580768
52580869
52580968
52581068
52581169
52581268
52581368
52581474
52581568
52581668
52581768
52581868
52581968
52582068
52582168
52582268
52582368
52582468
52582568
52582668
52582768
52582867
52582968
52583068
52583168
52583268
52583368
52583468
52583568
52583668
52583768
52583868
52583968
52584068
52584168
52584269
52584368
52584468
52584568
52584668
52584768
52584867
52584968
52585068
52585167
52585268
52585368
52585467
52585568
52585668
52585767
52585868
52585968
52586067
52586168
52586267
52586368
52586468
52586567
52586668
52586768
52586867
52586968
52587068
52587167
52587268
52587368
52587467
52587568
52587667
52587767
52587868
52587967
52588067
52588168
52588267
52588367
52588468
52588567
52588667
52588768
52588867
52588967
52589067
52589167
52589267
52589367
52589467
52589568
52589667
52589767
52589868
52589967
52590067
52590168
52590267
52590367
52590467
52590567
52590667
52590767
52590867
52590967
52591067
52591167
52591267
52591367
52591467
52591567
52591667
52591767
52591867
52591967
52592067
52592173
52592267
52592367
52592466
52592567
52592667
52592766
52592867
52592967
52593067
52593167
52593267
52593367
52593467
52593566
52593667
52593767
52593866
52593967
52594067
52594166
52594267
52594367
52594466
52594567
52594667
52594766
52594867
52594966
52595066
52595167
52595266
52595366
52595467
52595566
52595666
52595767
52595866
52595966
52596067
52596166
52596267
52596367
52596466
52596567
52596666
52596766
52596867
52596966
52597066
52597167
52597266
52597370
52597467
52597566
52597666
52597767
52597866
52597966
52598166
52598266
52598366
52598466
52598566
52598666
52598766
52598866
52598966
52599066
52599166
52599266
52599366
52599467
52599566
52599666
52599767
52599866
52599966
52600066
52600169
52600266
52600366
52600466
52600566
52600666
52600766
52600866
52600966
52601066
52601165
52601266
52601366
52601465
52601566
52601666
52601765
52601866
52601966
52602065
52602166
52602266
52602365
52602466
52602566
52602665
52602766
52602865
52602966
52603066
52603165
52603266
52603366
52603465
52603566
52603666
52603765
52603866
52603966
52604065
52604166
52604265
52604365
52604466
52604565
52604665
52604766
52604865
52605066
52605165
52605265
52605371
52605465
52605565
52605665
52605765
52605865
52605965
52606065
52606166
52606265
52606365
52606466
52606565
52606665
52606766
52606865
52606965
52607066
52607165
52607265
52607366
52607465
52607565
52607665
52607765
52607865
52607965
52608065
52608165
52608265
52608365
52608465
52608565
52608665
52608764
52608865
52608965
52609064
52609165
52609265
52609368
52609465
52609565
52609665
52609765
52609865
52609965
52610065
52610165
52610265
52610365
52610464
52610565
52610665
52610764
52610865
52610965
52611064
52611165
52611265
52611364
52611465
52611566
52611664
52611765
52611864
52611964
52612065
52612164
52612264
52612365
52612464
52612564
52612665
52612764
52612865
52612965
52613064
52613165
52613264
52613364
52613465
52613564
52613664
52613765
52613864
52613964
52614065
52614164
52614264
52614365
52614464
52614564
52614665
52614764
52614864
52614965
52615064
52615164
52615267
52615364
52615464
52615564
52615664
52615764
52615864
52615964
52616065
52616164
52616264
52616364
52616464
52616564
52616664
52616764
52616864
52616964
52617064
52617164
52617264
52617364
52617464
52617564
52617664
52617764
52617864
52617964
52618063
52618169
52618264
52618363
52618464
52618564
52618663
52618764
52618864
52618963
52619064
52619164
52619264
52619364
52619463
52619564
52619664
52619763
52619864
52619964
52620063
52620164
52620264
52620363
52620464
52620564
52620663
52620764
52620863
52620963
52621064
52621163
52621263
52621364
52621463
52621563
52621664
52621763
52621863
52621964
52622063
52622163
52622264
52622363
52622464
52622564
52622663
52622764
52622863
52622963
52623064
52623163
52623263
52623364
52623463
52623563
52623664
52623763
52623863
52623963
52624063
52624163
52624263
52624363
52624463
52624563
52624663
52624763
52624863
52624963
52625063
52625163
52625263
52625363
52625463
52625563
52625662
52625763
52625863
52625963
52626063
52626163
52626263
52626363
52626463
52626563
52626663
52626763
52626863
52626963
52627062
52627163
52627263
52627362
52627463
52627563
52627662
52627763
52627863
52627962
52628063
52628163
52628262
52628363
52628462
52628562
52628663
52628762
52628862
52628963
52629062
52629163
52629263
52629362
52629463
52629563
52629662
52629763
52629863
52629962
52630063
52630163
52630262
52630369
52630462
52630562
52630663
52630762
52630862
52630963
52631062
52631162
52631263
52631362
52631462
52631562
52631662
52631762
52631862
52631962
52632062
52632162
52632266
52632363
52632462
52632562
52632663
52632762
52632862
52632963
52633062
52633162
52633267
52633362
52633462
52633562
52633662
52633762
52633862
52633962
52634062
52634162
52634262
52634362
52634462
52634562
52634661
52634762
52634862
52634961
52635062
52635162
52635261
52635362
52635462
52635561
52635662
52635762
52635862
52635962
52636061
52636172
52636262
52636361
52636462
52636564
52636661
52636762
52636862
52636961
52637062
52637162
52637261
52637362
52637462
52637561
52637662
52637762
52637861
52637962
52638061
52638161
52638267
52638361
52638461
52638562
52638661
52638761
52638862
52638961
52639062
52639161
52639261
52639362
52639461
52639561
52639662
52639761
52639861
52639962
52640061
52640161
52640262
52640361
52640461
52640562
52640661
52640761
52640861
52640961
52641061
52641161
52641261
52641361
52641461
52641561
52641661
52641761
52641861
52641961
52642061
52642163
52642260
52642361
52642461
52642561
52642661
52642761
52642861
52642961
52643061
52643164
52643261
52643361
52643461
52643561
52643660
52643761
52643861
52643960
52644061
52644161
52644260
52644361
52644461
52644560
52644661
52644761
52644961
52645061
52645160
52645261
52645361
52645460
52645561
52645660
52645761
52645861
52645960
52646063
52646161
52646260
52646361
52646461
52646560
52646661
52646760
52646860
52646961
52647060
52647160
52647261
52647360
52647460
52647561
52647660
52647760
52647861
52647960
52648060
52648161
52648260
52648360
52648460
52648560
52648660
52648760
52648860
52648961
52649060
52649160
52649264
52649360
52649460
52649560
52649660
52649760
52649860
52649960
52650060
52650160
52650264
52650360
52650460
52650560
52650660
52650760
52650860
52650960
52651060
52651160
52651259
52651360
52651460
52651559
52651660
52651760
52651859
52651960
52652060
52652160
52652260
52652360
52652460
52652560
52652660
52652760
52652860
52652960
52653060
52653160
52653259
52653360
52653460
52653559
52653660
52653760
52653859
52653960
52654060
52654159
52654260
52654359
52654459
52654560
52654659
52654759
52654860
52654959
52655059
52655160
52655259
52655360
52655460
52655559
52655660
52655760
52655859
52655960
52656059
52656159
52656260
52656359
52656460
52656560
52656659
52656759
52656860
52656959
52657059
52657164
52657259
52657359
52657459
52657559
52657659
52657759
52657859
52657959
52658059
52658159
52658259
52658359
52658459
52658560
52658659
52658759
52658859
52658959
52659059
52659159
52659259
52659359
52659459
52659559
52659659
52659759
52659859
52659959
52660059
52660159
52660259
52660359
52660459
52660559
52660659
52660759
52660858
52660959
52661059
52661158
52661259
52661359
52661458
52661559
52661659
52661758
52661859
52661958
52662059
52662159
52662263
52662359
52662459
52662558
52662659
52662759
52662858
52662959
52663059
52663158
52663359
52663458
52663559
52663658
52663758
52663859
52663958
52664058
52664159
52664258
52664359
52664459
52664558
52664658
52664759
52664858
52664958
52665058
52665158
52665259
52665358
52665458
52665559
52665658
52665758
52665859
52665958
52666058
52666159
52666258
52666358
52666458
52666558
52666658
52666758
52666858
52666958
52667058
52667158
52667258
52667358
52667458
52667558
52667658
52667758
52667858
52667958
52668058
52668158
52668258
52668358
52668457
52668558
52668658
52668758
52668858
52668958
52669058
52669158
52669258
52669358
52669458
52669557
52669658
52669758
52669857
52669958
52670058
52670157
52670258
52670358
52670457
52670558
52670658
52670757
52670858
52670958
52671057
52671158
52671257
52671357
52671458
52671557
52671657
52671758
52671857
52671958
52672058
52672162
52672258
52672358
52672457
52672558
52672657
52672757
52672858
52672957
52673057
52673158
52673257
52673357
52673458
52673557
52673657
52673758
52673857
52673957
52674057
52674157
52674257
52674357
52674457
52674557
52674657
52674757
52674857
52674957
52675057
52675158
52675257
52675357
52675458
52675557
52675657
52675758
52675857
52675957
52676057
52676157
52676286
52676357
52676457
52676557
52676657
52676757
52676857
52676957
52677057
52677156
52677257
52677357
52677456
52677557
52677657
52677756
52677857
52677957
52678056
52678157
52678257
52678356
52678457
52678557
52678657
52678757
52678856
52678957
52679057
52679156
52679257
52679357
52679456
52679557
52679657
52679756
52679857
52679957
52680056
52680157
52680256
52680356
52680457
52680556
52680656
52680757
52680856
52680956
52681057
52681156
52681256
52681357
52681456
52681556
52681656
52681756
52681857
52681956
52682056
52682157
52682256
52682356
52682457
52682556
52682656
52682757
52682856
52682956
52683057
52683156
52683256
52683357
52683456
52683556
52683656
52683756
52683856
52683956
52684056
52684156
52684256
52684356
52684456
52684556
52684656
52684755
52684856
52684956
52685056
52685156
52685256
52685356
52685456
52685556
52685656
52685756
52685856
52685956
52686056
52686156
52686257
52686356
52686455
52686556
52686656
52686755
52686856
52686956
52687055
52687156
52687256
52687355
52687456
52687556
52687655
52687756
52687855
52687955
52688056
52688155
52688256
52688356
52688455
52688556
52688656
52688755
52688856
52688956
52689055
52689156
52689255
52689355
52689456
52689555
52689655
52689756
52689855
52689955
52690056
52690155
52690255
52690356
52690455
52690555
52690656
52690755
52690855
52690956
52691055
52691155
52691256
52691355
52691456
52691555
52691655
52691756
52691855
52691955
52692056
52692155
52692255
52692355
52692455
52692555
52692655
52692755
52692855
52692955
52693055
52693160
52693255
52693355
52693455
52693555
52693655
52693754
52693855
52693955
52694054
52694155
52694255
52694354
52694455
52694555
52694654
52694755
52694855
52694955
52695055
52695154
52695255
52695355
52695454
52695555
52695655
52695754
52695855
52695955
52696054
52696155
52696255
52696354
52696455
52696555
52696654
52696755
52696854
52696954
52697055
52697154
52697254
52697355
52697454
52697554
52697655
52697754
52697854
52697955
52698054
52698155
52698255
52698354
52698455
52698555
52698654
52698755
52698854
52698954
52699055
52699154
52699254
52699355
52699454
52699554
52699655
52699754
52699854
52699954
52700054
52700154
52700254
52700354
52700454
52700554
52700654
52700754
52700854
52700954
52701054
52701154
52701254
52701355
52701454
52701554
52701654
52701754
52701854
52701954
52702054
52702154
52702254
52702363
52702454
52702554
52702654
52702754
52702854
52702954
52703053
52703154
52703254
52703353
52703454
52703554
52703653
52703754
52703854
52703953
52704054
52704154
52704253
52704354
52704453
52704553
52704654
52704753
52704854
52704954
52705053
52705154
52705254
52705353
52705454
52705554
52705653
52705754
52705854
52705953
52706054
52706154
52706253
52706354
52706453
52706553
52706654
52706753
52706853
52706954
52707053
52707153
52707254
52707353
52707453
52707553
52707653
52707753
52707853
52707953
52708054
52708153
52708253
52708354
52708453
52708553
52708654
52708753
52708853
52708954
52709053
52709153
52709253
52709353
52709453
52709553
52709653
52709753
52709853
52709953
52710053
52710153
52710253
52710352
52710453
52710553
52710652
52710753
52710853
52710952
52711053
52711153
52711252
52711353
52711453
52711553
52711653
52711753
52711853
52711953
52712052
52712153
52712253
52712352
52712453
52712553
52712652
52712753
52712853
52712952
52713053
52713153
52713252
52713353
52713453
52713552
52713653
52713752
52713852
52713953
52714052
52714152
52714253
52714352
52714452
52714553
52714652
52714753
52714852
52714952
52715053
52715152
52715252
52715353
52715452
52715552
52715653
52715752
52715852
52715953
52716052
52716152
52716253
52716352
52716452
52716553
52716652
52716752
52716852
52716952
52717052
52717152
52717252
52717352
52717452
52717552
52717652
52717852
52717952
52718052
52718152
52718258
52718352
52718452
52718552
52718652
52718752
52718852
52718952
52719052
52719157
52719252
52719352
52719452
52719552
52719651
52719752
52719852
52719951
52720052
52720152
52720251
52720352
52720452
52720551
52720652
52720752
52720851
52720952
52721051
52721152
52721252
52721351
52721452
52721552
52721651
52721752
52721852
52721951
52722052
52722152
52722251
52722352
52722452
52722551
52722652
52722751
52722851
52722952
52723051
52723151
52723252
52723351
52723451
52723552
52723651
52723751
52723852
52723951
52724051
52724152
52724251
52724352
52724451
52724551
52724652
52724751
52724851
52724952
52725051
52725151
52725252
52725351
52725451
52725551
52725651
52725751
52725851
52725951
52726051
52726151
52726251
52726351
52726456
52726551
52726651
52726751
52726851
52726951
52727051
52727151
52727250
52727351
52727451
52727550
52727651
52727751
52727851
52727951
52728051
52728151
52728251
52728351
52728451
52728551
52728650
52728751
52728851
52728950
52729051
52729151
52729250
52729351
52729451
52729550
52729651
52729751
52729850
52729951
52730051
52730150
52730251
52730350
52730450
52730551
52730650
52730750
52730851
52730950
52731051
52731151
52731250
52731351
52731451
52731550
52731651
52731751
52731850
52731951
52732050
52732150
52732251
52732350
52732450
52732551
52732650
52732750
52732851
52732950
52733050
52733151
52733250
52733350
52733450
52733550
52733650
52733750
52733850
52733950
52734050
52734150
52734251
52734450
52734551
52734650
52734750
52734850
52734950
52735050
52735150
52735250
52735350
52735450
52735550
52735650
52735750
52735850
52735950
52736050
52736150
52736250
52736350
52736450
52736552
52736650
52736750
52736849
52736950
52737050
52737149
52737255
52737350
52737449
52737550
52737650
52737750
52737850
52737949
52738050
52738150
52738249
52738352
52738450
52738549
52738650
52738750
52738849
52738950
52739050
52739149
52739250
52739349
52739449
52739550
52739649
52739749
52739850
52739949
52740049
52740150
52740249
52740354
52740450
52740549
52740649
52740749
52740849
52740950
52741049
52741149
52741250
52741349
52741449
52741550
52741649
52741749
52741850
52741949
52742049
52742150
52742249
52742349
52742450
52742549
52742649
52742749
52742849
52742949
52743049
52743149
52743249
52743349
52743449
52743549
52743649
52743749
52743848
52743949
52744049
52744148
52744249
52744349
52744449
52744549
52744649
52744749
52744849
52744949
52745049
52745149
52745249
52745349
52745449
52745548
52745649
52745749
52745848
52745949
52746049
52746148
52746249
52746349
52746448
52746549
52746649
52746748
52746849
52746948
52747048
52747149
52747248
52747348
52747449
52747548
52747649
52747749
52747848
52747949
52748049
52748148
52748249
52748349
52748448
52748549
52748648
52748748
52748849
52748948
52749048
52749149
52749248
52749348
52749449
52749548
52749648
52749749
52749848
52749948
52750048
52750148
52750248
52750348
52750448
52750548
52750648
52750748
52750849
52750948
52751048
52751149
52751248
52751348
52751449
52751548
52751648
52751748
52751848
52751948
52752048
52752148
52752248
52752348
52752448
52752548
52752648
52752748
52752848
52752948
52753048
52753147
52753248
52753349
52753447
52753548
52753648
52753747
52753848
52753948
52754048
52754148
52754248
52754348
52754448
52754547
52754648
52754748
52754847
52754948
52755048
52755147
52755248
52755348
52755447
52755548
52755648
52755747
52755848
52755947
52756047
52756148
52756247
52756347
52756448
52756547
52756647
52756748
52756847
52756947
52757048
52757147
52757248
52757348
52757447
52757548
52757648
52757747
52757848
52757947
52758047
52758148
52758247
52758347
52758448
52758547
52758647
52758748
52758847
52758947
52759047
52759147
52759247
52759347
52759447
52759547
52759647
52759747
52759847
52759947
52760047
52760147
52760247
52760347
52760448
52760547
52760647
52760747
52760847
52760947
52761047
52761147
52761247
52761347
52761447
52761550
52761647
52761747
52761847
52761947
52762047
52762147
52762247
52762347
52762447
52762547
52762647
52762746
52762847
52762947
52763046
52763147
52763247
52763350
52763447
52763546
52763646
52763747
52763846
52763947
52764047
52764146
52764247
52764347
52764446
52764547
52764647
52764746
52764847
52764947
52765046
52765151
52765246
52765346
52765447
52765546
52765646
52765747
52765846
52765946
52766047
52766146
52766246
52766347
52766448
52766546
52766646
52766746
52766846
52766946
52767046
52767147
52767246
52767346
52767447
52767546
52767646
52767747
52767846
52767946
52768046
52768146
52768246
52768346
52768446
52768546
52768646
52768746
52768846
52768946
52769046
52769146
52769246
52769346
52769446
52769546
52769646
52769745
52769846
52769946
52770045
52770146
52770246
52770345
52770446
52770546
52770646
52770746
52770846
52770946
52771046
52771145
52771246
52771346
52771449
52771546
52771646
52771745
52771846
52771946
52772045
52772146
52772246
52772345
52772446
52772546
52772645
52772746
52772845
52772945
52773046
52773145
52773245
52773346
52773445
52773545
52773646
52773745
52773846
52773946
52774045
52774146
52774245
52774345
52774446
52774545
52774645
52774746
52774845
52774945
52775046
52775145
52775245
52775346
52775445
52775545
52775645
52775745
52775845
52775945
52776045
52776145
52776247
52776345
52776445
52776545
52776645
52776745
52776845
52776945
52777046
52777145
52777245
52777345
52777445
52777545
52777645
52777745
52777845
52777945
52778145
52778251
52778345
52778445
52778545
52778645
52778744
52778845
52778945
52779044
52779145
52779248
52779344
52779445
52779545
52779644
52779745
52779845
52779944
52780045
52780145
52780246
52780345
52780445
52780545
52780645
52780744
52780845
52780945
52781044
52781145
52781245
52781344
52781448
52781545
52781644
52781745
52781844
52781944
52782045
52782144
52782249
52782345
52782444
52782544
52782645
52782744
52782844
52782945
52783044
52783144
52783244
52783345
52783444
52783544
52783644
52783745
52783844
52783944
52784045
52784144
52784244
52784345
52784444
52784544
52784645
52784744
52784844
52784944
52785044
52785144
52785244
52785344
52785444
52785544
52785644
52785744
52785844
52785944
52786044
52786144
52786247
52786363
52786444
52786547
52786643
52786744
52786844
52786944
52787044
52787144
52787244
52787444
52787544
52787644
52787744
52787844
52787944
52788043
52788144
52788244
52788343
52788444
52788544
52788643
52788744
52788844
52788943
52789044
52789144
52789246
52789344
52789444
52789543
52789644
52789743
52789843
52789944
52790043
52790144
52790247
52790343
52790444
52790544
52790643
52790744
52790844
52790943
52791044
52791143
52791243
52791344
52791443
52791546
52791644
52791743
52791843
52791944
52792043
52792143
52792244
52792343
52792443
52792543
52792643
52792743
52792844
52792943
52793043
52793143
52793243
52793344
52793443
52793543
52793644
52793743
52793843
52793943
52794043
52794143
52794243
52794343
52794443
52794543
52794643
52794743
52794843
52794943
52795043
52795143
52795243
52795343
52795443
52795543
52795642
52795743
52795843
52795942
52796043
52796143
52796242
52796343
52796447
52796542
52796643
52796743
52796843
52796943
52797042
52797143
52797243
52797342
52797443
52797543
52797642
52797743
52797843
52797942
52798043
52798143
52798242
52798343
52798443
52798542
52798643
52798742
52798842
52798943
52799042
52799142
52799247
52799342
52799442
52799543
52799642
52799742
52799842
52799942
52800043
52800142
52800242
52800343
52800443
52800542
52800643
52800742
52800842
52800943
52801042
52801142
52801243
52801342
52801447
52801542
52801642
52801742
52801842
52801942
52802042
52802142
52802242
52802342
52802442
52802542
52802642
52802742
52802842
52802942
52803042
52803142
52803241
52803342
52803442
52803542
52803642
52803742
52803842
52803942
52804042
52804142
52804242
52804342
52804442
52804542
52804641
52804742
52804842
52804941
52805042
52805142
52805241
52805342
52805442
52805541
52805642
52805742
52805841
52805942
52806041
52806141
52806242
52806341
52806441
52806542
52806641
52806742
52806842
52806941
52807042
52807142
52807241
52807342
52807442
52807541
52807642
52807741
52807841
52807942
52808042
52808143
52808242
52808341
52808441
52808542
52808641
52808741
52808842
52808941
52809041
52809142
52809241
52809341
52809441
52809541
52809641
52809741
52809841
52809942
52810041
52810145
52810242
52810341
52810441
52810542
52810641
52810741
52810841
52810941
52811041
52811141
52811241
52811341
52811441
52811541
52811641
52811741
52811841
52811941
52812041
52812141
52812240
52812341
52812441
52812540
52812641
52812741
52812840
52812941
52813041
52813140
52813241
52813341
52813441
52813541
52813641
52813741
52813841
52813940
52814041
52814141
52814240
52814341
52814441
52814540
52814641
52814741
52814840
52814941
52815041
52815140
52815241
52815340
52815440
52815541
52815640
52815740
52815841
52815940
52816040
52816141
52816241
52816340
52816441
52816541
52816641
52816740
52816840
52816941
52817040
52817143
52817241
52817340
52817440
52817541
52817640
52817740
52817841
52817940
52818040
52818146
52818240
52818340
52818440
52818540
52818640
52818740
52818840
52818940
52819040
52819140
52819240
52819340
52819440
52819540
52819640
52819740
52819840
52819940
52820040
52820140
52820240
52820343
52820440
52820540
52820640
52820740
52820840
52820940
52821040
52821140
52821239
52821340
52821440
52821539
52821640
52821740
52821839
52821940
52822040
52822139
52822240
52822340
52822439
52822540
52822640
52822739
52822840
52822939
52823040
52823140
52823239
52823341
52823440
52823539
52823640
52823740
52823839
52823940
52824040
52824209
52824240
52824339
52824439
52824540
52824639
52824739
52824840
52824939
52825039
52825140
52825239
52825339
52825440
52825539
52825639
52825740
52825839
52825939
52826039
52826139
52826240
52826339
52826439
52826540
52826639
52826739
52826840
52826939
52827039
52827140
52827241
52827339
52827439
52827539
52827639
52827739
52827839
52827939
52828039
52828139
52828239
52828339
52828439
52828539
52828639
52828739
52828839
52828939
52829039
52829143
52829239
52829339
52829438
52829539
52829739
52829839
52829939
52830039
52830139
52830239
52830339
52830439
52830538
52830639
52830739
52830838
52830939
52831039
52831138
52831239
52831339
52831438
52831539
52831639
52831738
52831839
52831938
52832038
52832139
52832238
52832338
52832439
52832538
52832638
52832739
52832838
52832939
52833039
52833138
52833239
52833339
52833438
52833539
52833638
52833738
52833839
52833938
52834038
52834139
52834238
52834338
52834439
52834538
52834638
52834739
52834838
52834938
52835038
52835138
52835238
52835338
52835438
52835538
52835638
52835738
52835838
52835938
52836038
52836139
52836238
52836338
52836439
52836538
52836638
52836738
52836838
52836938
52837038
52837138
52837238
52837338
52837438
52837538
52837738
52837838
52837938
52838038
52838137
52838238
52838338
52838437
52838538
52838638
52838737
52838838
52838938
52839037
52839138
52839238
52839337
52839438
52839537
52839638
52839738
52839837
52839938
52840038
52840137
52840238
52840342
52840437
52840538
52840638
52840737
52840838
52840938
52841037
52841138
52841237
52841337
52841438
52841537
52841637
52841738
52841837
52841937
52842038
52842137
52842237
52842338
52842437
52842537
52842637
52842737
52842838
52842937
52843037
52843138
52843237
52843337
52843438
52843537
52843637
52843738
52843837
52843937
52844038
52844138
52844237
52844337
52844437
52844537
52844637
52844737
52844837
52844937
52845037
52845137
52845237
52845337
52845437
52845537
52845637
52845736
52845837
52845937
52846036
52846137
52846237
52846337
52846437
52846537
52846637
52846737
52846837
52846937
52847037
52847136
52847237
52847337
52847436
52847537
52847637
52847736
52847837
52847937
52848036
52848137
52848237
52848336
52848437
52848537
52848636
52848737
52848836
52848936
52849037
52849136
52849236
52849337
52849436
52849537
52849637
52849736
52849837
52849937
52850036
52850140
52850236
52850336
52850437
52850536
52850636
52850737
52850836
52850936
52851037
52851141
52851236
52851337
52851436
52851536
52851637
52851736
52851836
52851936
52852036
52852136
52852236
52852336
52852436
52852536
52852636
52852737
52852836
52852936
52853036
52853138
52853236
52853336
52853436
52853536
52853636
52853736
52853836
52853936
52854036
52854136
52854236
52854336
52854436
52854536
52854636
52854735
52854836
52854936
52855035
52855137
52855236
52855335
52855436
52855536
52855635
52855736
52855836
52855936
52856036
52856136
52856236
52856336
52856435
52856536
52856636
52856735
52856836
52856936
52857035
52857139
52857236
52857335
52857436
52857536
52857635
52857736
52857835
52857935
52858036
52858135
52858235
52858336
52858435
52858535
52858636
52858735
52858835
52858936
52859035
52859136
52859235
52859336
52859436
52859535
52859635
52859736
52859835
52859935
52860036
52860135
52860235
52860336
52860435
52860535
52860636
52860735
52860835
52860935
52861035
52861135
52861235
52861335
52861435
52861535
52861635
52861735
52861835
52861935
52862035
52862135
52862235
52862334
52862435
52862535
52862635
52862735
52862835
52862935
52863035
52863135
52863235
52863335
52863435
52863535
52863635
52863735
52863835
52863935
52864034
52864135
52864235
52864334
52864435
52864535
52864634
52864735
52864835
52864934
52865035
52865134
52865235
52865335
52865434
52865534
52865635
52865734
52865835
52865935
52866034
52866135
52866235
52866334
52866435
52866535
52866634
52866735
52866834
52866934
52867035
52867136
52867234
52867335
52867434
52867534
52867635
52867734
52867834
52867935
52868034
52868134
52868234
52868334
52868434
52868534
52868634
52868734
52868834
52868934
52869035
52869134
52869234
52869335
52869434
52869534
52869635
52869734
52869834
52869934
52870034
52870134
52870234
52870339
52870434
52870534
52870634
52870734
52870834
52870934
52871034
52871134
52871234
52871334
52871434
52871534
52871633
52871734
52871834
52871933
52872034
52872134
52872233
52872334
52872434
52872534
52872634
52872734
52872834
52872934
52873033
52873134
52873234
52873333
52873434
52873534
52873633
52873734
52873834
52873933
52874034
52874134
52874233
52874334
52874433
52874533
52874634
52874733
52874833
52874934
52875033
52875133
52875234
52875333
52875433
52875534
52875633
52875734
52875833
52875933
52876034
52876133
52876233
52876334
52876433
52876533
52876634
52876733
52876833
52876934
52877033
52877133
52877234
52877336
52877433
52877533
52877633
52877733
52877833
52877933
52878033
52878133
52878233
52878333
52878433
52878533
52878633
52878733
52878833
52878934
52879033
52879151
52879233
52879333
52879433
52879533
52879633
52879733
52879833
52879933
52880033
52880133
52880233
52880333
52880433
52880533
52880632
52880733
52880833
52880932
52881033
52881133
52881232
52881333
52881532
52881633
52881733
52881832
52881933
52882032
52882132
52882233
52882332
52882433
52882533
52882632
52882733
52882833
52882932
52883033
52883133
52883232
52883333
52883433
52883532
52883633
52883732
52883832
52883933
52884032
52884132
52884233
52884332
52884432
52884533
52884632
52884833
52884932
52885032
52885132
52885232
52885332
52885432
52885532
52885633
52885732
52885832
52885933
52886032
52886135
52886233
52886332
52886432
52886533
52886632
52886732
52886832
52886932
52887032
52887132
52887232
52887332
52887432
52887532
52887632
52887732
52887832
52887931
52888032
52888136
52888231
52888332
52888432
52888531
52888632
52888732
52888832
52888932
52889032
52889132
52889232
52889332
52889432
52889532
52889631
52889732
52889832
52889931
52890032
52890132
52890231
52890332
52890432
52890531
52890632
52890732
52890831
52890932
52891031
52891136
52891232
52891331
52891431
52891532
52891631
52891731
52891832
52891931
52892032
52892132
52892231
52892332
52892432
52892531
52892632
52892731
52892831
52892932
52893031
52893131
52893232
52893331
52893431
52893532
52893631
52893731
52893832
52894031
52894132
52894231
52894331
52894431
52894531
52894631
52894731
52894831
52894931
52895031
52895131
52895232
52895334
52895431
52895532
52895631
52895731
52895831
52895931
52896031
52896131
52896235
52896331
52896431
52896531
52896631
52896731
52896831
52896931
52897031
52897131
52897230
52897331
52897431
52897530
52897631
52897731
52897830
52897931
52898031
52898130
52898331
52898430
52898531
52898630
52898731
52898831
52898930
52899031
52899131
52899230
52899332
52899431
52899530
52899631
52899731
52899830
52899931
52900031
52900130
52900231
52900330
52900430
52900531
52900630
52900730
52900831
52900930
52901030
52901131
52901230
52901330
52901431
52901530
52901633
52901731
52901830
52901931
52902030
52902130
52902231
52902330
52902430
52902531
52902630
52902730
52902831
52902930
52903030
52903130
52903233
52903330
52903430
52903530
52903630
52903730
52903830
52903930
52904030
52904130
52904230
52904330
52904430
52904530
52904630
52904730
52904829
52904930
52905030
52905129
52905230
52905331
52905430
52905530
52905630
52905730
52905830
52905930
52906030
52906130
52906229
52906330
52906430
52906529
52906630
52906829
52906930
52907030
52907205
52907230
52907345
52907429
52907530
52907630
52907729
52907830
52907929
52908029
52908130
52908229
52908329
52908430
52908529
52908630
52908730
52908829
52908930
52909030
52909129
52909230
52909330
52909429
52909530
52909629
52909729
52909830
52909929
52910029
52910130
52910229
52910331
52910430
52910529
52910629
52910729
52910829
52910929
52911029
52911129
52911229
52911329
52911429
52911529
52911629
52911729
52911830
52911929
52912029
52912134
52912229
52912329
52912429
52912529
52912629
52912729
52912829
52912929
52913029
52913129
52913229
52913329
52913429
52913529
52913629
52913729
52913829
52913929
52914029
52914128
52914229
52914329
52914428
52914529
52914629
52914728
52914829
52914929
52915028
52915129
52915229
52915329
52915429
52915528
52915629
52915729
52915828
52915929
52916029
52916128
52916229
52916329
52916428
52916529
52916629
52916728
52916829
52916929
52917028
52917129
52917228
52917334
52917429
52917528
52917628
52917729
52917828
52917928
52918029
52918133
52918228
52918328
52918428
52918529
52918628
52918728
52918829
52918928
52919028
52919129
52919228
52919328
52919429
52919528
52919628
52919729
52919828
52919928
52920028
52920128
52920228
52920328
52920428
52920528
52920628
52920728
52920828
52920928
52921028
52921128
52921331
52921428
52921528
52921628
52921728
52921828
52921928
52922028
52922128
52922228
52922328
52922428
52922528
52922628
52922728
52922827
52922928
52923028
52923127
52923228
52923328
52923427
52923528
52923628
52923727
52923828
52923928
52924027
52924128
52924228
52924327
52924428
52924528
52924627
52924728
52924827
52924928
52925028
52925127
52925228
52925328
52925427
52925528
52925628
52925727
52925828
52925927
52926027
52926128
52926227
52926327
52926428
52926527
52926627
52926728
52926827
52926927
52927028
52927127
52927227
52927328
52927427
52927527
52927627
52927727
52927827
52927927
52928027
52928128
52928227
52928327
52928428
52928527
52928627
52928728
52928827
52928927
52929028
52929127
52929227
52929327
52929427
52929527
52929627
52929727
52929827
52929927
52930027
52930128
52930227
52930327
52930427
52930527
52930627
52930726
52930827
52930927
52931026
52931127
52931227
52931326
52931427
52931527
52931627
52931727
52931827
52931927
52932027
52932127
52932227
52932327
52932426
52932527
52932627
52932726
52932827
52932927
52933026
52933127
52933227
52933326
52933427
52933526
52933626
52933727
52933826
52933926
52934027
52934126
52934226
52934327
52934426
52934526
52934627
52934726
52934827
52934927
52935026
52935127
52935226
52935326
52935427
52935526
52935626
52935727
52935826
52935926
52936027
52936126
52936226
52936327
52936426
52936526
52936626
52936726
52936826
52936926
52937026
52937132
52937226
52937326
52937426
52937526
52937626
52937726
52937826
52937926
52938027
52938126
52938226
52938326
52938426
52938526
52938626
52938726
52938826
52938926
52939026
52939126
52939226
52939326
52939426
52939526
52939626
52939726
52939826
52939926
52940025
52940126
52940226
52940325
52940426
52940526
52940625
52940726
52940826
52940925
52941026
52941125
52941225
52941326
52941526
52941626
52941725
52941826
52941926
52942025
52942126
52942226
52942325
52942426
52942526
52942625
52942726
52942825
52942925
52943026
52943125
52943225
52943326
52943425
52943525
52943626
52943725
52943825
52943926
52944025
52944125
52944225
52944325
52944425
52944525
52944625
52944726
52944825
52944925
52945026
52945125
52945225
52945326
52945425
52945525
52945625
52945725
52945825
52945925
52946025
52946125
52946225
52946325
52946425
52946525
52946625
52946725
52946825
52946925
52947025
52947125
52947225
52947330
52947425
52947525
52947624
52947725
52947825
52947924
52948025
52948134
52948225
52948330
52948425
52948525
52948625
52948724
52948825
52948925
52949024
52949125
52949225
52949324
52949425
52949525
52949624
52949725
52949825
52950025
52950125
52950224
52950325
52950424
52950524
52950625
52950724
52950824
52950925
52951024
52951124
52951225
52951324
52951425
52951525
52951624
52951725
52951824
52951924
52952025
52952124
52952224
52952325
52952424
52952524
52952625
52952724
52952824
52952925
52953024
52953128
52953225
52953324
52953424
52953524
52953624
52953724
52953824
52953924
52954024
52954124
52954224
52954330
52954424
52954524
52954625
52954724
52954824
52954925
52955024
52955131
52955224
52955324
52955424
52955524
52955624
52955724
52955824
52955924
52956024
52956124
52956224
52956323
52956424
52956526
52956623
52956724
52956824
52956923
52957024
52957124
52957223
52957329
52957424
52957523
52957624
52957724
52957824
52957924
52958023
52958124
52958224
52958323
52958424
52958524
52958623
52958724
52958824
52958923
52959024
52959124
52959223
52959324
52959424
52959523
52959624
52959723
52959823
52959924
52960023
52960124
52960224
52960323
52960423
52960524
52960623
52960723
52960824
52960923
52961024
52961123
52961223
52961324
52961423
52961523
52961624
52961723
52961823
52961924
52962023
52962123
52962224
52962323
52962423
52962524
52962623
52962723
52962823
52962923
52963023
52963123
52963223
52963323
52963423
52963523
52963623
52963723
52963823
52963922
52964023
52964123
52964222
52964323
52964423
52964523
52964623
52964723
52964823
52964923
52965023
52965123
52965223
52965323
52965423
52965523
52965622
52965723
52965823
52965922
52966023
52966123
52966222
52966323
52966423
52966522
52966623
52966723
52966822
52966923
52967022
52967122
52967223
52967322
52967422
52967523
52967622
52967723
52967823
52967922
52968023
52968123
52968223
52968323
52968423
52968522
52968623
52968722
52968822
52968923
52969022
52969122
52969223
52969328
52969422
52969523
52969622
52969722
52969823
52969922
52970022
52970123
52970222
52970322
52970422
52970522
52970622
52970722
52970822
52970923
52971022
52971122
52971223
52971322
52971422
52971522
52971622
52971722
52971822
52971922
52972022
52972122
52972222
52972322
52972422
52972522
52972622
52972722
52972822
52972922
52973022
52973122
52973221
52973322
52973422
52973521
52973622
52973722
52973821
52973922
52974022
52974121
52974222
52974322
52974422
52974522
52974621
52974722
52974822
52974921
52975022
52975122
52975221
52975323
52975422
52975521
52975622
52975722
52975821
52975922
52976022
52976121
52976222
52976325
52976421
52976522
52976624
52976721
52976822
52976921
52977021
52977122
52977221
52977321
52977422
52977521
52977622
52977722
52977821
52977922
52978021
52978121
52978222
52978324
52978421
52978522
52978621
52978721
52978822
52978921
52979021
52979121
52979221
52979321
52979421
52979521
52979621
52979721
52979821
52979921
52980021
52980121
52980221
52980321
52980421
52980521
52980621
52980721
52980820
52980921
52981021
52981127
52981221
52981321
52981421
52981521
52981621
52981721
52981821
52981921
52982021
52982137
52982220
52982321
52982421
52982520
52982621
52982721
52982820
52982921
52983021
52983120
52983221
52983321
52983420
52983521
52983621
52983720
52983821
52983920
52984020
52984121
52984220
52984321
52984421
52984520
52984621
52984721
52984820
52984921
52985021
52985121
52985221
52985321
52985420
52985521
52985620
52985720
52985821
52985920
52986020
52986121
52986220
52986320
52986421
52986520
52986620
52986720
52986820
52986920
52987020
52987120
52987220
52987320
52987420
52987521
52987620
52987720
52987821
52987920
52988020
52988121
52988220
52988324
52988420
52988520
52988620
52988720
52988820
52988920
52989020
52989120
52989220
52989320
52989420
52989520
52989620
52989720
52989819
52989920
52990020
52990124
52990220
52990320
52990419
52990520
52990620
52990720
52990820
52990920
52991020
52991120
52991219
52991320
52991420
52991519
52991620
52991720
52991819
52991920
52992020
52992119
52992220
52992320
52992419
52992520
52992620
52992719
52992820
52992920
52993019
52993120
52993219
52993319
52993420
52993519
52993619
52993720
52993819
52993920
52994020
52994119
52994220
52994319
52994419
52994520
52994619
52994719
52994820
52994919
52995019
52995120
52995219
52995319
52995420
52995519
52995619
52995720
52995819
52995919
52996019
52996119
52996219
52996320
52996419
52996519
52996619
52996719
52996819
52996919
52997019
52997120
52997219
52997319
52997420
52997519
52997619
52997719
52997819
52997919
52998019
52998119
52998219
52998319
52998419
52998519
52998619
52998719
52998818
52998919
52999019
52999118
52999219
52999319
52999418
52999519
52999619
52999718
52999819
52999919
53000018
53000119
53000219
53000318
53000419
53000519
53000619
53000719
53000818
53000919
53001019
53001118
53001219
53001319
53001418
53001519
53001619
53001718
53001819
53001918
53002018
53002119
53002218
53002318
53002419
53002518
53002618
53002719
53002818
53002918
53003019
53003118
53003218
53003319
53003418
53003518
53003618
53003718
53003819
53003918
53004018
53004119
53004218
53004318
53004419
53004518
53004618
53004719
53004818
53004918
53005019
53005118
53005218
53005320
53005418
53005518
53005618
53005718
53005818
53005918
53006018
53006118
53006218
53006318
53006418
53006518
53006618
53006717
53006818
53006918
53007017
53007118
53007218
53007318
53007418
53007518
53007618
53007718
53007818
53007918
53008018
53008118
53008218
53008318
53008417
53008518
53008618
53008717
53008818
53008918
53009017
53009118
53009218
53009317
53009418
53009518
53009617
53009718
53009817
53009917
53010018
53010117
53010217
53010318
53010417
53010518
53010618
53010717
53010818
53010918
53011017
53011118
53011217
53011317
53011418
53011517
53011617
53011718
53011817
53011917
53012018
53012117
53012217
53012318
53012417
53012517
53012617
53012717
53012817
53012917
53013017
53013117
53013217
53013317
53013417
53013517
53013617
53013718
53013817
53013917
53014017
53014117
53014217
53014320
53014417
53014517
53014617
53014717
53014817
53014917
53015017
53015117
53015217
53015317
53015417
53015517
53015617
53015717
53015817
53015917
53016016
53016117
53016217
53016316
53016417
53016517
53016616
53016717
53016817
53016916
53017017
53017117
53017217
53017317
53017416
53017517
53017617
53017716
53017817
53017917
53018016
53018117
53018217
53018316
53018417
53018517
53018616
53018717
53018816
53018916
53019017
53019119
53019216
53019317
53019416
53019516
53019617
53019716
53019816
53019917
53020016
53020116
53020216
53020321
53020417
53020516
53020616
53020717
53020816
53020916
53021017
53021116
53021216
53021317
53021416
53021516
53021616
53021716
53021816
53021916
53022016
53022116
53022216
53022321
53022416
53022516
53022616
53022716
53022816
53022916
53023016
53023116
53023216
53023316
53023416
53023516
53023616
53023716
53023816
53023916
53024016
53024116
53024216
53024316
53024416
53024516
53024616
53024715
53024816
53024916
53025015
53025116
53025216
53025315
53025416
53025516
53025615
53025716
53025816
53025915
53026016
53026116
53026215
53026316
53026415
53026515
53026616
53026715
53026816
53026916
53027015
53027116
53027216
53027318
53027416
53027516
53027615
53027716
53027815
53027915
53028016
53028115
53028215
53028317
53028415
53028515
53028616
53028715
53028815
53028916
53029015
53029115
53029215
53029319
53029415
53029515
53029615
53029715
53029815
53029915
53030016
53030115
53030215
53030317
53030415
53030515
53030616
53030715
53030815
53030916
53031015
53031115
53031215
53031315
53031415
53031515
53031615
53031715
53031815
53031915
53032015
53032115
53032215
53032314
53032415
53032515
53032614
53032715
53032815
53032914
53033015
53033115
53033214
53033315
53033415
53033515
53033615
53033715
53033815
53033915
53034014
53034115
53034215
53034314
53034415
53034515
53034614
53034715
53034815
53034914
53035015
53035115
53035214
53035319
53035415
53035514
53035615
53035714
53035814
53035915
53036014
53036124
53036215
53036314
53036414
53036515
53036614
53036715
53036814
53036914
53037015
53037116
53037214
53037315
53037414
53037514
53037615
53037714
53037814
53037915
53038014
53038114
53038215
53038314
53038414
53038515
53038614
53038714
53038814
53038914
53039014
53039114
53039214
53039320
53039414
53039514
53039614
53039714
53039814
53039915
53040014
53040118
53040214
53040314
53040414
53040514
53040614
53040714
53040814
53040914
53041014
53041114
53041214
53041314
53041414
53041514
53041623
53041714
53041814
53041913
53042014
53042114
53042213
53042317
53042414
53042513
53042614
53042714
53042813
53042914
53043013
53043113
53043214
53043313
53043514
53043613
53043714
53043814
53043913
53044014
53044114
53044213
53044314
53044414
53044513
53044614
53044713
53044813
53044914
53045013
53045113
53045214
53045313
53045413
53045514
53045613
53045713
53045814
53045913
53046013
53046114
53046213
53046313
53046413
53046513
53046614
53046713
53046813
53046914
53047013
53047113
53047214
53047316
53047413
53047513
53047613
53047713
53047813
53047913
53048013
53048113
53048213
53048313
53048413
53048513
53048613
53048713
53048813
53048913
53049013
53049113
53049212
53049313
53049413
53049512
53049613
53049713
53049812
53049913
53050013
53050113
53050213
53050313
53050413
53050513
53050612
53050713
53050813
53050912
53051013
53051113
53051212
53051313
53051413
53051512
53051613
53051713
53051812
53051913
53052012
53052112
53052213
53052312
53052412
53052513
53052612
53052712
53052813
53052912
53053012
53053115
53053212
53053313
53053413
53053512
53053613
53053713
53053812
53053913
53054012
53054112
53054213
53054321
53054412
53054513
53054612
53054712
53054813
53054912
53055012
53055118
53055212
53055312
53055412
53055512
53055612
53055712
53055812
53055912
53056012
53056112
53056212
53056312
53056412
53056513
53056612
53056712
53056812
53056912
53057012
53057112
53057212
53057312
53057412
53057512
53057612
53057712
53057812
53057912
53058012
53058112
53058211
53058313
53058412
53058511
53058612
53058712
53058811
53058912
53059012
53059115
53059212
53059312
53059411
53059512
53059611
53059712
53059812
53059911
53060012
53060112
53060211
53060312
53060412
53060511
53060612
53060712
53060811
53060912
53061012
53061111
53061212
53061312
53061411
53061512
53061611
53061711
53061812
53061911
53062011
53062112
53062211
53062354
53062412
53062511
53062611
53062711
53062811
53062912
53063011
53063111
53063212
53063311
53063411
53063512
53063611
53063711
53063812
53063911
53064011
53064112
53064211
53064311
53064411
53064511
53064611
53064711
53064811
53064911
53065011
53065111
53065211
53065311
53065411
53065511
53065611
53065711
53065810
53065911
53066011
53066110
53066211
53066311
53066411
53066511
53066611
53066711
53066811
53066911
53067011
53067111
53067311
53067411
53067510
53067611
53067711
53067810
53067911
53068011
53068110
53068211
53068311
53068410
53068511
53068611
53068710
53068811
53068911
53069010
53069111
53069210
53069310
53069411
53069510
53069611
53069711
53069810
53069911
53070011
53070110
53070211
53070313
53070410
53070511
53070610
53070710
53070811
53070910
53071010
53071111
53071210
53071312
53071411
53071510
53071610
53071711
53071810
53071910
53072010
53072110
53072210
53072310
53072410
53072510
53072610
53072710
53072811
53072910
53073010
53073111
53073210
53073310
53073411
53073510
53073610
53073710
53073810
53073910
53074010
53074110
53074210
53074314
53074410
53074510
53074610
53074710
53074809
53074910
53075010
53075109
53075210
53075310
53075409
53075510
53075610
53075709
53075810
53075910
53076009
53076110
53076210
53076310
53076410
53076510
53076610
53076710
53076809
53076910
53077010
53077109
53077210
53077310
53077409
53077510
53077610
53077709
53077810
53077909
53078009
53078115
53078209
53078309
53078410
53078509
53078609
53078710
53078809
53078909
53079010
53079109
53079209
53079310
53079409
53079510
53079609
53079709
53079810
53079909
53080009
53080110
53080209
53080309
53080410
53080509
53080609
53080710
53080809
53080909
53081009
53081109
53081209
53081309
53081411
53081509
53081609
53081709
53081809
53081909
53082009
53082109
53082209
53082309
53082408
53082509
53082609
53082708
53082809
53082909
53083009
53083109
53083209
53083309
53083409
53083509
53083609
53083709
53083809
53083909
53084009
53084109
53084309
53084408
53084509
53084609
53084708
53084809
53084909
53085008
53085109
53085209
53085314
53085409
53085508
53085608
53085709
53085808
53085908
53086009
53086108
53086209
53086309
53086408
53086509
53086609
53086708
53086809
53086909
53087008
53087109
53087208
53087308
53087409
53087508
53087608
53087709
53087808
53087908
53088009
53088108
53088208
53088309
53088408
53088508
53088608
53088708
53088808
53088908
53089008
53089108
53089208
53089308
53089409
53089508
53089608
53089709
53089808
53089908
53090009
53090108
53090208
53090308
53090408
53090508
53090608
53090708
53090808
53090908
53091008
53091108
53091208
53091311
53091408
53091508
53091608
53091708
53091808
53091908
53092007
53092108
53092208
53092307
53092408
53092508
53092608
53092708
53092808
53092908
53093008
53093107
53093208
53093308
53093407
53093508
53093608
53093707
53093808
53093908
53094007
53094108
53094208
53094307
53094408
53094508
53094607
53094708
53094807
53094907
53095008
53095107
53095207
53095308
53095407
53095507
53095608
53095707
53095808
53095908
53096007
53096108
53096207
53096307
53096408
53096507
53096607
53096708
53096807
53096907
53097008
53097107
53097207
53097308
53097407
53097507
53097607
53097707
53097807
53097907
53098007
53098113
53098207
53098307
53098407
53098507
53098607
53098707
53098807
53098907
53099008
53099107
53099207
53099307
53099407
53099507
53099608
53099707
53099807
53099907
53100007
53100107
53100307
53100407
53100507
53100607
53100706
53100807
53100907
53101006
53101107
53101207
53101306
53101407
53101507
