55801784
55801980
55801989
55802084
55802184
55802284
55802384
55802484
55802584
55802684
55802783
55802884
55802984
55803083
55803184
55803284
55803383
55803484
55803584
55803683
55803784
55803884
55803983
55804084
55804184
55804283
55804384
55804483
55804583
55804684
55804783
55804883
55804984
55805083
55805184
55805284
55805383
55805484
55805583
55805683
55805784
55805883
55805983
55806090
55806183
55806283
55806384
55806483
55806583
55806684
55806783
55806886
55806984
55807083
55807183
55807283
55807383
55807483
55807583
55807683
55807783
55807884
55807983
55808083
55808183
55808283
55808384
55808483
55808583
55808683
55808785
55808883
55808983
55809083
55809183
55809283
55809383
55809483
55809583
55809683
55809783
55809883
55809983
55810083
55810183
55810283
55810382
55810483
55810583
55810682
55810783
55810883
55810982
55811085
55811183
55811282
55811383
55811483
55811582
55811687
55811783
55811883
55811983
55812082
55812183
55812283
55812382
55812483
55812583
55812682
55812783
55812883
55812982
55813182
55813282
55813383
55813482
55813582
55813683
55813782
55813882
55813983
55814082
55814182
55814283
55814382
55814482
55814583
55814682
55814782
55814882
55814982
55815083
55815182
55815282
55815383
55815482
55815582
55815683
55815782
55815882
55815983
55816082
55816182
55816282
55816382
55816482
55816582
55816682
55816782
55816882
55816982
55817082
55817182
55817282
55817382
55817482
55817582
55817681
55817782
55817886
55817981
55818082
55818182
55818281
55818382
55818482
55818582
55818682
55818782
55818882
55818982
55819082
55819182
55819282
55819382
55819482
55819582
55819681
55819782
55819882
55819981
55820082
55820182
55820281
55820382
55820482
55820581
55820682
55820781
55820881
55820982
55821081
55821181
55821282
55821381
55821481
55821582
55821681
55821782
55821882
55821981
55822082
55822182
55822281
55822382
55822481
55822581
55822682
55822781
55822881
55822982
55823081
55823181
55823282
55823381
55823481
55823581
55823681
55823781
55823881
55823981
55824081
55824181
55824281
55824381
55824481
55824581
55824681
55824781
55824881
55824982
55825081
55825181
55825281
55825381
55825481
55825581
55825681
55825781
55825881
55825981
55826081
55826181
55826281
55826381
55826481
55826581
55826680
55826781
55826881
55826980
55827081
55827181
55827280
55827381
55827481
55827580
55827681
55827781
55827880
55827981
55828081
55828180
55828281
55828380
55828481
55828581
55828680
55828781
55828882
55828980
55829081
55829181
55829280
55829381
55829481
55829580
55829681
55829780
55829880
55829981
55830080
55830180
55830281
55830380
55830480
55830581
55830680
55830780
55830881
55830980
55831080
55831180
55831280
55831380
55831480
55831580
55831681
55831780
55831880
55831981
55832080
55832180
55832281
55832380
55832480
55832580
55832680
55832780
55832880
55832980
55833080
55833180
55833280
55833380
55833480
55833580
55833680
55833780
55833880
55833980
55834080
55834180
55834280
55834380
55834480
55834579
55834680
55834780
55834980
55835080
55835180
55835280
55835380
55835480
55835580
55835679
55835780
55835880
55835979
55836080
55836180
55836279
55836380
55836480
55836579
55836680
55836780
55836879
55836980
55837080
55837179
55837280
55837379
55837479
55837580
55837679
55837779
55837880
55837979
55838080
55838180
55838279
55838380
55838479
55838579
55838680
55838779
55838879
55838980
55839079
55839179
55839280
55839379
55839479
55839580
55839679
55839780
55839880
55839979
55840079
55840179
55840279
55840379
55840479
55840579
55840680
55840779
55840879
55840979
55841079
55841179
55841280
55841379
55841479
55841579
55841679
55841779
55841879
55841979
55842079
55842179
55842279
55842379
55842479
55842579
55842679
55842779
55842879
55842979
55843079
55843179
55843278
55843379
55843479
55843578
55843679
55843779
55843878
55843979
55844079
55844178
55844279
55844379
55844478
55844579
55844678
55844779
55844879
55844982
55845079
55845179
55845278
55845379
55845479
55845578
55845679
55845779
55845878
55845979
55846078
55846178
55846279
55846378
55846478
55846579
55846683
55846778
55846879
55846978
55847078
55847179
55847278
55847378
55847479
55847578
55847678
55847778
55847878
55847979
55848078
55848178
55848279
55848378
55848478
55848579
55848678
55848779
55848879
55848978
55849078
55849178
55849278
55849378
55849478
55849578
55849678
55849778
55849878
55849978
55850078
55850178
55850278
55850378
55850478
55850577
55850682
55850778
55850877
55850978
55851078
55851177
55851278
55851378
55851478
55851578
55851678
55851781
55851878
55851978
55852078
55852178
55852277
55852378
55852478
55852577
55852678
55852778
55852877
55852978
55853078
55853177
55853278
55853378
55853477
55853578
55853677
55853777
55853878
55853977
55854077
55854178
55854277
55854377
55854478
55854577
55854678
55854778
55854882
55854978
55855077
55855177
55855278
55855377
55855477
55855578
55855677
55855777
55855878
55855977
55856077
55856178
55856277
55856377
55856477
55856577
55856677
55856777
55856877
55856977
55857077
55857177
55857277
55857377
55857477
55857577
55857677
55857777
55857881
55857977
55858077
55858177
55858277
55858377
55858477
55858577
55858677
55858777
55858877
55858977
55859077
55859177
55859277
55859377
55859477
55859577
55859677
55859777
55859876
55859977
55860077
55860176
55860277
55860377
55860476
55860577
55860677
55860776
55860877
55860976
55861076
55861276
55861377
55861477
55861576
55861677
55861777
55861876
55861977
55862077
55862176
55862277
55862377
55862476
55862577
55862678
55862776
55862877
55862976
55863076
55863177
55863276
55863376
55863477
55863576
55863676
55863777
55863876
55863976
55864076
55864176
55864276
55864376
55864476
55864577
55864676
55864776
55864877
55864976
55865076
55865177
55865276
55865376
55865476
55865576
55865676
55865776
55865876
55865976
55866078
55866176
55866276
55866376
55866476
55866576
55866676
55866776
55866876
55866976
55867076
55867176
55867276
55867376
55867475
55867576
55867676
55867776
55867876
55867976
55868076
55868176
55868276
55868376
55868476
55868575
55868676
55868776
55868951
55868976
55869175
55869276
55869376
55869475
55869576
55869676
55869775
55869926
55869975
55870075
55870176
55870275
55870375
55870476
55870575
55870675
55870776
55870875
55870976
55871081
55871175
55871276
55871376
55871475
55871576
55871675
55871775
55871876
55871975
55872075
55872176
55872275
55872375
55872476
55872575
55872675
55872776
55872875
55872975
55873076
55873175
55873275
55873375
55873475
55873575
55873675
55873775
55873875
55873975
55874075
55874176
55874275
55874375
55874476
55874575
55874675
55874776
55874875
55874975
55875075
55875175
55875275
55875375
55875475
55875575
55875675
55875775
55875875
55875975
55876075
55876174
55876275
55876375
55876474
55876575
55876675
55876774
55876875
55876975
55877074
55877175
55877275
55877374
55877475
55877574
55877675
55877775
55877874
55877975
55878075
55878174
55878275
55878375
55878474
55878575
55878675
55878774
55878875
55878974
55879074
55879175
55879274
55879374
55879475
55879574
55879674
55879775
55879874
55879974
55880075
55880174
55880274
55880374
55880474
55880574
55880674
55880774
55880878
55880974
55881074
55881175
55881274
55881374
55881475
55881574
55881674
55881775
55881874
55881974
55882075
55882174
55882274
55882374
55882474
55882574
55882674
55882774
55882874
55882974
55883074
55883174
55883274
55883374
55883473
55883574
55883674
55883780
55883874
55883974
55884073
55884174
55884274
55884374
55884474
55884574
55884674
55884774
55884873
55884974
55885074
55885173
55885274
55885374
55885473
55885574
55885674
55885773
55885876
55885974
55886073
55886174
55886273
55886373
55886474
55886573
55886673
55886774
55886873
55886973
55887074
55887173
55887273
55887374
55887473
55887574
55887676
55887773
55887874
55887973
55888073
55888174
55888273
55888373
55888474
55888573
55888673
55888774
55888873
55888973
55889074
55889173
55889273
55889373
55889473
55889573
55889673
55889773
55889873
55889973
55890073
55890173
55890273
55890373
55890473
55890573
55890673
55890774
55890873
55890973
55891075
55891173
55891273
55891373
55891473
55891573
55891673
55891773
55891873
55891973
55892073
55892173
55892273
55892373
55892472
55892573
55892673
55892772
55892875
55892973
55893072
55893173
55893273
55893372
55893473
55893573
55893672
55893773
55893872
55893972
55894073
55894172
55894273
55894373
55894472
55894573
55894673
55894772
55894873
55894973
55895072
55895173
55895273
55895372
55895473
55895572
55895672
55895773
55895872
55895972
55896073
55896172
55896272
55896373
55896472
55896572
55896673
55896772
55896872
55896972
55897072
55897172
55897272
55897372
55897473
55897572
55897672
55897773
55897872
55897972
55898073
55898172
55898272
55898372
55898472
55898572
55898672
55898772
55898872
55898972
55899072
55899172
55899272
55899372
55899472
55899572
55899672
55899772
55899872
55899972
55900072
55900172
55900272
55900371
55900472
55900572
55900672
55900772
55900872
55900972
55901072
55901172
55901272
55901372
55901471
55901572
55901679
55901771
55901872
55901972
55902071
55902172
55902272
55902371
55902472
55902572
55902671
55902772
55902872
55902971
55903072
55903171
55903271
55903372
55903471
55903571
55903672
55903771
55903872
55903972
55904071
55904172
55904272
55904371
55904472
55904571
55904671
55904776
55904871
55904971
55905072
55905171
55905271
55905372
55905471
55905571
55905672
55905771
55905871
55905971
55906071
55906171
55906271
55906371
55906471
55906571
55906671
55906771
55906871
55906971
55907072
55907171
55907271
55907372
55907471
55907571
55907671
55907771
55907871
55907971
55908071
55908171
55908271
55908371
55908471
55908571
55908671
55908771
55908871
55908971
55909070
55909171
55909271
55909370
55909471
55909571
55909671
55909771
55909871
55909970
55910071
55910171
55910270
55910371
55910470
55910571
55910671
55910770
55910871
55910971
55911070
55911171
55911271
55911370
55911471
55911571
55911670
55911771
55911870
55911970
55912071
55912170
55912270
55912371
55912470
55912570
55912671
55912770
55912870
55912971
55913070
55913170
55913270
55913370
55913470
55913570
55913670
55913771
55913870
55913970
55914071
55914170
55914270
55914371
55914470
55914570
55914671
55914770
55914870
55914971
55915070
55915170
55915270
55915370
55915470
55915570
55915670
55915770
55915870
55915970
55916071
55916170
55916270
55916369
55916470
55916570
55916669
55916770
55916870
55916969
55917070
55917170
55917270
55917370
55917470
55917570
55917670
55917769
55917870
55917970
55918069
55918170
55918270
55918369
55918470
55918570
55918669
55918770
55918870
55918969
55919070
55919170
55919269
55919370
55919469
55919569
55919670
55919769
55919875
55919970
55920069
55920169
55920270
55920369
55920470
55920570
55920669
55920770
55920869
55920969
55921073
55921169
55921269
55921370
55921469
55921569
55921670
55921769
55921869
55921970
55922069
55922169
55922270
55922369
55922469
55922569
55922669
55922769
55922869
55922969
55923069
55923169
55923269
55923369
55923469
55923569
55923670
55923769
55923869
55923969
55924069
55924169
55924269
55924369
55924469
55924569
55924669
55924769
55924869
55924969
55925069
55925169
55925269
55925368
55925469
55925569
55925668
55925769
55925869
55925968
55926074
55926169
55926268
55926369
55926469
55926568
55926669
55926771
55926868
55926969
55927068
55927169
55927269
55927368
55927469
55927569
55927668
55927769
55927869
55927968
55928069
55928169
55928268
55928369
55928468
55928568
55928669
55928768
55928868
55928969
55929068
55929168
55929269
55929368
55929468
55929569
55929668
55929768
55929873
55929968
55930068
55930168
55930268
55930369
55930468
55930568
55930669
55930768
55930868
55930969
55931068
55931168
55931268
55931368
55931468
55931568
55931668
55931768
55931868
55931968
55932068
55932168
55932268
55932368
55932468
55932568
55932668
55932768
55932868
55932969
55933068
55933168
55933267
55933368
55933468
55933568
55933668
55933768
55933868
55933968
55934068
55934168
55934268
55934367
55934468
55934568
55934667
55934773
55934868
55934967
55935068
55935168
55935267
55935368
55935468
55935567
55935668
55935767
55935867
55935968
55936067
55936167
55936268
55936367
55936467
55936568
55936667
55936772
55936868
55936967
55937068
55937168
55937267
55937368
55937468
55937567
55937668
55937767
55937867
55937968
55938067
55938167
55938268
55938367
55938467
55938567
55938667
55938767
55938867
55938967
55939067
55939167
55939267
55939367
55939467
55939567
55939667
55939767
55939867
55939968
55940067
55940167
55940268
55940367
55940467
55940567
55940667
55940767
55940867
55940967
55941067
55941167
55941267
55941367
55941467
55941567
55941666
55941767
55941867
55941966
55942067
55942167
55942266
55942367
55942467
55942566
55942667
55942767
55942866
55942967
55943067
55943166
55943267
55943366
55943467
55943567
55943666
55943767
55943867
55943966
55944067
55944167
55944266
55944367
55944467
55944566
55944667
55944766
55944866
55944967
55945066
55945166
55945267
55945366
55945466
55945567
55945666
55945767
55945867
55945966
55946066
55946166
55946266
55946366
55946466
55946566
55946671
55946766
55946967
55947066
55947166
55947267
55947366
55947466
55947567
55947666
55947766
55947866
55947966
55948066
55948166
55948266
55948366
55948466
55948566
55948666
55948766
55948866
55948966
55949066
55949166
55949265
55949366
55949466
55949565
55949666
55949766
55949865
55949966
55950066
55950166
55950266
55950366
55950466
55950566
55950665
55950766
55950866
55950965
55951069
55951166
55951265
55951366
55951466
55951565
55951666
55951767
55951865
55951966
55952066
55952165
55952266
55952365
55952465
55952566
55952665
55952765
55952866
55952965
55953065
55953166
55953265
55953366
55953466
55953565
55953667
55953765
55953865
55953966
55954065
55954165
55954266
55954365
55954465
55954566
55954665
55954765
55954866
55954965
55955065
55955166
55955265
55955365
55955465
55955565
55955665
55955765
55955865
55955966
55956065
55956165
55956265
55956365
55956465
55956564
55956665
55956765
55956865
55956965
55957065
55957165
55957265
55957365
55957465
55957565
55957669
55957765
55957865
55957965
55958065
55958165
55958264
55958365
55958465
55958564
55958669
55958765
55958864
55958965
55959065
55959164
55959265
55959365
55959464
55959565
55959664
55959764
55959868
55959964
55960065
55960165
55960264
55960365
55960465
55960564
55960665
55960765
55960864
55960965
55961065
55961164
55961265
55961364
55961464
55961565
55961664
55961764
55961865
55961964
55962064
55962165
55962264
55962364
55962465
55962564
55962664
55962765
55962864
55962964
55963064
55963164
55963265
55963364
55963464
55963565
55963664
55963769
55963865
55963964
55964064
55964164
55964264
55964364
55964464
55964564
55964664
55964764
55964864
55964964
55965064
55965164
55965264
55965364
55965464
55965563
55965664
55965764
55965863
55965964
55966064
55966163
55966264
55966364
55966464
55966564
55966664
55966764
55966864
55966964
55967064
55967164
55967263
55967364
55967464
55967563
55967664
55967764
55967863
55967964
55968064
55968163
55968264
55968364
55968463
55968564
55968663
55968763
55968864
55968963
55969063
55969164
55969263
55969363
55969464
55969563
55969664
55969764
55969863
55969964
55970064
55970163
55970264
55970363
55970463
55970564
55970663
55970763
55970864
55970963
55971063
55971164
55971263
55971363
55971464
55971563
55971663
55971763
55971863
55971963
55972063
55972163
55972263
55972363
55972463
55972563
55972663
55972763
55972868
55972963
55973063
55973163
55973263
55973363
55973463
55973563
55973663
55973763
55973863
55973963
55974063
55974163
55974263
55974363
55974463
55974563
55974663
55974763
55974862
55974963
55975063
55975162
55975263
55975363
55975462
55975563
55975663
55975762
55975863
55975963
55976062
55976163
55976262
55976363
55976463
55976562
55976663
55976768
55976862
55976963
55977063
55977162
55977263
55977363
55977462
55977563
55977663
55977762
55977863
55977962
55978062
55978163
55978262
55978362
55978463
55978562
55978662
55978763
55978862
55978962
55979162
55979262
55979362
55979462
55979563
55979662
55979762
55979863
55979962
55980062
55980163
55980262
55980362
55980463
55980562
55980662
55980762
55980862
55980963
55981062
55981162
55981262
55981362
55981462
55981562
55981662
55981762
55981862
55981962
55982062
55982161
55982262
55982362
55982461
55982562
55982662
55982761
55982862
55982962
55983062
55983162
55983262
55983362
55983462
55983561
55983662
55983762
55983861
55983962
55984062
55984161
55984262
55984362
55984461
55984562
55984662
55984764
55984862
55984962
55985061
55985162
55985262
55985361
55985462
55985561
55985661
55985762
55985861
55985961
55986062
55986161
55986262
55986362
55986461
55986562
55986661
55986761
55986866
55986961
55987061
55987162
55987261
55987361
55987462
55987561
55987661
55987762
55987861
55987961
55988062
55988161
55988261
55988361
55988461
55988561
55988661
55988761
55988861
55988961
55989061
55989161
55989261
55989361
55989460
55989561
55989661
55989761
55989861
55989964
55990061
55990161
55990261
55990361
55990461
55990561
55990661
55990761
55990861
55990961
55991061
55991160
55991261
55991361
55991460
55991561
55991661
55991760
55991861
55991961
55992060
55992161
55992261
55992360
55992461
55992561
55992660
55992761
55992869
55992961
55993061
55993160
55993261
55993361
55993460
55993561
55993661
55993760
55993861
55993961
55994060
55994161
55994260
55994360
55994461
55994560
55994660
55994761
55994860
55994960
55995061
55995160
55995260
55995361
55995460
55995560
55995660
55995760
55995860
55995960
55996060
55996161
55996260
55996360
55996461
55996560
55996660
55996764
55996860
55996960
55997061
55997160
55997260
55997360
55997460
55997560
55997660
55997760
55997860
55997960
55998060
55998160
55998260
55998360
55998459
55998560
55998660
55998759
55998860
55998960
55999059
55999160
55999260
55999360
55999460
55999560
55999660
55999760
55999860
55999960
56000060
56000159
56000260
56000360
56000459
56000560
56000660
56000759
56000860
56000960
56001059
56001160
56001260
56001359
56001460
56001560
56001659
56001760
56001859
56001959
56002060
56002159
56002259
56002360
56002459
56002560
56002660
56002759
56002860
56002960
56003059
56003160
56003259
56003359
56003460
56003559
56003659
56003763
56003859
56003959
56004060
56004159
56004259
56004360
56004459
56004559
56004659
56004759
56004859
56004959
56005059
56005159
56005259
56005359
56005459
56005559
56005659
56005760
56005860
56005959
56006069
56006159
56006259
56006359
56006459
56006559
56006660
56006759
56006859
56006959
56007059
56007159
56007259
56007359
56007459
56007559
56007659
56007758
56007859
56007959
56008058
56008159
56008259
56008358
56008459
56008559
56008658
56008759
56008859
56008958
56009059
56009158
56009259
56009359
56009458
56009559
56009659
56009758
56009859
56009959
56010058
56010159
56010259
56010358
56010459
56010559
56010658
56010759
56010858
56010958
56011059
56011158
56011258
56011359
56011458
56011558
56011659
56011759
56011858
56011958
56012058
56012158
56012258
56012358
56012459
56012558
56012658
56012759
56012858
56012967
56013059
56013158
56013258
56013359
56013458
56013558
56013658
56013758
56013858
56013958
56014058
56014158
56014258
56014358
56014458
56014558
56014662
56014758
56014858
56014958
56015058
56015158
56015258
56015357
56015458
56015558
56015657
56015758
56015858
56015958
56016058
56016158
56016258
56016358
56016458
56016558
56016658
56016762
56016858
56016958
56017057
56017158
56017258
56017357
56017458
56017558
56017657
56017758
56017858
56017957
56018058
56018157
56018257
56018358
56018457
56018557
56018658
56018757
56018857
56018960
56019057
56019158
56019258
56019357
56019458
56019557
56019657
56019758
56019857
56019957
56020058
56020157
56020257
56020358
56020457
56020557
56020658
56020757
56020857
56020958
56021057
56021157
56021257
56021357
56021457
56021557
56021657
56021757
56021862
56021957
56022057
56022157
56022257
56022358
56022457
56022557
56022657
56022757
56022859
56022957
56023057
56023157
56023257
56023357
56023457
56023557
56023657
56023757
56023860
56023957
56024056
56024157
56024257
56024356
56024457
56024557
56024656
56024757
56024857
56024956
56025057
56025157
56025256
56025357
56025457
56025556
56025657
56025756
56025857
56025957
56026056
56026157
56026257
56026356
56026457
56026557
56026656
56026757
56026857
56026956
56027057
56027156
56027256
56027357
56027456
56027556
56027657
56027756
56027856
56027957
56028056
56028156
56028257
56028356
56028456
56028556
56028656
56028756
56028856
56028956
56029057
56029156
56029256
56029357
56029456
56029556
56029657
56029756
56029856
56029965
56030056
56030156
56030256
56030356
56030456
56030556
56030659
56030756
56030856
56030956
56031056
56031156
56031256
56031356
56031456
56031556
56031655
56031756
56031856
56031955
56032056
56032156
56032256
56032356
56032456
56032556
56032656
56032756
56032859
56032956
56033056
56033156
56033256
56033355
56033456
56033556
56033655
56033760
56033856
56033955
56034056
56034156
56034255
56034356
56034455
56034555
56034656
56034755
56034855
56034956
56035055
56035155
56035256
56035355
56035456
56035556
56035655
56035756
56035856
56035955
56036056
56036155
56036255
56036356
56036455
56036555
56036656
56036755
56036855
56036956
56037055
56037155
56037256
56037355
56037455
56037555
56037655
56037755
56037855
56037955
56038055
56038155
56038255
56038355
56038455
56038555
56038656
56038760
56038855
56038955
56039055
56039155
56039255
56039355
56039455
56039555
56039655
56039755
56039855
56039955
56040055
56040155
56040255
56040355
56040455
56040555
56040655
56040755
56040855
56040954
56041055
56041207
56041254
56041355
56041455
56041554
56041655
56041755
56041854
56041955
56042055
56042155
56042255
56042354
56042455
56042555
56042654
56042755
56042855
56042954
56043055
56043155
56043254
56043355
56043455
56043554
56043655
56043754
56043854
56043955
56044054
56044154
56044255
56044354
56044454
56044555
56044654
56044754
56044854
56044954
56045054
56045154
56045254
56045355
56045454
56045554
56045655
56045754
56045855
56045955
56046062
56046154
56046255
56046354
56046454
56046554
56046656
56046754
56046854
56046954
56047054
56047154
56047254
56047354
56047454
56047554
56047654
56047754
56047854
56047953
56048054
56048154
56048253
56048354
56048454
56048553
56048654
56048754
56048854
56048954
56049054
56049154
56049254
56049353
56049454
56049554
56049653
56049754
56049854
56049954
56050054
56050154
56050253
56050354
56050454
56050553
56050654
56050754
56050853
56050954
56051054
56051153
56051254
56051353
56051453
56051554
56051653
56051753
56051854
56051953
56052054
56052154
56052253
56052354
56052454
56052553
56052654
56052753
56052853
56052954
56053053
56053153
56053254
56053353
56053453
56053554
56053653
56053753
56053853
56053953
56054053
56054153
56054253
56054353
56054453
56054553
56054653
56054753
56054853
56054953
56055053
56055153
56055254
56055353
56055453
56055553
56055655
56055753
56055853
56055953
56056053
56056153
56056253
56056353
56056453
56056553
56056653
56056753
56056853
56056952
56057053
56057153
56057252
56057353
56057453
56057552
56057653
56057753
56057852
56057953
56058053
56058152
56058253
56058353
56058452
56058553
56058653
56058753
56058853
56058952
56059053
56059153
56059252
56059353
56059453
56059552
56059653
56059753
56059852
56059957
56060052
56060152
56060253
56060352
56060452
56060553
56060652
56060752
56060853
56060952
56061052
56061153
56061252
56061352
56061452
56061552
56061652
56061752
56061852
56061953
56062052
56062152
56062253
56062352
56062452
56062553
56062652
56062752
56062853
56062952
56063052
56063152
56063252
56063352
56063452
56063552
56063652
56063752
56063852
56063952
56064052
56064152
56064252
56064352
56064452
56064551
56064652
56064752
56064851
56064952
56065052
56065152
56065252
56065352
56065452
56065552
56065652
56065752
56065853
56065952
56066052
56066152
56066252
56066352
56066452
56066551
56066652
56066752
56066851
56066952
56067052
56067151
56067252
56067351
56067451
56067552
56067651
56067751
56067852
56067951
56068051
56068152
56068251
56068352
56068452
56068551
56068652
56068752
56068851
56068953
56069052
56069151
56069252
56069351
56069451
56069552
56069651
56069754
56069852
56069951
56070051
56070152
56070251
56070351
56070451
56070551
56070657
56070751
56070851
56070951
56071051
56071151
56071251
56071351
56071451
56071552
56071651
56071751
56071852
56071951
56072051
56072151
56072251
56072351
56072451
56072551
56072651
56072751
56072853
56072951
56073051
56073151
56073251
56073351
56073451
56073550
56073651
56073751
56073850
56073951
56074051
56074150
56074251
56074351
56074450
56074551
56074651
56074752
56074851
56074950
56075051
56075151
56075250
56075351
56075451
56075550
56075651
56075751
56075850
56075951
56076051
56076150
56076251
56076351
56076450
56076551
56076650
56076750
56076854
56076950
56077050
56077151
56077250
56077350
56077451
56077550
56077650
56077750
56077850
56077950
56078050
56078150
56078251
56078350
56078450
56078551
56078650
56078750
56078851
56078950
56079050
56079151
56079250
56079350
56079450
56079550
56079650
56079750
56079850
56079950
56080050
56080150
56080250
56080350
56080450
56080550
56080650
56080750
56080850
56080950
56081050
56081149
56081250
56081350
56081449
56081550
56081650
56081750
56081850
56081950
56082050
56082150
56082249
56082350
56082450
56082549
56082650
56082750
56082849
56082950
56083050
56083149
56083250
56083350
56083449
56083550
56083650
56083749
56083850
56083949
56084049
56084150
56084249
56084349
56084450
56084549
56084649
56084750
56084849
56084950
56085050
56085149
56085250
56085349
56085449
56085550
56085651
56085749
56085850
56085949
56086049
56086150
56086249
56086349
56086450
56086549
56086649
56086750
56086850
56086949
56087049
56087149
56087249
56087349
56087449
56087549
56087649
56087749
56087849
56087949
56088049
56088150
56088249
56088349
56088449
56088549
56088649
56088749
56088849
56088949
56089049
56089149
56089249
56089349
56089449
56089549
56089649
56089749
56089848
56089949
56090049
56090148
56090249
56090349
56090448
56090549
56090649
56090748
56090849
56090949
56091048
56091149
56091249
56091348
56091449
56091548
56091649
56091749
56091848
56091949
56092049
56092148
56092249
56092349
56092448
56092549
56092649
56092748
56092849
56092948
56093048
56093149
56093248
56093348
56093449
56093548
56093648
56093749
56093848
56093948
56094049
56094148
56094248
56094349
56094448
56094548
56094652
56094748
56094849
56094948
56095048
56095149
56095248
56095348
56095449
56095548
56095648
56095748
56095848
56095948
56096048
56096148
56096248
56096348
56096448
56096548
56096648
56096748
56096848
56096948
56097048
56097148
56097248
56097348
56097447
56097548
56097648
56097747
56097848
56097948
56098048
56098148
56098248
56098348
56098448
56098548
56098648
56098748
56098848
56098948
56099048
56099147
56099248
56099348
56099447
56099548
56099648
56099747
56099848
56099948
56100047
56100148
56100247
56100347
56100448
56100547
56100647
56100748
56100847
56100947
56101048
56101147
56101248
56101348
56101447
56101548
56101648
56101747
56101848
56101947
56102047
56102148
56102247
56102347
56102448
56102547
56102647
56102748
56102847
56102947
56103048
56103147
56103247
56103347
56103447
56103547
56103647
56103747
56103847
56103947
56104047
56104147
56104247
56104347
56104448
56104547
56104647
56104755
56104847
56104947
56105047
56105147
56105247
56105347
56105447
56105547
56105647
56105847
56105947
56106047
56106147
56106247
56106347
56106446
56106547
56106647
56106746
56106848
56106947
56107046
56107147
56107247
56107346
56107447
56107547
56107648
56107747
56107846
56107947
56108047
56108146
56108247
56108347
56108446
56108547
56108647
56108746
56108847
56108947
56109046
56109147
56109246
56109346
56109447
56109546
56109646
56109747
56109846
56109946
56110047
56110146
56110246
56110347
56110446
56110546
56110646
56110746
56110846
56110946
56111054
56111147
56111246
56111346
56111447
56111546
56111646
56111747
56111846
56111946
56112047
56112146
56112246
56112346
56112446
56112546
56112646
56112746
56112846
56112946
56113046
56113146
56113246
56113346
56113446
56113546
56113648
56113745
56113846
56113946
56114045
56114146
56114246
56114345
56114446
56114546
56114646
56114746
56114846
56114946
56115046
56115145
56115246
56115346
56115445
56115546
56115646
56115745
56115849
56115946
56116045
56116146
56116246
56116345
56116446
56116546
56116645
56116746
56116846
56116945
56117046
56117145
56117245
56117346
56117445
56117545
56117646
56117745
56117846
56117946
56118045
56118146
56118245
56118345
56118446
56118545
56118645
56118746
56118845
56118945
56119046
56119145
56119245
56119346
56119445
56119545
56119645
56119745
56119845
56119945
56120045
56120145
56120245
56120345
56120445
56120545
56120645
56120745
56120845
56120945
56121046
56121145
56121245
56121345
56121445
56121545
56121645
56121745
56121845
56121945
56122045
56122145
56122245
56122345
56122445
56122545
56122645
56122744
56122845
56122945
56123044
56123145
56123245
56123344
56123445
56123545
56123644
56123745
56123845
56123944
56124045
56124145
56124244
56124345
56124444
56124545
56124645
56124744
56124845
56124945
56125044
56125145
56125245
56125344
56125445
56125545
56125644
56125745
56125844
56125944
56126045
56126144
56126244
56126345
56126444
56126544
56126645
56126744
56126844
56126945
56127044
56127144
56127244
56127344
56127444
56127544
56127644
56127745
56127844
56127944
56128045
56128144
56128244
56128345
56128444
56128544
56128644
56128744
56128844
56128944
56129044
56129144
56129244
56129344
56129444
56129544
56129644
56129744
56129844
56129944
56130044
56130144
56130244
56130343
56130444
56130544
56130643
56130744
56130844
56130944
56131044
56131144
56131244
56131344
56131444
56131544
56131644
56131744
56131848
56131944
56132043
56132144
56132244
56132343
56132444
56132544
56132643
56132744
56132849
56132943
56133044
56133143
56133243
56133344
56133443
56133543
56133644
56133743
56133843
56133944
56134043
56134144
56134244
56134343
56134444
56134544
56134643
56134744
56134843
56134943
56135044
56135143
56135243
56135344
56135443
56135543
56135644
56135743
56135843
56135944
56136045
56136143
56136243
56136343
56136443
56136543
56136643
56136743
56136843
56136943
56137043
56137143
56137243
56137344
56137443
56137543
56137643
56137746
56137843
56137943
56138043
56138143
56138243
56138343
56138443
56138543
56138643
56138743
56138843
56138943
56139043
56139143
56139243
56139342
56139443
56139543
56139642
56139743
56139843
56139942
56140043
56140143
56140242
56140343
56140443
56140542
56140643
56140742
56140843
56140943
56141042
56141143
56141243
56141342
56141443
56141543
56141642
56141743
56141843
56141942
56142043
56142143
56142242
56142343
56142442
56142542
56142643
56142742
56142842
56142943
56143042
56143142
56143243
56143342
56143442
56143542
56143642
56143742
56143842
56143942
56144043
56144142
56144242
56144343
56144442
56144542
56144643
56144742
56144842
56144942
56145042
56145142
56145242
56145342
56145442
56145542
56145642
56145742
56145842
56145942
56146042
56146142
56146242
56146342
56146442
56146542
56146641
56146742
56146842
56146941
56147042
56147142
56147241
56147342
56147442
56147542
56147642
56147742
56147845
56147942
56148042
56148142
56148242
56148341
56148442
56148542
56148641
56148742
56148842
56148941
56149042
56149142
56149241
56149342
56149442
56149541
56149642
56149741
56149841
56149942
56150041
56150141
56150242
56150341
56150441
56150542
56150641
56150742
56150842
56150941
56151046
56151141
56151241
56151342
56151441
56151541
56151642
56151741
56151841
56151945
56152041
56152141
56152242
56152341
56152441
56152541
56152641
56152741
56152841
56152946
56153041
56153141
56153241
56153341
56153441
56153541
56153641
56153744
56153841
56153942
56154041
56154141
56154241
56154341
56154441
56154541
56154641
56154741
56154841
56154941
56155041
56155141
56155241
56155341
56155441
56155541
56155640
56155841
56155940
56156041
56156240
56156341
56156441
56156540
56156641
56156741
56156840
56156941
56157041
56157140
56157241
56157341
56157441
56157541
56157640
56157741
56157841
56157940
56158041
56158141
56158240
56158341
56158440
56158540
56158641
56158740
56158840
56158941
56159040
56159140
56159241
56159340
56159440
56159541
56159640
56159740
56159841
56159941
56160040
56160140
56160240
56160340
56160440
56160540
56160641
56160740
56160840
56160948
56161040
56161140
56161241
56161340
56161440
56161540
56161640
56161740
56161840
56161940
56162040
56162140
56162240
56162340
56162440
56162540
56162640
56162740
56162840
56162939
56163040
56163140
56163239
56163340
56163440
56163539
56163640
56163740
56163840
56163940
56164040
56164140
56164240
56164340
56164440
56164540
56164639
56164740
56164840
56164939
56165040
56165140
56165239
56165340
56165440
56165539
56165640
56165740
56165844
56165940
56166039
56166139
56166240
56166339
56166439
56166540
56166639
56166739
56166840
56166939
56167040
56167140
56167239
56167340
56167440
56167539
56167640
56167739
56167839
56167940
56168039
56168139
56168240
56168339
56168439
56168540
56168639
56168739
56168840
56168939
56169039
56169139
56169239
56169339
56169439
56169539
56169639
56169739
56169839
56169939
56170039
56170139
56170240
56170339
56170439
56170539
56170639
56170760
56170839
56170939
56171039
56171139
56171239
56171339
56171439
56171539
56171639
56171739
56171839
56171938
56172039
56172139
56172238
56172339
56172439
56172538
56172639
56172740
56172838
56172939
56173039
56173138
56173239
56173338
56173438
56173539
56173638
56173740
56173839
56173938
56174039
56174139
56174238
56174339
56174439
56174538
56174639
56174739
56174838
56174939
56175039
56175138
56175239
56175338
56175438
56175539
56175638
56175738
56175839
56175938
56176038
56176139
56176238
56176338
56176438
56176538
56176638
56176738
56176838
56176939
56177038
56177138
56177239
56177338
56177438
56177539
56177638
56177738
56177839
56177938
56178038
56178138
56178238
56178338
56178438
56178538
56178638
56178738
56178838
56178938
56179038
56179138
56179238
56179338
56179438
56179537
56179671
56179738
56179837
56179938
56180038
56180137
56180238
56180338
56180438
56180538
56180642
56180738
56180838
56180937
56181038
56181138
56181237
56181338
56181438
56181537
56181638
56181738
56181837
56181938
56182038
56182137
56182238
56182338
56182437
56182538
56182637
56182737
56182839
56182937
56183037
56183138
56183237
56183337
56183438
56183537
56183638
56183740
56183837
56183938
56184037
56184137
56184238
56184337
56184437
56184538
56184637
56184740
56184838
56184937
56185037
56185138
56185237
56185337
56185437
56185537
56185637
56185737
56185837
56185937
56186039
56186137
56186237
56186337
56186437
56186537
56186637
56186737
56186838
56186937
56187037
56187137
56187237
56187337
56187437
56187537
56187637
56187737
56187839
56187937
56188037
56188137
56188236
56188337
56188437
56188536
56188637
56188737
56188837
56188937
56189037
56189136
56189237
56189337
56189436
56189537
56189637
56189736
56189837
56189937
56190036
56190137
56190236
56190337
56190437
56190536
56190637
56190737
56190836
56190937
56191037
56191136
56191237
56191337
56191436
56191537
56191636
56191736
56191837
56191936
56192036
56192137
56192236
56192336
56192437
56192536
56192636
56192737
56192836
56192936
56193036
56193136
56193236
56193336
56193436
56193537
56193641
56193736
56193837
56193936
56194036
56194137
56194236
56194336
56194436
56194536
56194736
56194837
56194936
56195036
56195136
56195236
56195336
56195436
56195536
56195636
56195736
56195835
56195936
56196036
56196236
56196336
56196435
56196536
56196636
56196736
56196844
56196936
56197036
56197136
56197236
56197336
56197436
56197536
56197636
56197736
56197835
56197936
56198036
56198135
56198236
56198336
56198435
56198536
56198636
56198735
56198836
56198935
56199035
56199136
56199235
56199335
56199436
56199535
56199635
56199736
56199835
56199936
56200036
56200135
56200236
56200335
56200435
56200536
56200635
56200735
56200836
56200935
56201035
56201136
56201235
56201335
56201436
56201535
56201635
56201736
56201839
56201935
56202035
56202135
56202235
56202335
56202435
56202535
56202636
56202735
56202835
56202935
56203035
56203136
56203235
56203335
56203435
56203535
56203635
56203735
56203835
56203935
56204035
56204135
56204235
56204335
56204435
56204535
56204635
56204735
56204835
56204935
56205035
56205135
56205235
56205335
56205434
56205535
56205635
56205734
56205835
56205935
56206044
56206135
56206235
56206334
56206435
56206534
56206635
56206735
56206834
56206935
56207035
56207134
56207235
56207335
56207434
56207535
56207635
56207734
56207835
56207934
56208034
56208135
56208234
56208334
56208435
56208534
56208634
56208735
56208836
56208934
56209035
56209134
56209234
56209334
56209434
56209534
56209634
56209734
56209842
56209934
56210034
56210135
56210234
56210334
56210435
56210534
56210634
56210734
56210834
56210934
56211034
56211134
56211234
56211334
56211434
56211534
56211634
56211734
56211834
56211934
56212034
56212134
56212234
56212334
56212433
56212534
56212637
56212733
56212834
56212934
56213033
56213134
56213234
56213334
56213434
56213534
56213634
56213739
56213833
56213934
56214034
56214133
56214234
56214334
56214433
56214534
56214634
56214733
56214834
56214934
56215033
56215134
56215234
56215333
56215434
56215533
56215633
56215734
56215833
56215933
56216035
56216133
56216233
56216334
56216433
56216534
56216634
56216733
56216834
56216933
56217033
56217134
56217233
56217333
56217434
56217533
56217633
56217734
56217840
56217933
56218034
56218133
56218233
56218333
56218433
56218533
56218633
56218733
56218833
56218933
56219033
56219133
56219233
56219333
56219433
56219533
56219633
56219732
56219833
56219933
56220033
56220133
56220233
56220333
56220433
56220533
56220633
56220733
56220833
56220933
56221033
56221133
56221233
56221333
56221432
56221533
56221633
56221732
56221833
56221933
56222032
56222133
56222233
56222332
56222433
56222533
56222632
56222733
56222832
56222932
56223033
56223132
56223233
56223333
56223432
56223533
56223633
56223732
56223833
56223933
56224032
56224133
56224232
56224332
56224433
56224532
56224632
56224733
56224832
56224932
56225033
56225132
56225232
56225333
56225432
56225532
56225633
56225732
56225832
56226032
56226132
56226232
56226332
56226433
56226532
56226632
56226733
56226832
56226932
56227033
56227132
56227232
56227332
56227432
56227532
56227632
56227732
56227832
56227932
56228032
56228132
56228232
56228332
56228432
56228532
56228632
56228731
56228834
56228932
56229031
56229132
56229232
56229331
56229432
56229532
56229632
56229732
56229833
56229932
56230032
56230232
56230332
56230431
56230532
56230632
56230731
56230832
56230932
56231031
56231132
56231232
56231331
56231432
56231532
56231631
56231732
56231836
56231931
56232032
56232131
56232231
56232332
56232531
56232632
56232732
56232832
56232932
56233031
56233132
56233232
56233331
56233432
56233531
56233631
56233732
56233833
56233931
56234032
56234131
56234231
56234332
56234431
56234531
56234632
56234731
56234831
56234931
56235031
56235131
56235231
56235331
56235431
56235531
56235631
56235731
56235831
56235932
56236032
56236131
56236231
56236331
56236431
56236531
56236631
56236731
56236831
56236931
56237031
56237131
56237231
56237331
56237431
56237531
56237631
56237731
56237831
56237931
56238030
56238131
56238231
56238330
56238431
56238531
56238630
56238731
56238831
56238930
56239031
56239130
56239230
56239331
56239430
56239531
56239631
56239730
56239831
56239931
56240030
56240131
56240231
56240330
56240431
56240531
56240630
56240731
56240830
56240930
56241031
56241130
56241230
56241331
56241430
56241530
56241631
56241730
56241830
56241931
56242030
56242130
56242230
56242330
56242437
56242530
56242630
56242731
56242830
56242930
56243031
56243130
56243230
56243331
56243430
56243530
56243630
56243730
56243830
56243930
56244030
56244130
56244230
56244330
56244430
56244530
56244630
56244730
56244830
56244930
56245030
56245130
56245230
56245330
56245430
56245530
56245629
56245730
56245830
56245929
56246030
56246130
56246230
56246330
56246437
56246530
56246630
56246729
56246830
56246930
56247029
56247130
56247230
56247329
56247434
56247530
56247629
56247730
56247830
56247929
56248030
56248129
56248229
56248330
56248429
56248529
56248630
56248729
56248829
56248930
56249029
56249129
56249230
56249329
56249433
56249529
56249629
56249730
56249829
56249929
56250030
56250129
56250229
56250330
56250429
56250529
56250630
56250729
56250829
56250930
56251029
56251129
56251229
56251329
56251429
56251529
56251629
56251729
56251829
56251929
56252029
56252129
56252229
56252329
56252429
56252529
56252630
56252729
56252829
56252929
56253029
56253129
56253229
56253329
56253430
56253529
56253629
56253729
56253829
56253929
56254029
56254129
56254229
56254328
56254429
56254529
56254628
56254729
56254829
56254928
56255029
56255129
56255228
56255329
56255429
56255528
56255629
56255728
56255828
56255929
56256028
56256129
56256229
56256328
56256429
56256529
56256628
56256729
56256829
56256928
56257029
56257128
56257228
56257329
56257428
56257528
56257629
56257728
56257828
56257929
56258028
56258128
56258229
56258328
56258433
56258528
56258628
56258728
56258828
56258928
56259028
56259128
56259228
56259329
56259428
56259528
56259629
56259728
56259828
56259929
56260028
56260128
56260228
56260328
56260428
56260528
56260628
56260728
56260828
56260928
56261028
56261128
56261228
56261328
56261428
56261528
56261627
56261728
56261828
56261927
56262028
56262128
56262227
56262328
56262428
56262528
56262628
56262728
56262828
56262928
56263028
56263128
56263228
56263327
56263428
56263528
56263627
56263728
56263828
56263927
56264028
56264128
56264227
56264328
56264427
56264527
56264628
56264727
56264827
56264928
56265027
56265127
56265228
56265327
56265427
56265528
56265627
56265728
56265828
56265927
56266028
56266127
56266227
56266328
56266427
56266527
56266628
56266727
56266827
56266928
56267027
56267127
56267228
56267327
56267427
56267527
56267629
56267727
56267827
56267927
56268027
56268127
56268227
56268327
56268427
56268527
56268627
56268727
56268827
56268926
56269027
56269127
56269227
56269327
56269427
56269527
56269627
56269727
56269827
56269927
56270027
56270127
56270227
56270327
56270427
56270527
56270626
56270727
56270827
56270926
56271027
56271127
56271226
56271327
56271427
56271526
56271627
56271727
56271826
56271927
56272026
56272126
56272227
56272326
56272427
56272527
56272626
56272730
56272827
56272926
56273027
56273127
56273226
56273327
56273426
56273526
56273627
56273726
56273826
56273927
56274026
56274126
56274227
56274326
56274426
56274527
56274626
56274726
56274826
56274926
56275026
56275126
56275226
56275326
56275426
56275526
56275627
56275726
56275826
56275927
56276026
56276126
56276227
56276326
56276426
56276526
56276626
56276726
56276826
56276926
56277026
56277126
56277226
56277326
56277426
56277526
56277626
56277726
56277826
56277926
56278026
56278126
56278225
56278326
56278426
56278525
56278626
56278726
56278825
56278926
56279026
56279126
56279226
56279325
56279426
56279526
56279625
56279726
56279826
56279925
56280026
56280126
56280225
56280326
56280426
56280525
56280626
56280726
56280825
56280926
56281026
56281125
56281226
56281325
56281425
56281526
56281625
56281725
56281826
56281925
56282025
56282126
56282225
56282326
56282425
56282525
56282626
56282725
56282825
56282926
56283025
56283125
56283226
56283325
56283425
56283526
56283625
56283725
56283825
56283925
56284025
56284125
56284225
56284325
56284425
56284525
56284625
56284725
56284825
56284925
56285025
56285125
56285225
56285325
56285425
56285526
56285625
56285725
56285825
56285925
56286025
56286125
56286225
56286325
56286425
56286525
56286625
56286725
56286825
56286924
56287025
56287125
56287224
56287325
56287425
56287524
56287625
56287725
56287824
56287925
56288025
56288124
56288225
56288325
56288424
56288525
56288624
56288724
56288825
56288924
56289025
56289125
56289224
56289325
56289425
56289524
56289625
56289725
56289824
56289925
56290024
56290124
56290225
56290324
56290424
56290525
56290624
56290724
56290833
56290924
56291024
56291125
56291224
56291324
56291424
56291524
56291624
56291724
56291824
56291924
56292024
56292124
56292225
56292324
56292424
56292525
56292624
56292724
56292825
56292924
56293024
56293125
56293224
56293324
56293424
56293524
56293626
56293724
56293824
56293924
56294024
56294124
56294224
56294324
56294424
56294523
56294624
56294724
56294823
56294924
56295024
56295123
56295224
56295324
56295424
56295524
56295625
56295724
56295824
56295924
56296024
56296124
56296223
56296324
56296424
56296523
56296624
56296727
56296823
56296924
56297024
56297123
56297224
56297323
56297423
56297524
56297623
56297723
56297824
56297923
56298023
56298124
56298223
56298323
56298424
56298523
56298624
56298723
56298823
56298924
56299023
56299123
56299224
56299323
56299423
56299524
56299627
56299723
56299824
56299923
56300023
56300124
56300223
56300323
56300424
56300523
56300623
56300752
56300823
56300962
56301023
56301123
56301223
56301323
56301423
56301523
56301623
56301723
56301822
56301923
56302023
56302123
56302223
56302323
56302423
56302523
56302623
56302723
56302823
56302923
56303023
56303123
56303222
56303323
56303423
56303522
56303623
56303723
56303822
56303923
56304023
56304122
56304223
56304323
56304422
56304523
56304623
56304724
56304823
56304922
56305022
56305123
56305222
56305323
56305423
56305522
56305623
56305723
56305822
56305923
56306023
56306122
56306223
56306322
56306422
56306523
56306622
56306722
56306823
56306922
56307022
56307123
56307222
56307322
56307423
56307522
56307622
56307722
56307822
56307922
56308022
56308122
56308322
56308422
56308523
56308622
56308722
56308823
56308922
56309022
56309123
56309222
56309322
56309422
56309522
56309622
56309722
56309822
56309922
56310022
56310122
56310222
56310322
56310422
56310522
56310622
56310722
56310822
56310922
56311022
56311121
56311222
56311322
56311421
56311522
56311622
56311721
56311822
56311922
56312122
56312221
56312322
56312422
56312521
56312622
56312722
56312821
56312922
56313022
56313121
56313222
56313322
56313421
56313522
56313622
56313721
56313822
56313921
56314021
56314122
56314221
56314321
56314422
56314521
56314621
56314722
56314821
56314921
56315022
56315121
56315222
56315321
56315421
56315522
56315621
56315721
56315822
56315921
56316021
56316122
56316221
56316321
56316422
56316521
56316621
56316722
56316821
56316921
56317021
56317121
56317221
56317321
56317421
56317521
56317621
56317753
56317821
56317921
56318021
56318121
56318221
56318321
56318420
56318521
56318621
56318721
56318821
56318921
56319021
56319121
56319221
56319321
56319421
56319521
56319621
56319721
56319820
56319921
56320021
56320120
56320221
56320321
56320420
56320521
56320621
56320722
56320821
56320921
56321020
56321121
56321220
56321320
56321421
56321520
56321620
56321721
56321823
56321921
56322021
56322120
56322221
56322321
56322420
56322521
56322621
56322720
56322821
56322920
56323020
56323121
56323220
56323320
56323421
56323520
56323620
56323721
56323820
56323920
56324021
56324120
56324220
56324320
56324420
56324520
56324620
56324720
56324820
56324920
56325020
56325121
56325220
56325320
56325421
56325520
56325620
56325721
56325820
56325920
56326020
56326120
56326220
56326320
56326420
56326520
56326620
56326720
56326820
56326920
56327020
56327119
56327220
56327320
56327419
56327520
56327620
56327719
56327820
56327920
56328019
56328120
56328220
56328320
56328420
56328520
56328620
56328720
56328819
56328920
56329020
56329119
56329220
56329320
56329419
56329520
56329620
56329719
56329820
56329920
56330019
56330120
56330220
56330319
56330420
56330519
56330619
56330720
56330819
56330919
56331020
56331119
56331219
56331320
56331419
56331520
56331619
56331719
56331820
56331919
56332019
56332120
56332219
56332319
56332420
56332519
56332619
56332720
56332819
56332919
56333020
56333119
56333219
56333319
56333419
56333519
56333619
56333719
56333819
56333919
56334019
56334119
56334219
56334319
56334419
56334519
56334619
56334718
56334819
56334919
56335019
56335119
56335219
56335319
56335419
56335519
56335619
56335719
56335819
56335919
56336019
56336119
56336219
56336319
56336418
56336519
56336619
56336718
56336820
56336919
56337018
56337119
56337219
56337318
56337419
56337519
56337618
56337719
56337823
56337918
56338019
56338118
56338219
56338319
56338418
56338519
56338619
56338718
56338819
56338919
56339018
56339119
56339218
56339318
56339419
56339518
56339618
56339719
56339818
56339918
56340019
56340118
56340218
56340319
56340418
56340518
56340619
56340723
56340818
56341019
56341118
56341218
56341318
56341419
56341518
56341621
56341719
56341818
56341918
56342018
56342118
56342218
56342318
56342418
56342518
56342618
56342718
56342818
56342918
56343018
56343118
56343218
56343318
56343418
56343518
56343618
56343717
56343818
56343918
56344017
56344118
56344218
56344317
56344418
56344518
56344617
56344718
56344818
56344918
56345018
56345117
56345218
56345318
56345417
56345518
56345618
56345717
56345822
56345918
56346017
56346118
56346218
56346317
56346418
56346517
56346617
56346718
56346817
56346917
56347018
56347117
56347217
56347318
56347417
56347517
56347618
56347717
56347817
56347918
56348017
56348118
56348217
56348317
56348418
56348517
56348622
56348718
56348817
56348917
56349018
56349117
56349217
56349318
56349417
56349517
56349617
56349717
56349817
56349917
56350017
56350117
56350217
56350317
56350417
56350517
56350617
56350717
56350817
56350917
56351017
56351117
56351217
56351316
56351417
56351517
56351617
56351717
56351817
56351917
56352017
56352117
56352217
56352317
56352416
56352517
56352617
56352716
56352817
56352917
56353016
56353117
56353217
56353316
56353417
56353517
56353616
56353717
56353817
56353916
56354017
56354116
56354216
56354317
56354416
56354516
56354617
56354719
56354817
56354917
56355016
56355117
56355217
56355316
56355417
56355516
56355618
56355717
56355816
56355916
56356019
56356116
56356216
56356317
56356416
56356516
56356617
56356716
56356816
56356917
56357016
56357116
56357216
56357316
56357416
56357516
56357616
56357716
56357816
56357916
56358017
56358116
56358216
56358317
56358416
56358516
56358616
56358716
56358818
56358916
56359016
56359116
56359216
56359316
56359416
56359516
56359616
56359716
56359816
56359916
56360015
56360116
56360216
56360315
56360416
56360516
56360615
56360716
56360820
56360915
56361016
56361116
56361216
56361316
56361416
56361516
56361617
56361715
56361816
56361916
56362015
56362116
56362216
56362315
56362416
56362516
56362615
56362716
56362816
56362915
56363016
56363115
56363215
56363316
56363415
56363515
56363616
56363715
56363815
56363916
56364015
56364115
56364216
56364315
56364416
56364515
56364616
56364716
56364815
56364915
56365016
56365115
56365215
56365316
56365415
56365515
56365616
56365715
56365815
56365916
56366015
56366115
56366215
56366315
56366415
56366515
56366615
56366715
56366815
56366915
56367015
56367115
56367215
56367315
56367415
56367515
56367614
56367715
56367815
56367915
56368015
56368115
56368215
56368315
56368415
56368515
56368615
56368714
56368815
56368915
56369014
56369115
56369215
56369314
56369415
56369515
56369614
56369715
56369815
56369914
56370015
56370115
56370214
56370315
56370414
56370514
56370615
56370714
56370814
56370915
56371014
56371115
56371215
56371314
56371415
56371515
56371614
56371715
56371814
56371914
56372015
56372114
56372214
56372315
56372414
56372514
56372615
56372714
56372814
56372915
56373014
56373114
56373215
56373314
56373414
56373514
56373614
56373714
56373814
56373914
56374014
56374114
56374214
56374315
56374414
56374514
56374615
56374714
56374814
56374914
56375014
56375114
56375214
56375314
56375414
56375514
56375614
56375714
56375814
56375914
56376014
56376114
56376214
56376313
56376414
56376514
56376613
56376714
56376814
56376913
56377014
56377114
56377314
56377414
56377513
56377614
56377713
56377822
56377914
56378013
56378114
56378214
56378313
56378414
56378514
56378613
56378714
56378814
56378913
56379014
56379114
56379213
56379314
56379413
56379513
56379614
56379713
56379816
56379914
56380013
56380113
56380214
56380313
56380413
56380514
56380615
56380713
56380814
56380913
56381017
56381114
56381213
56381314
56381413
56381513
56381614
56381713
56381813
56381914
56382013
56382113
56382214
56382313
56382413
56382513
56382613
56382713
56382814
56382913
56383013
56383113
56383213
56383313
56383413
56383513
56383613
56383713
56383813
56383912
56384013
56384113
56384212
56384313
56384413
56384513
56384613
56384713
56384815
56384913
56385013
56385113
56385213
56385312
56385413
56385513
56385618
56385713
56385813
56385912
56386013
56386113
56386212
56386313
56386413
56386512
56386613
56386714
56386812
56386913
56387012
56387112
56387213
56387312
56387412
56387513
56387612
56387713
56387813
56387912
56388013
56388112
56388212
56388313
56388412
56388512
56388613
56388712
56388816
56388913
56389012
56389112
56389213
56389312
56389412
56389513
56389612
56389712
56389812
56389912
56390012
56390212
56390312
56390412
56390512
56390612
56390712
56390812
56390913
56391014
56391112
56391213
56391312
56391412
56391512
56391612
56391712
56391812
56391912
56392012
56392112
56392212
56392312
56392412
56392512
56392612
56392712
56392812
56392911
56393012
56393112
56393211
56393312
56393412
56393511
56393612
56393712
56393814
56393912
56394012
56394112
56394212
56394311
56394412
56394512
56394611
56394712
56394812
56394911
56395012
56395112
56395211
56395312
56395412
56395511
56395612
56395711
56395811
56395912
56396011
56396111
56396212
56396311
56396411
56396512
56396611
56396711
56396812
56396911
56397011
56397111
56397211
56397312
56397411
56397511
56397612
56397711
56397811
56397912
56398011
56398111
56398212
56398311
56398411
56398512
56398611
56398713
56398811
56398911
56399011
56399111
56399211
56399311
56399411
56399511
56399611
56399711
56399811
56399911
56400011
56400111
56400210
56400311
56400411
56400510
56400611
56400711
56400811
56400911
56401011
56401111
56401211
56401311
56401411
56401511
56401610
56401711
56401811
56401910
56402011
56402111
56402210
56402311
56402411
56402510
56402611
56402711
56402810
56402911
56403011
56403110
56403211
56403310
56403410
56403511
56403612
56403710
56403811
56403910
56404011
56404111
56404210
56404311
56404410
56404510
56404611
56404710
56404810
56404911
56405010
56405110
56405211
56405310
56405410
56405511
56405610
56405710
56405811
56405910
56406010
56406111
56406310
56406410
56406510
56406610
56406710
56406810
56406910
56407010
56407110
56407211
56407310
56407410
56407511
56407610
56407710
56407810
56407910
56408010
56408110
56408210
56408310
56408410
56408510
56408610
56408710
56408810
56408910
56409010
56409110
56409209
56409310
56409410
56409509
56409610
56409710
56409809
56409910
56410010
56410109
56410210
56410310
56410409
56410510
56410609
56410710
56410810
56410909
56411010
56411110
56411209
56411310
56411410
56411509
56411610
56411710
56411809
56411910
56412010
56412109
56412210
56412309
56412409
56412510
56412609
56412709
56412810
56412909
56413009
56413110
56413209
56413309
56413410
56413509
56413609
56413710
56413812
56413910
56414009
56414109
56414210
56414309
56414409
56414510
56414609
56414709
56414810
56414909
56415009
56415109
56415209
56415309
56415409
56415509
56415609
56415709
56415809
56415909
56416009
56416109
56416209
56416309
56416409
56416509
56416614
56416709
56416808
56416909
56417009
56417108
56417209
56417309
56417409
56417509
56417609
56417709
56417809
56417908
56418009
56418109
56418208
56418309
56418409
56418508
56418609
56418709
56418808
56418909
56419009
56419108
56419209
56419309
56419408
56419509
56419608
56419708
56419809
56419908
56420008
56420109
56420208
56420308
56420409
56420508
56420609
56420709
56420808
56420909
56421009
56421108
56421209
56421308
56421408
56421509
56421608
56421708
56421809
56421908
56422008
56422109
56422208
56422308
56422409
56422508
56422608
56422708
56422808
56422908
56423008
56423108
56423208
56423308
56423408
56423508
56423608
56423708
56423809
56423908
56424008
56424108
56424308
56424408
56424508
56424608
56424708
56424808
56424908
56425008
56425108
56425208
56425308
56425408
56425507
56425608
56425712
56425807
56425908
56426008
56426107
56426208
56426308
56426407
56426508
56426608
56426707
56426808
56426907
56427008
56427108
56427207
56427308
56427408
56427507
56427608
56427708
56427810
56427908
56428008
56428107
56428208
56428308
56428407
56428508
56428607
56428707
56428808
56428907
56429007
56429108
56429207
56429307
56429408
56429507
56429607
56429708
56429807
56429907
56430008
56430208
56430307
56430407
56430508
56430607
56430707
56430808
56430911
56431007
56431108
56431207
56431307
56431408
56431507
56431607
56431707
56431807
56431907
56432007
56432107
56432207
56432307
56432407
56432507
56432607
56432707
56432806
56432907
56433007
56433106
56433207
56433307
56433406
56433507
56433607
56433707
56433807
56433907
56434007
56434107
56434207
56434307
56434407
56434506
56434607
56434707
56434806
56434907
56435007
56435106
56435207
56435307
56435406
56435507
56435607
56435706
56435807
56435906
56436006
56436107
56436206
56436306
56436407
56436506
56436606
56436707
56436806
56436907
56437007
56437106
56437207
56437306
56437406
56437507
56437606
56437706
56437807
56437906
56438006
56438107
56438206
56438306
56438407
56438506
56438606
56438707
56438806
56438906
56439006
56439106
56439206
56439306
56439406
56439506
56439606
56439706
56439806
56439906
56440006
56440107
56440206
56440306
56440406
56440506
56440606
56440706
56440806
56440906
56441006
56441106
56441206
56441306
56441406
56441506
56441606
56441706
56441810
56441906
56442006
56442105
56442206
56442306
56442405
56442506
56442606
56442705
56442806
56442906
56443005
56443106
56443205
56443305
56443406
56443505
56443606
56443706
56443805
56443906
56444006
56444105
56444206
56444306
56444405
56444506
56444610
56444705
56444806
56444905
56445005
56445106
56445205
56445305
56445406
56445505
56445605
56445706
56445805
56446006
56446105
56446205
56446306
56446405
56446505
56446605
56446708
56446806
56446905
56447005
56447106
56447205
56447305
56447406
56447505
56447605
56447705
56447805
56447905
56448005
56448105
56448205
56448305
56448405
56448505
56448605
56448705
56448805
56448905
56449005
56449105
56449205
56449305
56449404
56449505
56449605
56449704
56449806
56449905
56450004
56450105
56450205
56450305
56450405
56450505
56450605
56450705
56450804
56450905
56451005
56451104
56451205
56451305
56451404
56451505
56451605
56451704
56451805
56451905
56452004
56452105
56452204
56452304
56452405
56452504
56452604
56452705
56452804
56452904
56453005
56453104
56453204
56453305
56453404
56453505
56453605
56453704
56453805
56453904
56454004
56454105
56454204
56454304
56454405
56454504
56454604
56454705
56454804
56454904
56455005
56455104
56455204
56455304
56455404
56455504
56455604
56455704
56455804
56455904
56456004
56456104
56456204
56456304
56456404
56456504
56456604
56456706
56456804
56456904
56457004
56457104
56457204
56457304
56457404
56457504
56457604
56457704
56457804
56457904
56458004
56458103
56458204
56458304
56458403
56458504
56458604
56458703
56458804
56458904
56459003
56459104
56459204
56459303
56459404
56459504
56459603
56459704
56459803
56459904
56460004
56460103
56460204
56460304
56460403
56460504
56460604
56460703
56460804
56460904
56461003
56461104
56461204
56461303
56461404
56461503
56461603
56461704
56461803
56461903
56462004
56462103
56462203
56462304
56462403
56462503
56462603
56462703
56462803
56462903
56463003
56463104
56463203
56463303
56463404
56463503
56463605
56463704
56463803
56463903
56464004
56464103
56464203
56464303
56464403
56464503
56464603
56464703
56464803
56464903
56465003
56465103
56465203
56465303
56465403
56465503
56465603
56465702
56465803
56465903
56466002
56466103
56466203
56466302
56466403
56466503
56466603
56466707
56466803
56466903
56467003
56467102
56467203
56467303
56467402
56467503
56467603
56467702
56467803
56467903
56468002
56468103
56468203
56468302
56468403
56468503
56468602
56468705
56468803
56468902
56469003
56469102
56469202
56469303
56469402
56469502
56469603
56469702
56469803
56469903
56470002
56470103
56470202
56470302
56470403
56470502
56470605
56470710
56470802
56470902
56471006
56471102
56471202
56471303
56471402
56471502
56471602
56471702
56471802
56471902
56472002
56472102
56472202
56472302
56472402
56472502
56472602
56472702
56472802
56472902
56473003
56473102
56473202
56473302
56473402
56473502
56473602
56473702
56473804
56473902
56474002
56474102
56474202
56474302
56474401
56474502
56474602
56474701
56474802
56474902
56475001
56475102
56475202
56475301
56475402
56475502
56475607
56475702
56475802
56475901
56476007
56476102
56476302
56476401
56476502
56476602
56476708
56476802
56476902
56477001
56477102
56477202
56477301
56477402
56477502
56477601
56477702
56477801
56477901
56478002
56478101
56478201
56478302
56478401
56478501
56478602
56478701
56478801
56478902
56479001
56479101
56479201
56479301
56479401
56479501
56479601
56479702
56479801
56479901
56480002
56480101
56480201
56480302
56480401
56480501
56480601
56480706
56480801
56480901
56481005
56481101
56481201
56481301
56481401
56481501
56481602
56481701
56481801
56481901
56482001
56482101
56482201
56482300
56482401
56482501
56482600
56482701
56482801
56482900
56483001
56483101
56483201
56483301
56483400
56483501
56483601
56483704
56483801
56484000
56484101
56484201
56484300
56484401
56484501
56484600
56484701
56484801
56484900
56485001
56485100
56485200
56485301
56485400
56485500
56485601
56485700
56485800
56485901
56486000
56486100
56486201
56486401
56486501
56486605
56486701
56486800
56486900
56487001
56487100
56487200
56487301
56487400
56487500
56487601
56487700
56487800
56487900
56488000
56488100
56488200
56488300
56488500
56488600
56488700
56488800
56488900
56489000
56489100
56489200
56489300
56489400
56489500
56489600
56489700
56489800
56489900
56490000
56490100
56490200
56490300
56490400
56490500
56490600
56490700
56490806
56490900
56490999
56491100
56491200
56491299
56491400
56491500
56491601
56491700
56491800
56491899
56492000
56492100
56492199
56492300
56492399
56492499
56492600
56492699
56492800
56492900
56492999
56493100
56493200
56493299
56493400
56493500
56493599
56493700
56493800
56493899
56494000
56494099
56494199
56494300
56494399
56494499
56494600
56494699
56494799
56494900
56494999
56495099
56495200
56495299
56495399
56495499
56495599
56495699
56495799
56495899
56496000
56496099
56496199
56496300
56496399
56496499
56496600
56496699
56496799
56496900
56496999
56497099
56497199
56497299
56497399
56497499
56497599
56497699
56497799
56497899
56497999
56498099
56498199
56498298
56498399
56498499
56498598
56498699
56498801
56498898
56498999
56499099
56499198
56499299
56499399
56499499
56499599
56499699
56499799
56499899
56499999
56500099
56500199
56500298
56500399
56500499
56500598
56500699
56500799
56500898
56500999
56501099
56501198
56501299
56501398
56501498
56501599
56501698
56501798
56501899
56501998
56502098
56502199
56502298
56502398
56502499
56502600
56502699
56502798
56502898
56502999
56503098
56503198
56503299
56503398
56503498
56503599
56503698
56503798
56503899
56503998
56504098
56504199
56504298
56504398
56504499
56504598
56504704
56504798
56504898
56504998
56505098
56505198
56505298
56505398
56505498
56505598
56505698
56505798
56505897
56505998
56506098
56506198
56506298
56506398
56506498
56506598
56506698
56506798
56506898
56506998
56507098
56507198
56507298
56507398
56507498
56507597
56507698
56507798
56507897
56507998
56508098
56508197
56508298
56508398
56508497
56508598
56508697
56508797
56508898
56508997
56509097
56509198
56509297
56509398
56509498
56509597
56509698
56509798
56509897
56509998
56510098
56510197
56510298
56510397
56510497
56510598
56510797
56510898
56511000
56511097
56511198
56511297
56511397
56511498
56511597
56511703
56511797
56511897
56511997
56512097
56512197
56512297
56512397
56512497
56512598
56512702
56512797
56512898
56512997
56513097
56513197
56513297
56513397
56513497
56513597
56513697
56513803
56513897
56513997
56514097
56514197
56514297
56514397
56514497
56514597
56514697
56514797
56514896
56514997
56515097
56515196
56515297
56515397
56515496
56515597
56515697
56515796
56515997
56516097
56516197
56516296
56516397
56516497
56516596
56516697
56516797
56516896
56516997
56517097
56517196
56517297
56517397
56517496
56517597
56517696
56517796
56517897
56517996
56518096
56518197
56518296
56518396
56518497
56518596
56518696
56518798
56518896
56518996
56519096
56519196
56519297
56519396
56519496
56519597
56519696
56519796
56519897
56519996
56520096
56520197
56520296
56520396
56520497
56520596
56520696
56520796
56520896
56520996
56521096
56521196
56521296
56521396
56521496
56521596
56521700
56521796
56521896
56521996
56522096
56522195
56522296
56522396
56522496
56522596
56522696
56522796
56522896
56522996
56523096
56523196
56523296
56523396
56523496
56523595
56523696
56523796
56523895
56523996
56524096
56524195
56524296
56524396
56524495
56524596
56524696
56524795
56524896
56524996
56525095
56525196
56525295
56525395
56525496
56525599
56525696
56525796
56525895
56526000
56526096
56526195
56526296
56526396
56526495
56526596
56526698
56526795
56526896
56526995
56527095
56527196
56527295
56527395
56527496
56527595
56527695
56527796
56527895
56527995
56528095
56528195
56528295
56528395
56528495
56528595
56528700
56528795
56528896
56528995
56529095
56529196
56529295
56529395
56529496
56529595
56529695
56529795
56529895
56529995
56530095
56530195
56530295
56530395
56530495
56530595
56530695
56530795
56530895
56530995
56531095
56531194
56531295
56531395
56531494
56531595
56531695
56531794
56531895
56531995
56532094
56532195
56532295
56532395
56532495
56532595
56532695
56532795
56532894
56532995
56533095
56533194
56533295
56533395
56533494
56533595
56533703
56533794
56533895
56533995
56534094
56534195
56534294
56534394
56534495
56534594
56534694
56534795
56534894
56534994
56535095
56535194
56535294
56535395
56535494
56535595
56535694
56535794
56535895
56535994
56536094
56536195
56536294
56536394
56536495
56536594
56536694
56536795
56536894
56536994
56537095
56537194
56537294
56537394
56537494
56537594
56537694
56537794
56537894
56537994
56538094
56538194
56538294
56538394
56538493
56538594
56538694
56538793
56538894
56538994
56539094
56539194
56539294
56539394
56539494
56539594
56539694
56539794
56539894
56539994
56540094
56540193
56540294
56540394
56540493
56540594
56540694
56540793
56540894
56540994
56541093
56541194
56541294
56541393
56541494
56541593
56541693
56541794
56541893
56541993
56542094
56542193
56542294
56542394
56542493
56542594
56542694
56542793
56542894
56542994
56543093
56543194
56543293
56543393
56543494
56543593
56543693
56543794
56543893
56543993
56544094
56544193
56544293
56544394
56544493
56544593
56544694
56544793
56544893
56544993
56545093
56545193
56545293
56545393
56545494
56545593
56545693
56545794
56545893
56545993
56546093
56546193
56546293
56546393
56546493
56546593
56546693
56546793
56546893
56546993
56547093
56547193
56547293
56547393
56547493
56547593
56547694
56547792
56547893
56547993
56548092
56548193
56548293
56548392
56548493
56548593
56548692
56548793
56548892
56548993
56549093
56549192
56549293
56549393
56549492
56549593
56549693
56549792
56549893
56549993
56550092
56550193
56550293
56550392
56550493
56550592
56550692
56550793
56550892
56550992
56551093
56551192
56551292
56551393
56551492
56551592
56551693
56551792
56551892
56551993
56552092
56552193
56552292
56552392
56552493
56552592
56552692
56552793
56552892
56552992
56553093
56553192
56553292
56553392
56553492
56553592
56553692
56553792
56553892
56553992
56554092
56554192
56554292
56554392
56554492
56554592
56554692
56554792
56554892
56554992
56555091
56555192
56555292
56555392
56555492
56555592
56555692
56555792
56555892
56555992
56556092
56556192
56556292
56556392
56556491
56556592
56556692
56556791
56556892
56556992
56557091
56557192
56557292
56557391
56557492
56557592
56557692
56557792
56557891
56557991
56558092
56558191
56558291
56558392
56558491
56558592
56558692
56558791
56558892
56558992
56559091
56559192
56559291
56559391
56559492
56559591
56559695
56559792
56559891
56559991
56560092
56560191
56560291
56560392
56560491
56560591
56560691
56560791
56560891
56560991
56561091
56561191
56561291
56561391
56561491
56561591
56561691
56561793
56561891
56561991
56562092
56562191
56562291
56562391
56562491
56562591
56562691
56562791
56562891
56562991
56563091
56563191
56563291
56563391
56563491
56563591
56563693
56563790
56563891
56563991
56564090
56564191
56564291
56564390
56564491
56564591
56564690
56564891
56564990
56565091
56565191
56565291
56565391
56565490
56565591
56565691
56565790
56565891
56565991
56566090
56566191
56566291
56566390
56566491
56566591
56566690
56566791
56566890
56566990
56567091
56567190
56567290
56567391
56567490
56567590
56567691
56567790
56567890
56567991
56568090
56568190
56568290
56568390
56568491
56568590
56568690
56568794
56568890
56568990
56569091
56569190
56569290
56569391
56569490
56569590
56569691
56569790
56569890
56569990
56570090
56570190
56570390
56570490
56570590
56570699
56570790
56570890
56570990
56571089
56571190
56571290
56571389
56571490
56571590
56571689
56571790
56571890
56571990
56572090
56572190
56572290
56572390
56572490
56572590
56572690
56572789
56572890
56572990
56573089
56573190
56573290
56573389
56573490
56573590
56573689
56573790
56573890
56573989
56574090
56574189
56574289
56574390
56574489
56574589
56574690
56574789
56574889
56574990
56575089
56575190
56575290
56575389
56575490
56575589
56575689
56575790
56575889
56575989
56576103
56576189
56576289
56576390
56576489
56576589
56576690
56576789
56576889
56576990
56577089
56577189
56577290
56577389
56577489
56577589
56577689
56577789
56577889
56577989
56578089
56578189
56578289
56578390
56578489
56578589
56578689
56578789
56578892
56578989
56579089
56579189
56579289
56579389
56579489
56579589
56579689
56579789
56579889
56579989
56580088
56580189
56580289
56580388
56580489
56580589
56580688
56580789
56580889
56580988
56581089
56581189
56581288
56581389
56581489
56581588
56581689
56581788
56581889
56581989
56582088
56582189
56582289
56582388
56582489
56582589
56582688
56582789
56582889
56582988
56583089
56583188
56583288
56583389
56583488
56583588
56583689
56583791
56583888
56583989
56584088
56584188
56584289
56584388
56584488
56584589
56584688
56584788
56584888
56584988
56585089
56585188
56585288
56585389
56585488
56585588
56585689
56585791
56585888
56585989
56586088
56586188
56586288
56586388
56586488
56586588
56586688
56586788
56586888
56586988
56587088
56587188
56587288
56587388
56587488
56587588
56587687
56587788
56587888
56587987
56588088
56588188
56588288
56588388
56588488
56588588
56588688
56588788
56588888
56588988
56589087
56589188
56589288
56589387
56589488
56589588
56589687
56589788
56589888
56589987
56590088
56590188
56590287
56590388
56590487
56590587
56590689
56590787
56590887
56590988
56591087
56591187
56591288
56591387
56591488
56591588
56591687
56591788
56591887
56591987
56592088
56592187
56592287
56592388
56592487
56592587
56592688
56592787
56592887
56592988
56593087
56593187
56593288
56593387
56593487
56593587
56593687
56593787
56593887
56593987
56594087
56594187
56594287
56594387
56594487
56594587
56594688
56594787
56594887
56594988
56595087
56595187
56595287
56595387
56595487
56595587
56595687
56595787
56595887
56595992
56596087
56596187
56596287
56596386
56596487
56596587
56596686
56596787
56596887
56596986
56597087
56597187
56597286
56597387
56597487
56597586
56597687
56597787
56597886
56597987
56598086
56598187
56598287
56598386
56598487
56598587
56598686
56598787
56598887
56598986
56599087
56599187
56599286
56599387
56599486
56599586
56599689
56599786
56599886
56599987
56600086
56600186
56600287
56600386
56600486
56600587
56600686
56600786
56600886
56600995
56601086
56601186
56601286
56601387
56601486
56601586
56601687
56601786
56601886
56601987
56602086
56602186
56602287
56602386
56602486
56602586
56602689
56602786
56602886
56602986
56603086
56603186
56603286
56603386
56603486
56603586
56603686
56603786
56603886
56603985
56604086
56604186
56604285
56604386
56604486
56604585
56604686
56604795
56604886
56604986
56605086
56605186
56605286
56605386
56605486
56605588
56605685
56605786
56605886
56605986
56606086
56606186
56606285
56606386
56606486
56606585
56606690
56606785
56606885
56606986
56607085
56607185
56607286
56607385
56607485
56607586
56607685
56607785
56607886
56607985
56608086
56608186
56608285
56608386
56608485
56608585
56608686
56608785
56608885
56608986
56609085
56609185
56609286
56609385
56609485
56609586
56609685
56609785
56609886
56609985
56610085
56610185
56610285
56610385
56610485
56610585
56610685
56610785
56610885
56610985
56611085
56611185
56611284
56611385
56611485
56611585
56611685
56611785
56611885
56611985
56612085
56612185
56612285
56612385
56612485
56612585
56612685
56612785
56612885
56612984
56613085
56613185
56613284
56613385
56613485
56613584
56613689
56613785
56613884
56613985
56614085
56614184
56614285
56614384
56614484
56614585
56614684
56614785
56614885
56614984
56615085
56615185
56615284
56615385
56615485
56615584
56615685
56615784
56615884
56615985
56616084
56616184
56616285
56616384
56616484
56616585
56616684
56616784
56616885
56616984
56617084
56617185
56617284
56617384
56617485
56617584
56617684
56617784
56617884
56617985
56618084
56618184
56618285
56618384
56618484
56618584
56618684
56618784
56618884
56618984
56619084
56619184
56619284
56619384
56619484
56619584
56619684
56619884
56619984
56620084
56620184
56620283
56620384
56620484
56620583
56620686
56620784
56620883
56620984
56621084
56621184
56621284
56621384
56621484
56621584
56621683
56621784
56621884
56621983
56622084
56622184
56622283
56622384
56622484
56622583
56622689
56622784
56622883
56622984
56623083
56623183
56623284
56623383
56623483
56623584
56623688
56623783
56623884
56623983
56624083
56624184
56624283
56624384
56624484
56624583
56624684
56624783
56624883
56624984
56625083
56625183
56625284
56625383
56625483
56625584
56625688
56625783
56625884
56625983
56626083
56626183
56626283
56626383
56626483
56626583
56626683
56626784
56626883
56626983
56627083
56627183
56627283
56627383
56627483
56627584
56627683
56627783
56627883
56627983
56628083
56628183
56628283
56628383
56628483
56628583
56628683
56628783
56628883
56628983
56629083
56629183
56629282
56629383
56629483
56629582
56629683
56629783
56629882
56629983
56630083
56630182
56630283
56630383
56630482
56630583
56630682
56630782
56630883
56630982
56631083
56631183
56631282
56631383
56631483
56631582
56631683
56631783
56631882
56631983
56632082
56632182
56632283
56632382
56632482
56632583
56632682
56632782
56632883
56632982
56633082
56633183
56633282
56633382
56633482
56633582
56633682
56633782
56633882
56633982
56634082
56634182
56634283
56634382
56634482
56634583
56634682
56634782
56634883
56634982
56635082
56635182
56635282
56635382
56635482
56635582
56635682
56635782
56635882
56635982
56636082
56636182
56636282
56636382
56636482
56636581
56636682
56636782
56636881
56636982
56637082
56637181
56637282
56637382
56637481
56637582
56637682
56637782
56637882
56637981
56638082
56638182
56638281
56638382
56638482
56638581
56638682
56638782
56638881
56638982
56639082
56639181
56639282
56639382
56639481
56639582
56639681
56639781
56639882
56639981
56640081
56640182
56640281
56640381
56640482
56640581
56640681
56640782
56640881
56640982
56641081
56641181
56641282
56641381
56641481
56641582
56641681
56641781
56641882
56641981
56642081
56642182
56642281
56642381
56642482
56642581
56642681
56642781
56642881
56642981
56643081
56643181
56643281
56643381
56643481
56643581
56643686
56643781
56643880
56643981
56644081
56644180
56644281
56644381
56644481
56644581
56644681
56644781
56644881
56644981
56645081
56645181
56645281
56645381
56645481
56645580
56645681
56645781
56645880
56645981
56646081
56646180
56646281
56646381
56646480
56646581
56646681
56646780
56646881
56646980
56647080
56647181
56647280
56647380
56647481
56647580
56647681
56647781
56647880
56647981
56648081
56648180
56648281
56648380
56648480
56648581
56648680
56648780
56648881
56648980
56649080
56649181
56649280
56649380
56649481
56649580
56649680
56649782
56649880
56649980
56650080
56650180
56650280
56650380
56650480
56650580
56650683
56650780
56650881
56650980
56651080
56651181
56651280
56651380
56651480
56651580
56651684
56651780
56651880
56651980
56652080
56652180
56652280
56652380
56652480
56652580
56652680
56652780
56652880
56652980
56653080
56653179
56653280
56653380
56653479
56653580
56653680
56653779
56653880
56653980
56654080
56654180
56654280
56654380
56654480
56654579
56654680
56654780
56654879
56654980
56655080
56655179
56655280
56655380
56655479
56655580
56655680
56655779
56655880
56655979
56656079
56656180
56656279
56656379
56656480
56656579
56656679
56656780
56656879
56656979
56657080
56657179
56657280
56657380
56657479
56657580
56657679
56657779
56657880
56657979
56658079
56658180
56658279
56658379
56658480
56658579
56658679
56658779
56658879
56658979
56659079
56659179
56659279
56659379
56659479
56659579
56659679
56659779
56659879
56659979
56660079
56660179
56660279
56660379
56660478
56660579
56660679
56660779
56660879
56660979
56661079
56661179
56661279
56661379
56661479
56661579
56661679
56661785
56661878
56661979
56662079
56662178
56662279
56662379
56662478
56662579
56662679
56662778
56662879
56662979
56663078
56663179
56663278
56663378
56663479
56663578
56663678
56663779
56663878
56663979
56664079
56664178
56664279
56664379
56664478
56664579
56664679
56664778
56664879
56664979
56665078
56665179
56665278
56665378
56665479
56665578
56665680
56665779
56665878
56665978
56666079
56666178
56666278
56666378
56666478
56666578
56666678
56666778
56666878
56666978
56667078
56667179
56667278
56667378
56667479
56667578
56667678
56667779
56667878
56667978
56668078
56668178
56668278
56668378
56668478
56668578
56668678
56668778
56668878
56668978
56669078
56669177
56669278
56669378
56669477
56669578
56669678
56669777
56669878
56669978
56670077
56670178
56670278
56670377
56670478
56670578
56670678
56670778
56670877
56670978
56671078
56671177
56671278
56671378
56671477
56671578
56671678
56671777
56671878
56671978
56672077
56672178
56672277
56672377
56672478
56672577
56672677
56672778
56672877
56672977
56673078
56673177
56673277
56673378
56673477
56673577
56673677
56673777
56673878
56673977
56674077
56674178
56674277
56674377
56674478
56674577
56674677
56674778
56674877
56674977
56675078
56675177
56675277
56675377
56675477
56675577
56675677
56675777
56675881
56675977
56676077
56676177
56676277
56676377
56676477
56676577
56676677
56676776
56676877
56676977
56677076
56677177
56677277
56677377
56677477
56677577
56677677
56677777
56677877
56677977
56678077
56678176
56678277
56678377
56678476
56678577
56678677
56678776
56678877
56678977
56679076
56679177
56679277
56679376
56679477
56679577
56679676
56679777
56679876
56679976
56680077
56680176
56680276
56680377
56680476
56680577
56680677
56680776
56680881
56680977
56681076
56681177
56681276
56681376
56681477
56681576
56681676
56681777
56681876
56681976
56682077
56682176
56682276
56682377
56682476
56682576
56682680
56682776
56682876
56682976
56683076
56683176
56683276
56683376
56683476
56683576
56683676
56683777
56683876
56683976
56684076
56684176
56684276
56684376
56684476
56684576
56684676
56684776
56684876
56684976
56685076
56685176
56685276
56685376
56685476
56685576
56685676
56685775
56685876
56685976
56686075
56686176
56686276
56686375
56686476
56686576
56686675
56686776
56686876
56686976
56687076
56687175
56687276
56687376
56687475
56687576
56687676
56687775
56687876
56687976
56688075
56688176
56688276
56688375
56688476
56688575
56688675
56688780
56688875
56688975
56689076
56689175
56689275
56689376
56689475
56689575
56689676
56689775
56689875
56689976
56690075
56690176
56690275
56690375
56690476
56690575
56690675
56690776
56690875
56690975
56691076
56691175
56691376
56691475
56691575
56691675
56691775
56691875
56691975
56692075
56692175
56692275
56692375
56692475
56692575
56692675
56692775
56692875
56692975
56693075
56693175
56693275
56693374
56693475
56693575
56693675
56693775
56693875
56693975
56694075
56694175
56694275
56694375
56694474
56694575
56694675
56694774
56694875
56694975
56695074
56695175
56695275
56695374
56695475
56695575
56695674
56695775
56695874
56695974
56696080
56696174
56696274
56696375
56696474
56696574
56696677
56696774
56696875
56696975
56697074
56697175
56697274
56697374
56697475
56697574
56697674
56697775
56697874
56697974
56698075
56698174
56698274
56698375
56698474
56698574
56698675
56698774
56698874
56698975
56699074
56699174
56699274
56699374
56699474
56699574
56699674
56699774
56699874
56699974
56700075
56700174
56700274
56700374
56700474
56700574
56700674
56700774
56700874
56700975
56701074
56701174
56701274
56701374
56701474
56701574
56701674
56701775
