55801996
55802007
55802627
55802690
55802766
55802810
55803693
55803756
55803833
55803876
55804803
55804866
55804943
55804990
55805732
55805795
55805869
55805942
55806003
55806080
55806123
55806695
55806756
55806833
55806877
55807738
55807802
55807879
55807922
55808640
55808703
55808780
55808823
55809693
55809757
55809833
55809876
55810690
55810752
55810826
55810899
55810960
55811037
55811080
55811682
55811744
55811821
55811865
55812733
55812797
55812874
55812917
55813733
55813795
55813872
55813915
55814675
55814738
55814815
55814858
55815729
55815791
55815866
55815939
55815999
55816076
55816119
55816675
55816737
55816815
55816858
55817741
55817804
55817881
55817924
55818690
55818754
55818830
55818873
55819688
55819748
55819825
55819868
55820721
55820788
55820858
55820932
55820991
55821068
55821111
55821701
55821763
55821841
55821893
55822674
55822737
55822814
55822857
55823755
55823817
55823894
55823937
55824691
55824754
55824831
55824874
55825671
55825733
55825808
55825888
55825941
55826018
55826061
55826723
55826792
55826864
55826907
55827712
55827774
55827851
55827894
55828737
55828799
55828876
55828919
55829690
55829752
55829829
55829872
55830697
55830761
55830835
55830908
55830969
55831046
55831092
55831692
55831753
55831831
55831874
55832688
55832752
55832828
55832871
55833687
55833745
55833822
55833865
55834693
55834756
55834832
55834875
55835720
55835786
55835857
55835931
55835991
55836067
55836111
55836711
55836775
55836852
55836895
55837722
55837791
55837862
55837905
55838723
55838786
55838863
55838906
55839712
55839774
55839852
55839895
55840674
55840737
55840812
55840885
55840945
55841021
55841064
55841685
55841744
55841821
55841864
55842716
55842786
55842855
55842898
55843671
55843733
55843810
55843853
55844794
55844856
55844933
55844976
55845668
55845732
55845806
55845890
55845940
55846017
55846060
55846678
55846740
55846817
55846860
55847716
55847785
55847857
55847900
55848711
55848773
55848851
55848894
55849722
55849785
55849862
55849906
55850677
55850739
55850813
55850887
55850947
55851024
55851067
55851712
55851774
55851852
55851895
55852632
55852695
55852772
55852815
55853625
55853687
55853765
55853808
55854693
55854756
55854833
55854876
55855669
55855732
55855806
55855889
55855939
55856016
55856060
55856684
55856747
55856824
55856867
55857730
55857794
55857870
55857913
55858683
55858742
55858819
55858862
55859660
55859723
55859800
55859843
55860697
55860759
55860833
55860907
55860967
55861044
55861087
55861670
55861734
55861811
55861854
55862673
55862735
55862812
55862855
55863667
55863731
55863808
55863851
55864719
55864782
55864859
55864902
55865682
55865745
55865819
55865891
55865952
55866029
55866072
55866665
55866728
55866805
55866848
55867683
55867746
55867822
55867865
55868728
55868791
55868867
55868946
55869704
55869767
55869844
55869920
55870728
55870791
55870865
55870939
55870999
55871076
55871119
55871781
55871842
55871919
55871962
55872715
55872782
55872856
55872899
55873666
55873729
55873806
55873849
55874737
55874800
55874881
55874918
55875787
55875851
55875924
55875998
55876059
55876134
55876182
55876715
55876782
55876855
55876899
55877781
55877840
55877917
55877960
55878724
55878787
55878864
55878907
55879686
55879740
55879816
55879858
55880662
55880725
55880799
55880872
55880932
55881009
55881053
55881666
55881730
55881806
55881849
55882681
55882737
55882814
55882857
55883711
55883773
55883850
55883894
55884663
55884726
55884803
55884846
55885733
55885797
55885871
55885944
55886004
55886081
55886121
55886680
55886739
55886816
55886859
55887666
55887728
55887805
55887848
55888641
55888704
55888785
55888824
55889685
55889739
55889816
55889859
55890679
55890742
55890816
55890889
55890950
55891025
55891069
55891719
55891781
55891858
55891901
55892729
55892792
55892869
55892912
55893716
55893779
55893857
55893900
55894779
55894836
55894913
55894956
55895666
55895729
55895802
55895879
55895937
55896013
55896056
55896664
55896727
55896804
55896847
55897704
55897766
55897843
55897887
55898716
55898779
55898855
55898898
55899800
55899864
55899939
55899983
55900684
55900741
55900815
55900889
55900949
55901025
55901067
55901669
55901731
55901807
55901849
55902664
55902728
55902804
55902848
55903678
55903737
55903814
55903857
55904707
55904770
55904846
55904889
55905740
55905804
55905878
55905951
55906011
55906087
55906130
55906778
55906840
55906917
55906961
55907738
55907802
55907878
55907921
55908651
55908714
55908791
55908834
55909665
55909729
55909805
55909847
55910711
55910777
55910848
55910922
55910982
55911058
55911100
55911716
55911780
55911856
55911898
55912698
55912762
55912839
55912882
55913724
55913788
55913864
55913906
55914624
55914687
55914763
55914805
55915718
55915782
55915855
55915929
55915990
55916066
55916109
55916663
55916727
55916804
55916847
55917661
55917724
55917801
55917844
55918716
55918780
55918857
55918900
55919729
55919793
55919868
55919910
55920678
55920742
55920816
55920889
55920949
55921025
55921067
55921717
55921780
55921857
55921900
55922680
55922733
55922809
55922852
55923713
55923780
55923852
55923895
55924749
55924812
55924888
55924930
55925797
55925861
55925935
55926008
55926068
55926144
55926187
55926703
55926765
55926842
55926884
55927712
55927780
55927852
55927895
55928675
55928731
55928809
55928852
55929723
55929786
55929864
55929907
55930714
55930791
55930851
55930925
55930985
55931060
55931103
55931674
55931735
55931810
55931852
55932783
55932846
55932921
55932963
55933778
55933842
55933918
55933960
55934700
55934763
55934838
55934880
55935646
55935709
55935782
55935856
55935917
55935992
55936034
55936702
55936765
55936841
55936883
55937674
55937730
55937806
55937848
55938659
55938722
55938798
55938840
55939679
55939739
55939815
55939857
55940680
55940744
55940817
55940891
55940951
55941026
55941073
55941708
55941774
55941848
55941890
55942709
55942791
55942848
55942890
55943704
55943773
55943842
55943884
55944710
55944778
55944848
55944891
55945625
55945688
55945762
55945835
55945895
55945973
55946015
55946665
55946728
55946805
55946848
55947660
55947722
55947798
55947840
55948715
55948777
55948854
55948896
55949620
55949683
55949759
55949801
55950716
55950780
55950854
55950927
55950988
55951064
55951106
55951623
55951686
55951762
55951804
55952672
55952731
55952807
55952850
55953661
55953724
55953801
55953845
55954676
55954731
55954807
55954850
55955690
55955753
55955827
55955901
55955961
55956038
55956081
55956634
55956698
55956774
55956817
55957663
55957727
55957804
55957847
55958659
55958722
55958799
55958842
55959724
55959786
55959863
55959905
55960709
55960772
55960846
55960920
55960980
55961055
55961098
55961671
55961733
55961808
55961850
55962787
55962850
55962926
55962971
55963701
55963764
55963840
55963882
55964670
55964730
55964807
55964850
55965742
55965805
55965879
55965952
55966012
55966089
55966132
55966771
55966830
55966907
55966950
55967674
55967736
55967813
55967855
55968718
55968782
55968858
55968900
55969670
55969728
55969804
55969846
55970709
55970775
55970845
55970919
55970979
55971056
55971099
55971654
55971718
55971794
55971837
55972721
55972785
55972861
55972904
55973634
55973697
55973774
55973817
55974774
55974837
55974914
55974957
55975703
55975770
55975840
55975914
55975974
55976050
55976092
55976759
55976821
55976897
55976940
55977705
55977769
55977845
55977888
55978785
55978848
55978925
55978974
55979648
55979711
55979787
55979829
55980611
55980675
55980748
55980821
55980881
55980957
55980999
55981673
55981732
55981808
55981850
55982783
55982845
55982922
55982968
55983705
55983768
55983845
55983888
55984696
55984759
55984836
55984879
55985727
55985789
55985868
55985937
55985997
55986074
55986117
55986720
55986784
55986860
55986902
55987649
55987713
55987789
55987832
55988668
55988728
55988804
55988846
55989777
55989840
55989916
55989958
55990718
55990781
55990855
55990929
55990988
55991067
55991107
55991715
55991779
55991855
55991897
55992719
55992782
55992859
55992902
55993654
55993716
55993794
55993837
55994622
55994685
55994767
55994803
55995714
55995778
55995851
55995925
55995985
55996066
55996103
55996759
55996821
55996897
55996939
55997772
55997836
55997912
55997954
55998773
55998836
55998912
55998954
55999770
55999833
55999909
55999952
56000717
56000780
56000854
56000927
56000988
56001067
56001107
56001605
56001668
56001743
56001785
56002599
56002666
56002739
56002781
56003693
56003757
56003832
56003874
56004666
56004727
56004803
56004845
56005712
56005776
56005850
56005923
56005983
56006059
56006100
56006649
56006712
56006788
56006830
56007729
56007791
56007868
56007911
56008626
56008689
56008765
56008807
56009729
56009792
56009870
56009910
56010678
56010741
56010815
56010889
56010948
56011024
56011066
56011611
56011673
56011750
56011792
56012776
56012839
56012915
56012957
56013704
56013767
56013843
56013885
56014657
56014720
56014796
56014839
56015731
56015795
56015868
56015942
56016003
56016078
56016122
56016694
56016756
56016834
56016877
56017665
56017725
56017801
56017843
56018774
56018836
56018913
56018955
56019709
56019773
56019849
56019891
56020726
56020790
56020864
56020937
56020998
56021073
56021115
56021711
56021775
56021852
56021895
56022713
56022780
56022853
56022896
56023713
56023777
56023854
56023897
56024697
56024763
56024837
56024879
56025701
56025764
56025838
56025912
56025971
56026047
56026089
56026730
56026793
56026869
56026911
56027704
56027767
56027843
56027885
56028620
56028683
56028768
56028802
56029774
56029837
56029913
56029955
56030653
56030716
56030790
56030864
56030924
56031000
56031042
56031778
56031842
56031918
56031963
56032671
56032735
56032811
56032852
56033690
56033754
56033829
56033871
56034642
56034706
56034782
56034824
56035725
56035788
56035862
56035936
56035996
56036072
56036114
56036763
56036827
56036902
56036944
56037644
56037706
56037783
56037825
56038755
56038817
56038894
56038937
56039761
56039820
56039896
56039938
56040761
56040819
56040893
56040967
56041026
56041102
56041202
56041728
56041791
56041867
56041909
56042761
56042821
56042898
56042940
56043708
56043771
56043847
56043889
56044640
56044703
56044779
56044821
56045782
56045845
56045919
56045992
56046052
56046128
56046171
56046650
56046713
56046789
56046831
56047661
56047720
56047796
56047838
56048697
56048760
56048836
56048878
56049767
56049830
56049906
56049948
56050700
56050763
56050837
56050911
56050970
56051046
56051088
56051647
56051710
56051786
56051828
56052698
56052761
56052838
56052881
56053636
56053698
56053774
56053816
56054695
56054760
56054835
56054877
56055645
56055708
56055782
56055860
56055915
56055991
56056033
56056760
56056822
56056898
56056940
56057720
56057784
56057860
56057902
56058659
56058722
56058799
56058842
56059770
56059834
56059910
56059952
56060765
56060827
56060901
56060975
56061035
56061111
56061164
56061762
56061826
56061901
56061943
56062729
56062792
56062868
56062910
56063759
56063818
56063894
56063936
56064716
56064779
56064859
56064898
56065710
56065773
56065847
56065921
56065980
56066059
56066098
56066775
56066838
56066914
56066963
56067715
56067777
56067863
56067896
56068766
56068829
56068905
56068947
56069748
56069812
56069888
56069929
56070650
56070714
56070788
56070861
56070922
56070998
56071040
56071721
56071784
56071863
56071903
56072708
56072771
56072847
56072889
56073662
56073717
56073793
56073835
56074683
56074746
56074822
56074864
56075668
56075730
56075805
56075878
56075938
56076014
56076057
56076667
56076731
56076807
56076849
56077628
56077691
56077767
56077809
56078643
56078706
56078782
56078824
56079659
56079721
56079797
56079839
56080691
56080756
56080828
56080902
56080962
56081038
56081080
56081713
56081776
56081856
56081894
56082680
56082744
56082820
56082862
56083680
56083742
56083818
56083860
56084701
56084763
56084840
56084882
56085645
56085708
56085782
56085856
56085916
56085992
56086034
56086705
56086768
56086844
56086886
56087687
56087755
56087825
56087867
56088759
56088822
56088899
56088942
56089766
56089829
56089906
56089955
56090761
56090824
56090898
56090972
56091031
56091108
56091155
56091636
56091700
56091777
56091820
56092630
56092693
56092769
56092811
56093704
56093767
56093843
56093885
56094647
56094709
56094786
56094828
56095762
56095825
56095899
56095973
56096033
56096109
56096154
56096655
56096712
56096788
56096830
56097691
56097760
56097829
56097871
56098629
56098692
56098767
56098809
56099718
56099781
56099857
56099899
56100654
56100716
56100790
56100864
56100923
56100999
56101041
56101654
56101711
56101787
56101829
56102685
56102754
56102824
56102866
56103690
56103753
56103829
56103871
56104744
56104808
56104884
56104926
56105704
56105766
56105840
56105914
56105974
56106053
56106092
56106702
56106766
56106842
56106884
56107637
56107701
56107777
56107819
56108609
56108672
56108758
56108789
56109687
56109753
56109827
56109869
56110697
56110760
56110834
56110908
56110968
56111044
56111086
56111707
56111770
56111857
56111888
56112716
56112779
56112855
56112897
56113643
56113705
56113782
56113824
56114636
56114699
56114776
56114818
56115705
56115769
56115843
56115916
56115977
56116052
56116094
56116677
56116741
56116816
56116858
56117727
56117790
56117867
56117910
56118766
56118830
56118906
56118951
56119718
56119782
56119859
56119902
56120700
56120763
56120838
56120910
56120971
56121057
56121089
56121656
56121709
56121785
56121827
56122687
56122752
56122826
56122868
56123681
56123756
56123822
56123865
56124685
56124751
56124824
56124866
56125763
56125827
56125900
56125974
56126033
56126109
56126151
56126626
56126690
56126766
56126808
56127757
56127820
56127896
56127938
56128708
56128772
56128856
56128889
56129651
56129715
56129790
56129832
56130683
56130750
56130820
56130893
56130954
56131031
56131074
56131701
56131765
56131842
56131885
56132704
56132767
56132843
56132885
56133685
56133755
56133824
56133866
56134627
56134690
56134766
56134808
56135689
56135752
56135826
56135900
56135959
56136035
56136077
56136633
56136696
56136773
56136816
56137740
56137803
56137879
56137921
56138684
56138749
56138823
56138865
56139730
56139796
56139872
56139914
56140612
56140676
56140749
56140823
56140882
56140958
56141000
56141679
56141754
56141820
56141863
56142654
56142713
56142790
56142833
56143620
56143682
56143760
56143803
56144733
56144798
56144874
56144916
56145735
56145800
56145873
56145948
56146008
56146083
56146125
56146732
56146796
56146874
56146917
56147697
56147763
56147840
56147883
56148730
56148796
56148873
56148916
56149765
56149830
56149907
56149950
56150690
56150756
56150830
56150903
56150963
56151040
56151083
56151796
56151862
56151939
56151982
56152753
56152816
56152894
56152937
56153739
56153803
56153880
56153924
56154793
56154859
56154936
56154979
56155791
56155856
56155930
56156004
56156063
56156140
56156184
56156800
56156864
56156947
56156984
56157752
56157813
56157891
56157934
56158783
56158849
56158924
56158966
56159751
56159816
56159893
56159936
56160726
56160791
56160865
56160939
56160998
56161074
56161116
56161752
56161807
56161884
56161926
56162786
56162851
56162927
56162969
56163732
56163796
56163873
56163916
56164684
56164749
56164825
56164868
56165696
56165761
56165834
56165908
56165968
56166051
56166086
56166674
56166746
56166815
56166857
56167648
56167712
56167788
56167830
56168630
56168695
56168772
56168815
56169681
56169747
56169823
56169865
56170673
56170737
56170811
56170885
56170950
56171021
56171063
56171609
56171672
56171750
56171790
56172668
56172734
56172810
56172852
56173592
56173658
56173733
56173775
56174645
56174706
56174783
56174825
56175655
56175719
56175793
56175866
56175927
56176004
56176050
56176622
56176685
56176760
56176802
56177605
56177669
56177750
56177786
56178659
56178724
56178800
56178844
56179622
56179688
56179764
56179806
56180636
56180700
56180773
56180847
56180908
56180983
56181025
56181599
56181664
56181749
56181782
56182691
56182757
56182833
56182875
56183593
56183659
56183735
56183777
56184590
56184654
56184730
56184772
56185649
56185708
56185782
56185856
56185915
56185991
56186033
56186649
56186714
56186789
56186831
56187650
56187715
56187791
56187833
56188647
56188711
56188789
56188832
56189672
56189744
56189813
56189856
56190651
56190715
56190790
56190863
56190923
56191000
56191043
56191655
56191721
56191797
56191843
56192617
56192683
56192758
56192800
56193635
56193700
56193776
56193818
56194644
56194709
56194786
56194828
56195664
56195730
56195804
56195877
56195947
56196013
56196055
56196651
56196716
56196792
56196834
56197599
56197663
56197747
56197782
56198611
56198677
56198753
56198795
56199603
56199668
56199744
56199786
56200603
56200669
56200742
56200816
56200877
56200952
56200994
56201651
56201715
56201792
56201834
56202630
56202695
56202771
56202813
56203645
56203709
56203785
56203827
56204607
56204672
56204748
56204790
56205646
56205708
56205782
56205855
56205916
56205991
56206033
56206626
56206692
56206768
56206810
56207607
56207673
56207749
56207791
56208646
56208710
56208787
56208831
56209646
56209712
56209788
56209831
56210676
56210742
56210816
56210889
56210950
56211026
56211069
56211676
56211741
56211818
56211861
56212632
56212697
56212774
56212817
56213667
56213733
56213809
56213851
56214628
56214692
56214768
56214810
56215681
56215746
56215820
56215894
56215954
56216030
56216072
56216644
56216710
56216785
56216827
56217646
56217710
56217788
56217831
56218612
56218678
56218755
56218798
56219603
56219668
56219746
56219789
56220590
56220653
56220727
56220801
56220861
56220944
56220981
56221584
56221647
56221724
56221767
56222640
56222701
56222777
56222819
56223604
56223668
56223744
56223785
56224657
56224719
56224795
56224839
56225613
56225676
56225750
56225823
56225884
56225959
56226001
56226581
56226644
56226720
56226762
56227606
56227668
56227745
56227787
56228647
56228710
56228786
56228828
56229646
56229709
56229785
56229827
56230645
56230709
56230782
56230856
56230917
56230992
56231038
56231650
56231712
56231789
56231831
56232583
56232646
56232722
56232764
56233647
56233709
56233785
56233827
56234639
56234702
56234778
56234820
56235580
56235643
56235717
56235791
56235851
56235927
56235969
56236641
56236704
56236780
56236822
56237652
56237715
56237790
56237842
56238295
56238357
56238442
56238474
56239296
56239358
56239437
56239475
56240307
56240369
56240442
56240515
56240574
56240649
56240691
56241295
56241357
56241437
56241474
56242289
56242352
56242426
56242468
56243297
56243359
56243437
56243476
56244296
56244359
56244436
56244475
56245305
56245367
56245440
56245513
56245572
56245648
56245689
56246290
56246352
56246427
56246469
56247290
56247353
56247428
56247470
56248313
56248377
56248452
56248493
56249289
56249352
56249426
56249468
56250301
56250363
56250437
56250510
56250569
56250644
56250686
56251310
56251372
56251447
56251489
56252304
56252367
56252442
56252483
56253287
56253349
56253425
56253466
56254299
56254361
56254436
56254478
56255303
56255366
56255440
56255512
56255571
56255647
56255690
56256299
56256361
56256437
56256478
56257300
56257362
56257437
56257479
56258288
56258351
56258426
56258469
56259304
56259366
56259441
56259483
56260302
56260365
56260438
56260510
56260570
56260644
56260686
56261314
56261377
56261452
56261493
56262303
56262366
56262440
56262482
56263307
56263369
56263445
56263486
56264312
56264375
56264450
56264492
56265295
56265359
56265434
56265506
56265566
56265641
56265683
56266664
56266734
56266804
56266846
56267624
56267687
56267763
56267805
56268669
56268751
56268810
56268853
56269609
56269673
56269750
56269793
56270633
56270693
56270767
56270840
56270900
56270977
56271021
56271677
56271740
56271816
56271858
56272657
56272720
56272797
56272840
56273674
56273737
56273813
56273855
56274591
56274653
56274738
56274770
56275657
56275721
56275794
56275868
56275933
56276003
56276045
56276609
56276671
56276747
56276789
56277666
56277733
56277805
56277847
56278633
56278696
56278772
56278814
56279632
56279689
56279766
56279808
56280667
56280732
56280804
56280878
56280938
56281013
56281056
56281670
56281734
56281809
56281851
56282615
56282679
56282755
56282797
56283609
56283671
56283748
56283790
56284654
56284718
56284793
56284835
56285640
56285704
56285777
56285851
56285911
56285987
56286031
56286673
56286737
56286814
56286857
56287633
56287696
56287772
56287814
56288675
56288739
56288815
56288857
56289631
56289689
56289765
56289807
56290612
56290675
56290749
56290823
56290883
56290959
56291001
56291616
56291679
56291755
56291796
56292654
56292716
56292792
56292834
56293620
56293683
56293761
56293804
56294635
56294692
56294769
56294812
56295620
56295683
56295757
56295830
56295890
56295966
56296008
56296657
56296721
56296797
56296839
56297614
56297677
56297753
56297795
56298651
56298715
56298790
56298834
56299622
56299684
56299803
56299809
56300666
56300746
56300803
56300876
56300956
56301012
56301054
56301671
56301735
56301810
56301852
56302672
56302736
56302812
56302854
56303605
56303668
56303745
56303787
56304580
56304643
56304718
56304760
56305629
56305687
56305761
56305835
56305895
56305971
56306013
56306587
56306651
56306728
56306768
56307651
56307714
56307789
56307831
56308569
56308632
56308708
56308750
56309675
56309737
56309814
56309856
56310600
56310664
56310737
56310811
56310871
56310946
56310988
56311575
56311638
56311714
56311758
56312576
56312639
56312716
56312759
56313609
56313672
56313748
56313790
56314669
56314732
56314808
56314850
56315663
56315732
56315799
56315873
56315933
56316009
56316051
56316653
56316717
56316792
56316834
56317650
56317747
56317790
56317832
56318651
56318714
56318790
56318832
56319627
56319684
56319760
56319802
56320580
56320643
56320717
56320790
56320850
56320927
56320968
56321635
56321697
56321774
56321818
56322632
56322694
56322770
56322813
56323627
56323685
56323763
56323806
56324587
56324651
56324726
56324768
56325626
56325684
56325757
56325831
56325892
56325967
56326009
56326564
56326628
56326704
56326746
56327630
56327694
56327770
56327812
56328674
56328736
56328813
56328855
56329615
56329677
56329754
56329797
56330668
56330731
56330804
56330877
56330938
56331014
56331056
56331606
56331668
56331745
56331787
56332594
56332657
56332733
56332775
56333600
56333663
56333740
56333782
56334660
56334726
56334800
56334843
56335672
56335735
56335809
56335883
56335943
56336043
56336063
56336631
56336694
56336771
56336814
56337635
56337697
56337774
56337818
56338614
56338676
56338753
56338797
56339655
56339725
56339795
56339838
56340654
56340717
56340791
56340865
56340936
56341013
56341056
56341611
56341675
56341751
56341794
56342661
56342729
56342800
56342842
56343671
56343735
56343811
56343853
56344624
56344682
56344759
56344802
56345679
56345742
56345816
56345889
56345961
56346038
56346081
56346608
56346671
56346747
56346790
56347668
56347731
56347808
56347851
56348617
56348681
56348758
56348801
56349660
56349724
56349799
56349843
56350673
56350736
56350810
56350883
56350955
56351032
56351075
56351660
56351723
56351799
56351842
56352599
56352661
56352738
56352781
56353598
56353661
56353738
56353781
56354650
56354713
56354790
56354833
56355613
56355676
56355749
56355823
56355895
56355971
56356013
56356628
56356690
56356766
56356808
56357659
56357723
56357798
56357840
56358669
56358732
56358808
56358850
56359622
56359683
56359758
56359800
56360677
56360740
56360814
56360888
56360960
56361035
56361077
56361612
56361675
56361751
56361793
56362656
56362722
56362796
56362838
56363679
56363743
56363822
56363860
56364606
56364668
56364744
56364786
56365666
56365728
56365802
56365876
56365947
56366023
56366065
56366654
56366722
56366793
56366835
56367656
56367726
56367795
56367837
56368660
56368723
56368800
56368843
56369622
56369684
56369761
56369804
56370661
56370724
56370798
56370872
56370944
56371021
56371063
56371597
56371660
56371737
56371780
56372669
56372732
56372808
56372850
56373594
56373656
56373733
56373775
56374660
56374722
56374799
56374843
56375622
56375685
56375758
56375832
56375904
56375981
56376024
56376626
56376681
56376758
56376801
56377671
56377735
56377811
56377854
56378663
56378726
56378803
56378847
56379671
56379734
56379810
56379853
56380609
56380673
56380746
56380820
56380892
56380968
56381011
56381680
56381744
56381820
56381863
56382625
56382689
56382766
56382809
56383659
56383721
56383799
56383842
56384669
56384732
56384809
56384852
56385612
56385676
56385750
56385824
56385895
56385972
56386024
56386646
56386709
56386786
56386829
56387656
56387720
56387796
56387840
56388627
56388690
56388767
56388810
56389604
56389666
56389744
56389787
56390649
56390719
56390787
56390860
56390932
56391009
56391052
56391623
56391676
56391752
56391794
56392662
56392725
56392801
56392843
56393625
56393688
56393765
56393808
56394653
56394719
56394793
56394836
56395592
56395656
56395729
56395803
56395875
56395951
56395993
56396602
56396664
56396740
56396782
56397597
56397661
56397736
56397778
56398645
56398708
56398784
56398826
56399652
56399722
56399792
56399834
56400658
56400720
56400794
56400868
56400940
56401017
56401057
56401649
56401717
56401788
56401830
56402660
56402723
56402800
56402843
56403606
56403670
56403745
56403787
56404662
56404725
56404801
56404843
56405677
56405740
56405817
56405888
56405958
56406035
56406077
56406647
56406717
56406786
56406828
56407659
56407723
56407798
56407840
56408636
56408699
56408775
56408817
56409598
56409661
56409737
56409779
56410601
56410664
56410738
56410816
56410884
56410959
56411001
56411604
56411668
56411744
56411786
56412618
56412682
56412758
56412800
56413667
56413730
56413806
56413848
56414592
56414655
56414731
56414773
56415659
56415722
56415796
56415869
56415941
56416017
56416059
56416608
56416671
56416747
56416789
56417633
56417696
56417773
56417816
56418617
56418679
56418757
56418800
56419587
56419649
56419727
56419770
56420662
56420725
56420799
56420873
56420943
56421020
56421062
56421651
56421714
56421789
56421831
56422650
56422720
56422790
56422832
56423651
56423714
56423790
56423832
56424638
56424700
56424777
56424819
56425644
56425706
56425780
56425853
56425925
56426001
56426043
56426596
56426659
56426735
56426777
56427666
56427728
56427805
56427847
56428658
56428722
56428797
56428839
56429655
56429719
56429794
56429836
56430618
56430682
56430755
56430829
56430901
56430977
56431019
56431588
56431651
56431727
56431769
56432598
56432661
56432737
56432779
56433599
56433661
56433737
56433780
56434649
56434718
56434788
56434830
56435618
56435672
56435746
56435819
56435891
56435966
56436018
56436651
56436714
56436790
56436832
56437595
56437658
56437734
56437776
56438614
56438677
56438753
56438795
56439595
56439657
56439733
56439775
56440648
56440713
56440785
56440859
56440931
56441013
56441049
56441661
56441724
56441800
56441842
56442655
56442718
56442793
56442835
56443643
56443712
56443783
56443825
56444604
56444667
56444743
56444785
56445656
56445719
56445793
56445867
56445938
56446014
56446056
56446639
56446702
56446778
56446820
56447598
56447662
56447737
56447779
56448654
56448717
56448793
56448835
56449660
56449724
56449800
56449842
56450616
56450670
56450744
56450818
56450889
56450965
56451016
56451651
56451714
56451790
56451832
56452588
56452652
56452727
56452769
56453658
56453722
56453797
56453839
56454598
56454661
56454737
56454779
56455654
56455717
56455791
56455865
56455937
56456012
56456054
56456637
56456699
56456776
56456818
56457646
56457715
56457785
56457827
56458590
56458653
56458729
56458771
56459596
56459660
56459736
56459778
56460649
56460712
56460786
56460860
56460931
56461010
56461049
56461580
56461642
56461718
56461760
56462647
56462710
56462786
56462828
56463599
56463663
56463738
56463780
56464646
56464710
56464785
56464827
56465624
56465686
56465761
56465833
56465909
56465981
56466023
56466637
56466701
56466777
56466819
56467609
56467672
56467747
56467790
56468636
56468700
56468775
56468817
56469650
56469712
56469788
56469830
56470599
56470663
56470736
56470810
56470882
56470958
56471000
56471644
56471713
56471783
56471825
56472646
56472709
56472784
56472826
56473655
56473718
56473794
56473836
56474646
56474714
56474784
56474826
56475597
56475660
56475734
56475813
56475879
56475955
56475997
56476635
56476698
56476774
56476816
56477590
56477654
56477729
56477771
56478654
56478716
56478792
56478834
56479579
56479641
56479717
56479759
56480637
56480701
56480775
56480848
56480919
56480996
56481038
56481592
56481655
56481731
56481773
56482608
56482665
56482742
56482784
56483636
56483699
56483775
56483817
56484644
56484708
56484784
56484826
56485643
56485707
56485780
56485854
56485925
56486007
56486043
56486599
56486663
56486738
56486780
56487644
56487707
56487783
56487825
56488606
56488665
56488740
56488782
56489650
56489713
56489789
56489831
56490658
56490722
56490796
56490869
56490940
56491017
56491058
56491591
56491655
56491730
56491772
56492645
56492708
56492784
56492826
56493645
56493709
56493785
56493827
56494592
56494655
56494731
56494773
56495606
56495669
56495742
56495816
56495888
56495964
56496006
56496652
56496715
56496791
56496833
56497591
56497654
56497730
56497772
56498652
56498715
56498791
56498833
56499605
56499664
56499740
56499782
56500644
56500708
56500782
56500855
56500927
56501010
56501045
56501591
56501654
56501730
56501772
56502595
56502658
56502733
56502775
56503593
56503656
56503733
56503775
56504635
56504697
56504773
56504815
56505643
56505706
56505780
56505853
56505925
56506004
56506043
56506636
56506704
56506775
56506817
56507635
56507709
56507773
56507815
56508640
56508704
56508779
56508821
56509589
56509652
56509728
56509770
56510637
56510699
56510774
56510846
56510918
56510994
56511036
56511633
56511696
56511772
56511814
56512633
56512696
56512772
56512815
56513654
56513717
56513793
56513835
56514641
56514708
56514781
56514823
56515587
56515649
56515724
56515808
56515868
56515944
56515986
56516582
56516644
56516720
56516762
56517583
56517647
56517723
56517765
56518610
56518674
56518750
56518792
56519641
56519703
56519780
56519822
56520607
56520668
56520741
56520820
56520887
56520963
56521005
56521631
56521694
56521769
56521811
56522589
56522652
56522728
56522770
56523586
56523650
56523725
56523767
56524578
56524641
56524717
56524759
56525594
56525657
56525731
56525804
56525876
56525952
56525993
56526629
56526692
56526768
56526810
56527644
56527707
56527782
56527824
56528630
56528694
56528770
56528812
56529634
56529707
56529773
56529815
56530648
56530710
56530784
56530857
56530929
56531005
56531047
56531659
56531722
56531802
56531840
56532583
56532646
56532722
56532764
56533629
56533693
56533769
56533811
56534634
56534701
56534772
56534814
56535639
56535702
56535776
56535849
56535921
56536001
56536039
56536601
56536658
56536734
56536776
56537581
56537645
56537720
56537762
56538605
56538663
56538739
56538781
56539608
56539671
56539747
56539789
56540647
56540710
56540784
56540858
56540930
56541005
56541047
56541603
56541667
56541743
56541785
56542636
56542700
56542773
56542815
56543587
56543650
56543726
56543768
56544585
56544649
56544724
56544766
56545587
56545648
56545722
56545800
56545865
56545940
56545983
56546623
56546685
56546762
56546804
56547625
56547689
56547765
56547807
56548630
56548700
56548769
56548811
56549642
56549705
56549781
56549823
56550571
56550634
56550708
56550781
56550853
56550929
56550971
56551620
56551684
56551759
56551801
56552623
56552685
56552761
56552804
56553566
56553629
56553705
56553747
56554599
56554662
56554738
56554780
56555604
56555668
56555742
56555815
56555887
56555963
56556005
56556567
56556631
56556706
56556748
56557624
56557687
56557763
56557805
56558598
56558661
56558737
56558779
56559626
56559689
56559765
56559807
56560566
56560629
56560703
56560777
56560848
56560924
56560966
56561648
56561712
56561787
56561829
56562643
56562706
56562782
56562824
56563624
56563688
56563764
56563806
56564552
56564616
56564702
56564733
56565555
56565618
56565702
56565766
56565837
56565913
56565954
56566639
56566703
56566778
56566819
56567568
56567631
56567707
56567748
56568632
56568696
56568771
56568812
56569633
56569702
56569773
56569814
56570629
56570689
56570763
56570836
56570908
56570984
56571025
56571660
56571723
56571799
56571840
56572628
56572696
56572768
56572809
56573657
56573720
56573796
56573837
56574711
56574775
56574850
56574901
56575708
56575771
56575845
56575919
56575996
56576095
56576111
56576661
56576723
56576800
56576841
56577632
56577695
56577771
56577812
56578707
56578770
56578846
56578887
56579702
56579766
56579842
56579883
56580713
56580776
56580850
56580924
56580998
56581073
56581114
56581653
56581716
56581795
56581833
56582715
56582777
56582853
56582900
56583643
56583706
56583781
56583821
56584717
56584780
56584855
56584895
56585651
56585711
56585785
56585859
56585932
56586007
56586047
56586678
56586739
56586814
56586854
56587657
56587718
56587799
56587833
56588619
56588679
56588753
56588794
56589665
56589724
56589799
56589841
56590683
56590744
56590818
56590895
56590965
56591041
56591082
56591617
56591678
56591754
56591795
56592569
56592630
56592706
56592747
56593619
56593680
56593757
56593799
56594564
56594625
56594701
56594742
56595629
56595698
56595763
56595836
56595910
56595986
56596027
56596626
56596699
56596763
56596804
56597655
56597716
56597793
56597833
56598638
56598700
56598775
56598816
56599684
56599744
56599820
56599861
56600598
56600648
56600722
56600798
56600869
56600945
56600986
56601639
56601700
56601776
56601817
56602684
56602744
56602820
56602861
56603639
56603700
56603776
56603816
56604608
56604668
56604745
56604786
56605582
56605643
56605717
56605793
56605864
56605940
56605981
56606623
56606684
56606759
56606800
56607633
56607697
56607770
56607811
56608568
56608628
56608704
56608745
56609629
56609696
56609766
56609807
56610637
56610700
56610775
56610847
56610921
56610997
56611038
56611735
56611760
56611835
56611876
56612616
56612677
56612753
56612808
56613620
56613684
56613760
56613800
56614630
56614692
56614768
56614809
56615629
56615691
56615764
56615838
56615912
56615996
56616029
56616669
56616729
56616805
56616846
56617676
56617737
56617812
56617851
56618695
56618757
56618831
56618871
56619657
56619717
56619793
56619832
56620680
56620741
56620815
56620891
56620962
56621037
56621077
56621697
56621758
56621833
56621873
56622547
56622608
56622683
56622723
56623622
56623682
56623757
56623797
56624650
56624710
56624790
56624825
56625679
56625739
56625813
56625895
56625958
56626033
56626073
56626642
56626703
56626778
56626818
56627701
56627762
56627836
56627876
56628637
56628699
56628773
56628813
56629590
56629648
56629723
56629763
56630563
56630624
56630697
56630771
56630843
56630918
56630958
56631554
56631614
56631690
56631730
56632629
56632690
56632765
56632805
56633609
56633669
56633744
56633789
56634689
56634752
56634826
56634866
56635703
56635764
56635838
56635912
56635988
56636057
56636097
56636689
56636748
56636824
56636863
56637693
56637743
56637818
56637857
56638632
56638694
56638769
56638809
56639691
56639753
56639827
56639867
56640656
56640717
56640791
56640865
56640935
56641011
56641050
56641704
56641768
56641843
56641893
56642674
56642736
56642810
56642850
56643619
56643680
56643755
56643794
56644638
56644700
56644774
56644814
56645653
56645713
56645792
56645861
56645933
56646007
56646047
56646687
56646747
56646821
56646861
56647624
56647692
56647759
56647799
56648668
56648728
56648803
56648843
56649624
56649687
56649760
56649800
56650543
56650603
56650677
56650750
56650817
56650892
56650932
56651618
56651679
56651754
56651794
56652597
56652658
56652733
56652773
56653686
56653747
56653821
56653861
56654670
56654731
56654806
56654845
56655686
56655745
56655819
56655892
56655959
56656033
56656073
56656635
56656697
56656772
56656812
56657692
56657756
56657831
56657872
56658590
56658652
56658727
56658768
56659620
56659686
56659758
56659799
56660685
56660741
56660814
56660888
56660955
56661030
56661071
56661639
56661700
56661775
56661815
56662621
56662690
56662757
56662797
56663669
56663731
56663805
56663845
56664667
56664727
56664802
56664842
56665670
56665732
56665805
56665889
56665946
56666020
56666060
56666620
56666702
56666757
56666797
56667662
56667723
56667798
56667838
56668610
56668672
56668746
56668786
56669689
56669746
56669820
56669860
56670622
56670685
56670757
56670831
56670898
56670972
56671012
56671609
56671671
56671746
56671789
56672684
56672742
56672818
56672859
56673553
56673613
56673689
56673730
56674666
56674727
56674803
56674844
56675667
56675728
56675802
56675875
56675942
56676018
56676059
56676656
56676717
56676793
56676834
56677559
56677620
56677695
56677735
56678660
56678721
56678796
56678836
56679616
56679683
56679752
56679792
56680600
56680660
56680734
56680808
56680875
56680949
56680989
56681604
56681664
56681741
56681783
56682613
56682674
56682749
56682789
56683629
56683691
56683765
56683805
56684688
56684744
56684819
56684859
56685682
56685737
56685811
56685885
56685952
56686033
56686066
56686683
56686743
56686818
56686858
56687666
56687727
56687802
56687842
56688637
56688699
56688775
56688816
56689668
56689729
56689805
56689846
56690681
56690738
56690811
56690885
56690950
56691025
56691066
56691628
56691689
56691765
56691806
56692681
56692740
56692815
56692856
56693608
56693668
56693745
56693786
56694581
56694638
56694713
56694753
56695687
56695747
56695821
56695895
56695959
56696033
56696075
56696671
56696734
56696810
56696851
56697664
56697725
56697800
56697840
56698564
56698626
56698700
56698740
56699685
56699742
56699817
56699858
56700620
56700681
56700754
56700829
56700893
56700968
56701009
56701594
56701656
56701730
56701770
