51301746
51301757
51302224
51302282
51302359
51302402
51303215
51303278
51303355
51303398
51304226
51304290
51304367
51304410
51305238
51305302
51305378
51305424
51306229
51306289
51306362
51306436
51306493
51306570
51306613
51307198
51307261
51307338
51307381
51308199
51308263
51308340
51308383
51309233
51309296
51309373
51309416
51310229
51310287
51310364
51310407
51311259
51311329
51311395
51311469
51311528
51311604
51311647
51312265
51312328
51312405
51312448
51313213
51313276
51313353
51313396
51314197
51314260
51314337
51314380
51315255
51315329
51315395
51315438
51316228
51316290
51316364
51316438
51316496
51316572
51316614
51317197
51317261
51317337
51317379
51318166
51318228
51318306
51318349
51319161
51319225
51319302
51319345
51320256
51320323
51320396
51320439
51321166
51321229
51321304
51321376
51321435
51321511
51321554
51322240
51322302
51322380
51322423
51323231
51323294
51323371
51323414
51324242
51324305
51324382
51324427
51325228
51325291
51325368
51325411
51326197
51326261
51326334
51326408
51326466
51326542
51326585
51327190
51327252
51327330
51327373
51328205
51328269
51328346
51328389
51329249
51329312
51329389
51329432
51330238
51330301
51330378
51330421
51331235
51331299
51331373
51331446
51331505
51331581
51331624
51332177
51332241
51332321
51332361
51333232
51333296
51333372
51333421
51334246
51334309
51334386
51334429
51335203
51335266
51335343
51335386
51336270
51336333
51336407
51336480
51336539
51336615
51336658
51337209
51337273
51337350
51337393
51338247
51338309
51338387
51338431
51339159
51339223
51339299
51339342
51340176
51340239
51340320
51340359
51341239
51341301
51341375
51341449
51341507
51341584
51341627
51342162
51342226
51342303
51342346
51343207
51343270
51343347
51343390
51344244
51344307
51344384
51344425
51345256
51345319
51345395
51345439
51346238
51346301
51346375
51346449
51346506
51346583
51346626
51347180
51347244
51347320
51347363
51348225
51348277
51348354
51348397
51349184
51349248
51349324
51349367
51350189
51350251
51350329
51350372
51351219
51351279
51351353
51351427
51351485
51351562
51351605
51352253
51352318
51352393
51352436
51353233
51353296
51353373
51353418
51354247
51354309
51354386
51354430
51355209
51355273
51355350
51355393
51356165
51356228
51356302
51356376
51356445
51356522
51356565
51357262
51357326
51357402
51357444
51358327
51358389
51358466
51358509
51359249
51359310
51359387
51359430
51360267
51360328
51360405
51360448
51361276
51361338
51361418
51361483
51361555
51361632
51361675
51362265
51362326
51362403
51362446
51363247
51363308
51363385
51363428
51364244
51364305
51364382
51364425
51365244
51365305
51365383
51365426
51366322
51366376
51366450
51366521
51366593
51366670
51366717
51367322
51367379
51367456
51367499
51368317
51368378
51368455
51368498
51369296
51369358
51369435
51369478
51370255
51370321
51370393
51370436
51371186
51371246
51371320
51371392
51371463
51371540
51371583
51372300
51372361
51372438
51372481
51373317
51373375
51373452
51373495
51374252
51374316
51374390
51374433
51375243
51375304
51375381
51375424
51376300
51376361
51376435
51376506
51376577
51376655
51376698
51377304
51377366
51377442
51377485
51378320
51378381
51378458
51378501
51379321
51379383
51379460
51379503
51380319
51380380
51380457
51380500
51381278
51381341
51381415
51381488
51381560
51381637
51381681
51382338
51382402
51382478
51382521
51383260
51383323
51383400
51383443
51384330
51384393
51384470
51384515
51385316
51385378
51385455
51385498
51386344
51386407
51386481
51386555
51386627
51386703
51386746
51387320
51387380
51387457
51387500
51388315
51388371
51388449
51388492
51389304
51389368
51389445
51389488
51390255
51390318
51390395
51390438
51391275
51391338
51391415
51391485
51391557
51391634
51391677
51392248
51392314
51392389
51392432
51393302
51393364
51393442
51393485
51394239
51394302
51394379
51394422
51395241
51395305
51395382
51395425
51396255
51396319
51396392
51396466
51396538
51396615
51396658
51397246
51397314
51397387
51397430
51398196
51398259
51398336
51398379
51399263
51399326
51399403
51399446
51400302
51400366
51400442
51400485
51401314
51401376
51401451
51401524
51401595
51401672
51401715
51402264
51402328
51402404
51402447
51403272
51403334
51403418
51403454
51404261
51404324
51404401
51404444
51405313
51405376
51405452
51405494
51406303
51406366
51406440
51406514
51406585
51406662
51406705
51407312
51407372
51407450
51407493
51408327
51408391
51408467
51408518
51409329
51409392
51409468
51409512
51410327
51410391
51410466
51410512
51411323
51411387
51411461
51411534
51411612
51411682
51411724
51412262
51412326
51412402
51412444
51413248
51413312
51413387
51413429
51414278
51414341
51414418
51414461
51415333
51415397
51415474
51415517
51416304
51416368
51416441
51416515
51416586
51416664
51416712
51417319
51417382
51417459
51417502
51418242
51418304
51418382
51418425
51419311
51419369
51419446
51419490
51420272
51420336
51420411
51420453
51421303
51421367
51421441
51421515
51421586
51421662
51421704
51422232
51422295
51422371
51422413
51423204
51423267
51423343
51423385
51424177
51424240
51424317
51424360
51425254
51425317
51425394
51425437
51426316
51426379
51426453
51426527
51426598
51426675
51426719
51427195
51427258
51427335
51427379
51428318
51428381
51428458
51428501
51429317
51429381
51429456
51429498
51430300
51430363
51430439
51430481
51431319
51431382
51431455
51431529
51431601
51431676
51431719
51432166
51432228
51432314
51432347
51433259
51433321
51433397
51433439
51434210
51434271
51434348
51434390
51435299
51435363
51435439
51435481
51436254
51436316
51436391
51436464
51436535
51436614
51436653
51437316
51437379
51437455
51437497
51438270
51438333
51438413
51438453
51439313
51439370
51439447
51439490
51440299
51440362
51440439
51440482
51441263
51441327
51441400
51441474
51441545
51441623
51441666
51442309
51442371
51442448
51442491
51443323
51443387
51443464
51443513
51444308
51444366
51444443
51444485
51445183
51445246
51445322
51445364
51446193
51446256
51446330
51446408
51446474
51446550
51446592
51447247
51447311
51447387
51447429
51448178
51448241
51448317
51448360
51449228
51449291
51449368
51449411
51450315
51450379
51450456
51450499
51451312
51451375
51451449
51451523
51451594
51451671
51451715
51452246
51452309
51452386
51452429
51453195
51453258
51453335
51453378
51454194
51454255
51454331
51454374
51455164
51455225
51455311
51455345
51456176
51456237
51456311
51456382
51456454
51456531
51456574
51457308
51457370
51457446
51457489
51458296
51458360
51458437
51458480
51459314
51459378
51459454
51459497
51460312
51460375
51460452
51460495
51461254
51461316
51461391
51461464
51461535
51461612
51461656
51462211
51462265
51462342
51462385
51463186
51463249
51463325
51463367
51464310
51464364
51464439
51464481
51465312
51465375
51465452
51465495
51466267
51466331
51466405
51466478
51466549
51466627
51466670
51467261
51467324
51467406
51467445
51468235
51468299
51468376
51468419
51469234
51469297
51469374
51469417
51470305
51470365
51470442
51470485
51471305
51471367
51471440
51471514
51471586
51471662
51471705
51472310
51472368
51472445
51472488
51473238
51473305
51473378
51473421
51474247
51474311
51474387
51474430
51475311
51475375
51475451
51475494
51476272
51476335
51476409
51476483
51476553
51476631
51476674
51477193
51477257
51477334
51477377
51478313
51478376
51478452
51478494
51479308
51479371
51479447
51479489
51480204
51480264
51480340
51480382
51481309
51481366
51481440
51481513
51481585
51481662
51481705
51482309
51482361
51482438
51482481
51483311
51483374
51483451
51483494
51484239
51484308
51484380
51484423
51485289
51485352
51485429
51485472
51486206
51486269
51486343
51486416
51486488
51486565
51486608
51487254
51487318
51487394
51487437
51488310
51488373
51488450
51488493
51489261
51489324
51489403
51489443
51490302
51490364
51490441
51490484
51491245
51491308
51491382
51491456
51491527
51491604
51491647
51492245
51492308
51492385
51492428
51493303
51493361
51493439
51493482
51494302
51494360
51494436
51494479
51495305
51495368
51495445
51495488
51496140
51496207
51496278
51496351
51496423
51496502
51496543
51497191
51497254
51497331
51497374
51498184
51498248
51498324
51498368
51499301
51499363
51499440
51499483
51500313
51500376
51500452
51500502
51501314
51501377
51501451
51501524
51501606
51501673
51501716
51502231
51502295
51502371
51502414
51503234
51503306
51503374
51503417
51504242
51504306
51504382
51504425
51505252
51505315
51505392
51505435
51506289
51506353
51506426
51506506
51506572
51506649
51506692
51507308
51507371
51507448
51507491
51508190
51508253
51508329
51508371
51509257
51509320
51509400
51509438
51510265
51510329
51510405
51510447
51511305
51511368
51511442
51511516
51511586
51511664
51511708
51512307
51512371
51512448
51512491
51513300
51513359
51513436
51513479
51514263
51514327
51514403
51514446
51515299
51515358
51515435
51515478
51516304
51516367
51516441
51516515
51516587
51516663
51516707
51517299
51517358
51517434
51517477
51518266
51518329
51518406
51518449
51519237
51519300
51519377
51519420
51520246
51520310
51520387
51520430
51521345
51521375
51521449
51521522
51521599
51521672
51521715
51522315
51522378
51522454
51522516
51523304
51523361
51523437
51523479
51524289
51524353
51524429
51524472
51525308
51525370
51525448
51525491
51526261
51526325
51526398
51526472
51526544
51526621
51526664
51527304
51527360
51527437
51527480
51528315
51528378
51528456
51528499
51529198
51529260
51529336
51529379
51530241
51530304
51530381
51530424
51531170
51531234
51531308
51531381
51531453
51531530
51531573
51532298
51532359
51532436
51532479
51533198
51533260
51533337
51533380
51534252
51534315
51534398
51534435
51535160
51535223
51535300
51535343
51536231
51536297
51536368
51536442
51536514
51536589
51536631
51537304
51537368
51537443
51537485
51538247
51538311
51538387
51538430
51539266
51539330
51539406
51539449
51540267
51540330
51540407
51540450
51541314
51541369
51541443
51541517
51541588
51541665
51541709
51542309
51542373
51542449
51542497
51543285
51543349
51543425
51543467
51544238
51544301
51544377
51544419
51545282
51545346
51545422
51545465
51546299
51546361
51546436
51546509
51546580
51546657
51546702
51547236
51547301
51547375
51547418
51548296
51548357
51548433
51548475
51549287
51549350
51549426
51549468
51550286
51550350
51550427
51550470
51551248
51551311
51551385
51551459
51551531
51551607
51551650
51552244
51552307
51552384
51552428
51553295
51553353
51553430
51553473
51554230
51554300
51554369
51554411
51555295
51555354
51555430
51555472
51556236
51556299
51556373
51556447
51556517
51556595
51556636
51557298
51557361
51557437
51557479
51558248
51558311
51558387
51558429
51559183
51559245
51559323
51559366
51560258
51560322
51560398
51560441
51561266
51561329
51561403
51561477
51561548
51561625
51561668
51562236
51562300
51562377
51562420
51563294
51563358
51563433
51563475
51564309
51564372
51564448
51564494
51565225
51565294
51565364
51565406
51566239
51566303
51566376
51566450
51566522
51566599
51566640
51567224
51567294
51567364
51567406
51568173
51568236
51568312
51568354
51569258
51569321
51569397
51569439
51570196
51570259
51570335
51570377
51571308
51571372
51571445
51571519
51571594
51571667
51571710
51572238
51572301
51572377
51572419
51573251
51573314
51573393
51573432
51574302
51574365
51574440
51574482
51575298
51575350
51575426
51575468
51576318
51576381
51576455
51576528
51576600
51576676
51576719
51577175
51577238
51577315
51577358
51578284
51578347
51578424
51578467
51579321
51579383
51579461
51579504
51580307
51580370
51580447
51580492
51581292
51581353
51581427
51581501
51581573
51581648
51581692
51582253
51582316
51582392
51582434
51583232
51583294
51583371
51583413
51584239
51584303
51584378
51584420
51585300
51585362
51585438
51585480
51586247
51586311
51586384
51586458
51586530
51586606
51586648
51587296
51587357
51587433
51587475
51588291
51588353
51588428
51588470
51589296
51589359
51589435
51589477
51590291
51590352
51590428
51590470
51591276
51591339
51591412
51591491
51591558
51591633
51591675
51592216
51592279
51592354
51592396
51593241
51593305
51593381
51593424
51594296
51594359
51594435
51594477
51595245
51595308
51595384
51595426
51596296
51596356
51596431
51596508
51596575
51596651
51596695
51597278
51597341
51597417
51597459
51598228
51598291
51598367
51598409
51599218
51599282
51599357
51599399
51600295
51600353
51600429
51600472
51601290
51601351
51601425
51601499
51601570
51601646
51601690
51602253
51602316
51602395
51602435
51603248
51603311
51603390
51603429
51604237
51604300
51604376
51604418
51605281
51605344
51605420
51605462
51606227
51606294
51606364
51606437
51606509
51606589
51606627
51607198
51607261
51607337
51607379
51608206
51608269
51608345
51608389
51609172
51609236
51609312
51609354
51610204
51610266
51610343
51610389
51611172
51611235
51611310
51611394
51611454
51611530
51611572
51612207
51612270
51612346
51612394
51613225
51613289
51613365
51613407
51614179
51614241
51614318
51614360
51615160
51615222
51615299
51615341
51616181
51616244
51616363
51616392
51616463
51616564
51616581
51617222
51617288
51617361
51617403
51618222
51618293
51618361
51618403
51619217
51619280
51619356
51619398
51620166
51620229
51620304
51620346
51621221
51621287
51621358
51621432
51621504
51621579
51621621
51622225
51622292
51622365
51622407
51623224
51623287
51623363
51623405
51624187
51624249
51624325
51624367
51625152
51625214
51625291
51625333
51626164
51626226
51626300
51626374
51626445
51626522
51626565
51627234
51627296
51627374
51627417
51628222
51628286
51628361
51628402
51629221
51629291
51629361
51629403
51630215
51630278
51630354
51630396
51631220
51631287
51631357
51631431
51631503
51631579
51631621
51632202
51632264
51632339
51632387
51633174
51633238
51633313
51633355
51634206
51634270
51634345
51634391
51635124
51635187
51635263
51635305
51636157
51636220
51636294
51636368
51636440
51636515
51636557
51637149
51637212
51637288
51637330
51638219
51638286
51638359
51638401
51639176
51639238
51639315
51639357
51640224
51640287
51640363
51640404
51641185
51641245
51641319
51641393
51641464
51641540
51641585
51642190
51642251
51642327
51642369
51643231
51643294
51643370
51643412
51644175
51644238
51644314
51644356
51645170
51645234
51645309
51645351
51646169
51646230
51646304
51646377
51646449
51646525
51646567
51647171
51647233
51647308
51647350
51648224
51648287
51648363
51648405
51649211
51649274
51649350
51649392
51650172
51650236
51650312
51650354
51651225
51651289
51651362
51651436
51651508
51651601
51651625
51652229
51652292
51652368
51652410
51653217
51653283
51653354
51653395
51654232
51654295
51654371
51654413
51655200
51655264
51655340
51655389
51656227
51656290
51656364
51656437
51656509
51656585
51656627
51657146
51657208
51657288
51657326
51658169
51658232
51658308
51658350
51659198
51659261
51659337
51659387
51660149
51660212
51660289
51660331
51661213
51661283
51661350
51661424
51661496
51661572
51661614
51662146
51662206
51662283
51662325
51663227
51663291
51663367
51663409
51664198
51664262
51664337
51664382
51665148
51665212
51665288
51665330
51666147
51666209
51666283
51666357
51666428
51666504
51666546
51667149
51667213
51667289
51667331
51668131
51668195
51668271
51668313
51669187
51669244
51669321
51669363
51670171
51670234
51670310
51670352
51671212
51671286
51671349
51671422
51671494
51671570
51671612
51672199
51672261
51672336
51672382
51672845
51672907
51672982
51673024
51673848
51673911
51673988
51674030
51674841
51674903
51674981
51675022
51675841
51675904
51675981
51676049
51676121
51676196
51676239
51676839
51676902
51676981
51677021
51677851
51677914
51677989
51678032
51678833
51678896
51678972
51679014
51679840
51679902
51679985
51680019
51680840
51680903
51680980
51681049
51681120
51681195
51681236
51681861
51681924
51681998
51682040
51682829
51682889
51682964
51683006
51683847
51683907
51683985
51684024
51684858
51684921
51684996
51685038
51685849
51685911
51685985
51686057
51686128
51686203
51686245
51686848
51686910
51686985
51687027
51687824
51687884
51687960
51688001
51688832
51688894
51688969
51689011
51689859
51689921
51689997
51690038
51690853
51690915
51690988
51691061
51691131
51691206
51691248
51691835
51691897
51691972
51692014
51692832
51692895
51692971
51693011
51693838
51693900
51693979
51694017
51694837
51694900
51694984
51695016
51695847
51695909
51695982
51696055
51696125
51696201
51696242
51696837
51696900
51696978
51697016
51697845
51697907
51697982
51698024
51698850
51698913
51698988
51699028
51699837
51699900
51699979
51700018
51701209
51701271
51701346
51701419
51701490
51701566
51701608
51702226
51702290
51702366
51702408
51703226
51703288
51703365
51703407
51704200
51704263
51704339
51704383
51705217
51705280
51705357
51705400
51706217
51706283
51706353
51706427
51706499
51706577
51706618
51707219
51707283
51707360
51707403
51708157
51708221
51708297
51708339
51709149
51709211
51709287
51709329
51710161
51710225
51710301
51710343
51711210
51711277
51711347
51711421
51711493
51711568
51711610
51712211
51712277
51712351
51712393
51713213
51713276
51713352
51713394
51714197
51714260
51714337
51714380
51715206
51715269
51715346
51715389
51716155
51716216
51716290
51716364
51716435
51716512
51716555
51717150
51717213
51717288
51717330
51718176
51718234
51718309
51718351
51719209
51719276
51719349
51719391
51720165
51720228
51720304
51720346
51721166
51721230
51721304
51721380
51721449
51721526
51721569
51722214
51722277
51722354
51722397
51723201
51723264
51723339
51723381
51724222
51724285
51724361
51724403
51725192
51725254
51725330
51725375
51726180
51726241
51726315
51726389
51726460
51726536
51726580
51727217
51727281
51727356
51727398
51728224
51728287
51728364
51728407
51729204
51729267
51729343
51729385
51730141
51730204
51730280
51730322
51731167
51731230
51731304
51731378
51731449
51731525
51731567
51732154
51732217
51732293
51732335
51733204
51733267
51733344
51733386
51734202
51734264
51734341
51734383
51735213
51735276
51735352
51735394
51736194
51736257
51736331
51736404
51736479
51736552
51736594
51737193
51737256
51737332
51737374
51738176
51738238
51738315
51738357
51739217
51739281
51739357
51739399
51740205
51740273
51740344
51740386
51741154
51741217
51741291
51741365
51741436
51741512
51741554
51742155
51742219
51742295
51742337
51743191
51743254
51743330
51743373
51744214
51744277
51744353
51744395
51745143
51745206
51745283
51745325
51746206
51746273
51746343
51746417
51746489
51746565
51746607
51747146
51747209
51747286
51747328
51748200
51748263
51748339
51748381
51749173
51749233
51749309
51749351
51750141
51750205
51750281
51750323
51751149
51751213
51751286
51751360
51751431
51751507
51751549
51752177
51752242
51752317
51752359
51753208
51753277
51753349
51753391
51754186
51754252
51754328
51754377
51755217
51755283
51755359
51755401
51756158
51756224
51756298
51756371
51756444
51756521
51756563
51757213
51757279
51757355
51757396
51758219
51758283
51758360
51758402
51759148
51759213
51759289
51759331
51760200
51760271
51760342
51760384
51761212
51761277
51761351
51761424
51761498
51761576
51761616
51762208
51762274
51762350
51762392
51763145
51763211
51763288
51763331
51764202
51764271
51764344
51764387
51765212
51765277
51765354
51765397
51766160
51766225
51766299
51766373
51766447
51766523
51766571
51767211
51767276
51767352
51767394
51768156
51768221
51768297
51768339
51769197
51769263
51769339
51769382
51770211
51770276
51770353
51770396
51771150
51771215
51771289
51771363
51771437
51771512
51771554
51772185
51772251
51772326
51772375
51773149
51773213
51773290
51773332
51774160
51774226
51774302
51774344
51775199
51775269
51775340
51775382
51776180
51776245
51776319
51776393
51776475
51776542
51776584
51777211
51777275
51777352
51777396
51778203
51778269
51778345
51778388
51779220
51779286
51779362
51779405
51780152
51780217
51780293
51780335
51781152
51781218
51781292
51781368
51781439
51781515
51781557
51782194
51782259
51782335
51782377
51783199
51783269
51783341
51783383
51784168
51784228
51784305
51784348
51785168
51785228
51785305
51785348
51786233
51786299
51786373
51786446
51786520
51786597
51786640
51787208
51787274
51787351
51787394
51788205
51788270
51788346
51788388
51789222
51789288
51789368
51789406
51790227
51790292
51790368
51790410
51791220
51791286
51791360
51791433
51791507
51791584
51791627
51792230
51792295
51792372
51792415
51793199
51793267
51793341
51793384
51794151
51794215
51794291
51794333
51795167
51795228
51795304
51795346
51796224
51796289
51796372
51796436
51796510
51796586
51796628
51797216
51797280
51797356
51797398
51798155
51798220
51798297
51798340
51799223
51799326
51799367
51799408
51800223
51800288
51800372
51800406
51801200
51801267
51801339
51801413
51801487
51801567
51801605
51802187
51802253
51802329
51802371
51803217
51803283
51803359
51803401
51804201
51804267
51804343
51804385
51805166
51805232
51805307
51805349
51806214
51806278
51806353
51806426
51806499
51806576
51806618
51807154
51807218
51807294
51807337
51808192
51808258
51808333
51808375
51809196
51809270
51809337
51809379
51810209
51810275
51810351
51810393
51811198
51811265
51811338
51811411
51811485
51811570
51811603
51812152
51812217
51812293
51812335
51813196
51813270
51813339
51813382
51814208
51814274
51814350
51814393
51815199
51815265
51815341
51815383
51816175
51816241
51816314
51816388
51816470
51816538
51816580
51817204
51817270
51817346
51817388
51818190
51818256
51818332
51818374
51819200
51819266
51819342
51819385
51820215
51820280
51820357
51820400
51821198
51821264
51821337
51821411
51821485
51821570
51821604
51822169
51822226
51822303
51822345
51823149
51823213
51823290
51823332
51824199
51824265
51824340
51824382
51825200
51825265
51825341
51825383
51826146
51826211
51826285
51826364
51826433
51826509
51826553
51827150
51827216
51827293
51827336
51828151
51828216
51828293
51828336
51829206
51829270
51829348
51829391
51830200
51830268
51830341
51830383
51831224
51831289
51831368
51831437
51831511
51831586
51831628
51832140
51832205
51832283
51832326
51833154
51833219
51833295
51833339
51834212
51834277
51834354
51834397
51835198
51835262
51835340
51835383
51836218
51836283
51836367
51836431
51836505
51836581
51836624
51837213
51837278
51837355
51837399
51838124
51838189
51838267
51838309
51839167
51839232
51839308
51839351
51840197
51840263
51840339
51840382
51841164
51841229
51841303
51841377
51841451
51841527
51841570
51842168
51842233
51842311
51842354
51843192
51843262
51843335
51843378
51844133
51844199
51844275
51844317
51845194
51845261
51845336
51845378
51846170
51846235
51846309
51846382
51846461
51846533
51846577
51847147
51847213
51847289
51847332
51848146
51848211
51848289
51848332
51849149
51849214
51849291
51849334
51850193
51850261
51850335
51850378
51851136
51851201
51851275
51851348
51851422
51851499
51851542
51852178
51852243
51852320
51852363
51853105
51853170
51853247
51853290
51854143
51854208
51854285
51854328
51855197
51855261
51855339
51855382
51856137
51856202
51856276
51856349
51856422
51856500
51856543
51857190
51857265
51857333
51857376
51858164
51858222
51858299
51858342
51859190
51859260
51859333
51859376
51860202
51860267
51860343
51860386
51861201
51861267
51861341
51861414
51861488
51861565
51861608
51862191
51862259
51862333
51862376
51863192
51863264
51863334
51863377
51864204
51864269
51864346
51864389
51865142
51865206
51865283
51865327
51866198
51866264
51866337
51866411
51866484
51866561
51866604
51867186
51867251
51867328
51867371
51868194
51868260
51868337
51868380
51869134
51869200
51869277
51869320
51870158
51870220
51870297
51870340
51871207
51871272
51871346
51871420
51871494
51871570
51871613
51872109
51872175
51872251
51872294
51873191
51873258
51873333
51873375
51874143
51874207
51874285
51874328
51875158
51875220
51875297
51875340
51876205
51876271
51876344
51876418
51876492
51876569
51876612
51877128
51877193
51877270
51877313
51878142
51878208
51878284
51878326
51879188
51879258
51879328
51879371
51880132
51880198
51880273
51880315
51881182
51881247
51881321
51881395
51881468
51881545
51881588
51882183
51882249
51882326
51882369
51883189
51883256
51883331
51883374
51884182
51884248
51884324
51884367
51885188
51885256
51885330
51885373
51886195
51886262
51886334
51886408
51886482
51886559
51886602
51887107
51887172
51887248
51887290
51888167
51888233
51888309
51888356
51889191
51889256
51889332
51889374
51890102
51890166
51890244
51890287
51891144
51891210
51891283
51891357
51891431
51891508
51891556
51892185
51892260
51892326
51892368
51893193
51893258
51893334
51893377
51894193
51894258
51894334
51894376
51895100
51895165
51895241
51895283
51896209
51896274
51896348
51896422
51896495
51896572
51896615
51897144
51897208
51897285
51897329
51898190
51898256
51898333
51898376
51899185
51899259
51899327
51899370
51900186
51900255
51900328
51900395
51901137
51901203
51901277
51901355
51901424
51901501
51901544
51902184
51902255
51902326
51902369
51903181
51903247
51903324
51903367
51904130
51904195
51904271
51904313
51905185
51905254
51905328
51905371
51906205
51906271
51906344
51906418
51906492
51906569
51906612
51907198
51907264
51907341
51907384
51908188
51908254
51908330
51908373
51909181
51909246
51909322
51909364
51910189
51910258
51910330
51910372
51911146
51911212
51911285
51911359
51911433
51911508
51911559
51912209
51912273
51912353
51912394
51913201
51913267
51913344
51913387
51914181
51914247
51914323
51914366
51915189
51915254
51915331
51915374
51916187
51916253
51916326
51916400
51916474
51916553
51916594
51917182
51917257
51917325
51917368
51918146
51918211
51918288
51918331
51919184
51919257
51919327
51919370
51920152
51920215
51920291
51920334
51921187
51921253
51921327
51921400
51921474
51921552
51921594
51922157
51922221
51922297
51922340
51923189
51923257
51923332
51923375
51924197
51924262
51924339
51924382
51925193
51925259
51925336
51925379
51926194
51926259
51926333
51926406
51926479
51926556
51926598
51927180
51927245
51927321
51927363
51928134
51928199
51928275
51928317
51929141
51929206
51929283
51929326
51930189
51930255
51930332
51930375
51931200
51931265
51931339
51931412
51931486
51931561
51931603
51932156
51932213
51932289
51932331
51933134
51933200
51933277
51933320
51934180
51934251
51934322
51934365
51935190
51935255
51935332
51935375
51936207
51936273
51936351
51936420
51936494
51936571
51936614
51937182
51937255
51937325
51937368
51938138
51938203
51938280
51938323
51939150
51939212
51939288
51939330
51940199
51940264
51940340
51940382
51941186
51941252
51941325
51941399
51941473
51941555
51941591
51942163
51942228
51942305
51942354
51943121
51943187
51943264
51943307
51944122
51944187
51944264
51944307
51945172
51945238
51945315
51945358
51946178
51946250
51946317
51946391
51946465
51946541
51946583
51947183
51947249
51947324
51947366
51948188
51948255
51948329
51948371
51949171
51949236
51949313
51949356
51950101
51950167
51950254
51950286
51951208
51951272
51951349
51951420
51951494
51951570
51951613
51952190
51952257
51952333
51952375
51953126
51953193
51953269
51953311
51954159
51954227
51954302
51954349
51955189
51955257
51955333
51955375
51956176
51956248
51956317
51956390
51956464
51956541
51956585
51957113
51957181
51957258
51957301
51958162
51958230
51958306
51958349
51959099
51959166
51959247
51959286
51960121
51960188
51960265
51960308
51961181
51961252
51961322
51961396
51961469
51961547
51961587
51962122
51962188
51962264
51962306
51963153
51963218
51963294
51963336
51964108
51964176
51964253
51964296
51965159
51965227
51965303
51965347
51966208
51966275
51966352
51966423
51966496
51966573
51966616
51967176
51967247
51967321
51967364
51968139
51968206
51968282
51968324
51969173
51969241
51969316
51969358
51970178
51970246
51970321
51970363
51971105
51971173
51971247
51971320
51971394
51971470
51971512
51972169
51972237
51972313
51972355
51973185
51973253
51973329
51973372
51974160
51974227
51974304
51974347
51975122
51975189
51975267
51975310
51976174
51976246
51976315
51976389
51976463
51976551
51976583
51977195
51977257
51977334
51977377
51978138
51978205
51978283
51978326
51979146
51979210
51979287
51979330
51980093
51980160
51980237
51980280
51981116
51981184
51981257
51981331
51981405
51981481
51981524
51982176
51982245
51982320
51982363
51983122
51983190
51983265
51983307
51984123
51984191
51984268
51984311
51985177
51985250
51985321
51985364
51986119
51986186
51986259
51986333
51986407
51986484
51986528
51987163
51987230
51987307
51987350
51988174
51988244
51988318
51988362
51989154
51989222
51989298
51989345
51990179
51990247
51990323
51990365
51991169
51991236
51991310
51991384
51991457
51991534
51991577
51992133
51992201
51992278
51992321
51993134
51993201
51993278
51993321
51994148
51994211
51994288
51994331
51995144
51995210
51995287
51995330
51996119
51996185
51996260
51996333
51996407
51996484
51996527
51997144
51997209
51997286
51997329
51998098
51998166
51998243
51998285
51999122
51999190
51999266
51999309
52000191
52000257
52000333
52000376
52001143
52001205
52001278
52001352
52001426
52001503
52001546
52002149
52002215
52002293
52002336
52003095
52003161
52003243
52003280
52004175
52004243
52004320
52004363
52005154
52005219
52005296
52005343
52006170
52006236
52006309
52006383
52006456
52006534
52006577
52007127
52007191
52007269
52007312
52008147
52008209
52008286
52008330
52009152
52009218
52009294
52009342
52010088
52010153
52010230
52010273
52011184
52011248
52011322
52011396
52011469
52011547
52011590
52012149
52012215
52012292
52012335
52013103
52013168
52013247
52013288
52014130
52014195
52014272
52014315
52015100
52015166
52015242
52015284
52016098
52016163
52016246
52016311
52016381
52016458
52016500
52017142
52017208
52017285
52017328
52018126
52018192
52018269
52018312
52019106
52019172
52019249
52019292
52020184
52020249
52020326
52020369
52021182
52021246
52021320
52021394
52021466
52021542
52021585
52022183
52022249
52022325
52022367
52023191
52023257
52023332
52023374
52024176
52024242
52024317
52024359
52025162
52025228
52025305
52025348
52026145
52026207
52026280
52026354
52026426
52026503
52026546
52027145
52027203
52027281
52027324
52028140
52028204
52028280
52028323
52029139
52029204
52029281
52029324
52030140
52030200
52030277
52030320
52031149
52031215
52031290
52031363
52031444
52031514
52031557
52032145
52032212
52032289
52032339
52033139
52033205
52033282
52033325
52034139
52034203
52034280
52034323
52035092
52035158
52035239
52035277
52036089
52036155
52036229
52036302
52036373
52036451
52036494
52037090
52037155
52037238
52037275
52038125
52038190
52038265
52038308
52038799
52038863
52038939
52038980
52040122
52040187
52040264
52040307
52041209
52041275
52041349
52041422
52041493
52041570
52041612
52042149
52042215
52042291
52042338
52043153
52043218
52043294
52043338
52044189
52044255
52044331
52044372
52045186
52045250
52045326
52045368
52046188
52046254
52046327
52046401
52046473
52046548
52046645
52047137
52047215
52047278
52047320
52048149
52048215
52048290
52048337
52049185
52049251
52049327
52049369
52050130
52050195
52050273
52050316
52051171
52051237
52051310
52051384
52051456
52051537
52051575
52052153
52052218
52052295
52052338
52053164
52053229
52053306
52053349
52054141
52054206
52054283
52054326
52055141
52055206
52055283
52055326
52056139
52056205
52056279
52056352
52056424
52056501
52056641
52057160
52057226
52057303
52057346
52058112
52058177
52058254
52058297
52059108
52059172
52059249
52059291
52060111
52060177
52060253
52060295
52061111
52061176
52061250
52061324
52061394
52061471
52061513
52062183
52062248
52062325
52062368
52063119
52063184
52063261
52063304
52064109
52064174
52064251
52064294
52065159
52065224
52065301
52065344
52066145
52066210
52066284
52066358
52066436
52066506
52066549
52067135
52067195
52067272
52067314
52068140
52068197
52068273
52068315
52069106
52069172
52069248
52069289
52070090
52070156
52070235
52070276
52071091
52071155
52071235
52071303
52071374
52071451
52071494
52072092
52072157
52072235
52072278
52073135
52073196
52073273
52073316
52074105
52074171
52074248
52074291
52075167
52075234
52075309
52075351
52076144
52076209
52076282
52076356
52076439
52076505
52076548
52077169
52077239
52077312
52077355
52078153
52078219
52078296
52078339
52079134
52079198
52079275
52079318
52080186
52080251
52080333
52080371
52081153
52081217
52081292
52081364
52081436
52081513
52081557
52082080
52082145
52082222
52082266
52083166
52083233
52083308
52083351
52084080
52084146
52084222
52084265
52085090
52085155
52085233
52085275
52086160
52086224
52086299
52086372
52086444
52086519
52086561
52087139
52087204
52087280
52087322
52088164
52088238
52088306
52088349
52089076
52089141
52089218
52089261
52090095
52090161
52090237
52090280
52091087
52091153
52091233
52091300
52091372
52091449
52091492
52092088
52092153
52092232
52092273
52093075
52093140
52093217
52093260
52094135
52094200
52094277
52094320
52095137
52095203
52095280
52095323
52096137
52096201
52096275
52096349
52096420
52096497
52096540
52097177
52097243
52097319
52097362
52098147
52098212
52098289
52098332
52099158
52099223
52099300
52099343
52100156
52100221
52100297
52100339
52101131
52101195
52101269
52101343
52101414
52101491
52101534
52102145
52102209
52102287
52102331
52103073
52103139
52103216
52103259
52104145
52104211
52104288
52104331
52105089
52105153
52105231
52105271
52106099
52106165
52106238
52106312
52106384
52106460
52106502
52107163
52107231
52107305
52107348
52108160
52108230
52108302
52108345
52109176
52109242
52109319
52109362
52110168
52110233
52110309
52110351
52111163
52111235
52111302
52111376
52111448
52111523
52111565
52112116
52112182
52112259
52112302
52113115
52113180
52113257
52113300
52114082
52114147
52114230
52114267
52115174
52115239
52115316
52115359
52116111
52116176
52116250
52116334
52116396
52116471
52116513
52117104
52117170
52117246
52117289
52118146
52118211
52118287
52118329
52119175
52119239
52119316
52119358
52120092
52120158
52120235
52120278
52121156
52121222
52121295
52121369
52121441
52121518
52121561
52122090
52122155
52122233
52122273
52123119
52123185
52123261
52123304
52124165
52124230
52124307
52124350
52125107
52125172
52125249
52125292
52126129
52126194
52126268
52126342
52126413
52126490
52126533
52127147
52127212
52127289
52127332
52128149
52128215
52128291
52128334
52129147
52129212
52129290
52129333
52130145
52130206
52130283
52130333
52131128
52131193
52131267
52131341
52131412
52131489
52131532
52132144
52132209
52132286
52132329
52133128
52133192
52133269
52133312
52134093
52134159
52134236
52134279
52135136
52135200
52135278
52135327
52136167
52136232
52136306
52136380
52136452
52136528
52136571
52137070
52137136
52137212
52137255
52138093
52138158
52138234
52138278
52139167
52139232
52139310
52139353
52140134
52140199
52140276
52140319
52141092
52141158
52141232
52141305
52141376
52141454
52141497
52142159
52142226
52142302
52142345
52143086
52143152
52143232
52143271
52144096
52144160
52144237
52144281
52145138
52145204
52145281
52145326
52146098
52146163
52146237
52146311
52146382
52146459
52146502
52147134
52147200
52147276
52147325
52148134
52148200
52148277
52148342
52149087
52149152
52149231
52149272
52150105
52150170
52150247
52150290
52151131
52151187
52151261
52151334
52151406
52151483
52151526
52152136
52152202
52152279
52152330
52153126
52153192
52153269
52153312
52154097
52154163
52154240
52154283
52155125
52155189
52155266
52155309
52156093
52156157
52156232
52156305
52156377
52156453
52156497
52157124
52157187
52157263
52157306
52158091
52158156
52158233
52158276
52159131
52159197
52159273
52159316
52160088
52160153
52160230
52160273
52161129
52161193
52161267
52161341
52161413
52161489
52161532
52162130
52162195
52162272
52162315
52163128
52163193
52163270
52163313
52164079
52164145
52164224
52164264
52165067
52165133
52165210
52165253
52166153
52166228
52166292
52166366
52166437
52166514
52166557
52167096
52167161
52167238
52167281
52168142
52168208
52168285
52168328
52169137
52169201
52169279
52169323
52170099
52170165
52170242
52170285
52171099
52171164
52171238
52171312
52171383
52171460
52171503
52172140
52172206
52172282
52172325
52173140
52173205
52173282
52173326
52174153
52174228
52174296
52174339
52175075
52175140
52175222
52175260
52176091
52176155
52176229
52176303
52176374
52176451
52176494
52177152
52177222
52177294
52177337
52178122
52178181
52178257
52178300
52179155
52179222
52179298
52179341
52180112
52180177
52180254
52180297
52181122
52181185
52181259
52181332
52181404
52181481
52181527
52182135
52182201
52182278
52182322
52183111
52183177
52183254
52183297
52184125
52184190
52184267
52184310
52185139
52185190
52185267
52185310
52186076
52186141
52186221
52186289
52186360
52186437
52186480
52187141
52187207
52187285
52187328
52188084
52188150
52188227
52188271
52189126
52189192
52189268
52189312
52190127
52190191
52190269
52190312
52191078
52191142
52191225
52191290
52191362
52191438
52191481
52192065
52192130
52192207
52192250
52193128
52193193
52193270
52193313
52194122
52194188
52194265
52194308
52195120
52195181
52195258
52195301
52196092
52196158
52196232
52196305
52196377
52196454
52196497
52197059
52197125
52197201
52197244
52198129
52198195
52198272
52198320
52199087
52199152
52199229
52199272
52200125
52200183
52200260
52200303
52201120
52201185
52201259
52201332
52201404
52201481
