51301518
51301731
51301739
51301818
51301918
51302019
51302118
51302218
51302318
51302418
51302518
51302619
51302718
51302818
51302918
51303018
51303118
51303220
51303318
51303418
51303518
51303618
51303718
51303818
51303918
51304017
51304118
51304218
51304317
51304418
51304518
51304617
51304718
51304818
51304918
51305018
51305118
51305218
51305318
51305418
51305518
51305618
51305717
51305818
51305918
51306017
51306118
51306218
51306317
51306418
51306518
51306624
51306718
51306818
51306917
51307018
51307117
51307217
51307318
51307417
51307517
51307618
51307717
51307817
51307918
51308017
51308118
51308218
51308317
51308418
51308518
51308617
51308718
51308818
51308917
51309018
51309117
51309217
51309318
51309421
51309517
51309618
51309717
51309817
51309918
51310017
51310117
51310217
51310317
51310417
51310517
51310617
51310717
51310817
51310917
51311017
51311117
51311217
51311318
51311417
51311517
51311618
51311717
51311817
51311917
51312017
51312117
51312217
51312317
51312417
51312517
51312617
51312717
51312817
51312917
51313017
51313117
51313219
51313316
51313417
51313517
51313616
51313717
51313817
51313916
51314017
51314117
51314216
51314317
51314417
51314516
51314617
51314717
51314817
51314917
51315016
51315117
51315217
51315316
51315417
51315517
51315616
51315717
51315817
51315916
51316017
51316117
51316216
51316317
51316417
51316516
51316619
51316716
51316816
51316917
51317016
51317116
51317217
51317316
51317416
51317517
51317616
51317716
51317816
51317916
51318017
51318116
51318216
51318317
51318416
51318516
51318617
51318716
51318816
51318917
51319016
51319116
51319216
51319316
51319416
51319516
51319616
51319716
51319816
51319916
51320016
51320116
51320216
51320316
51320416
51320516
51320616
51320716
51320816
51320915
51321016
51321116
51321216
51321316
51321416
51321518
51321616
51321716
51321816
51321916
51322016
51322116
51322216
51322316
51322416
51322516
51322615
51322716
51322816
51322915
51323016
51323116
51323215
51323316
51323420
51323515
51323616
51323716
51323815
51323916
51324016
51324115
51324216
51324315
51324416
51324516
51324615
51324716
51324816
51324915
51325016
51325116
51325215
51325316
51325416
51325515
51325616
51325715
51325815
51325916
51326015
51326115
51326216
51326315
51326415
51326516
51326615
51326715
51326816
51326915
51327015
51327116
51327215
51327315
51327415
51327515
51327616
51327715
51327815
51327916
51328015
51328115
51328216
51328315
51328415
51328516
51328615
51328715
51328815
51328915
51329015
51329115
51329215
51329318
51329415
51329515
51329615
51329715
51329815
51329915
51330015
51330115
51330214
51330315
51330415
51330514
51330615
51330715
51330814
51330915
51331015
51331115
51331215
51331315
51331415
51331515
51331615
51331715
51331815
51331914
51332015
51332115
51332214
51332315
51332415
51332514
51332615
51332715
51332814
51332915
51333015
51333114
51333215
51333314
51333414
51333515
51333614
51333714
51333815
51333914
51334014
51334115
51334214
51334315
51334415
51334514
51334615
51334715
51334814
51334915
51335014
51335215
51335314
51335414
51335515
51335614
51335714
51335815
51335914
51336014
51336115
51336214
51336314
51336417
51336514
51336714
51336814
51336914
51337014
51337114
51337216
51337314
51337414
51337515
51337614
51337714
51337814
51337914
51338014
51338114
51338214
51338315
51338423
51338514
51338614
51338714
51338814
51338914
51339014
51339114
51339214
51339314
51339414
51339513
51339614
51339714
51339813
51339914
51340014
51340113
51340214
51340314
51340413
51340514
51340614
51340713
51340814
51340913
51341014
51341114
51341213
51341314
51341414
51341513
51341614
51341714
51341813
51341914
51342014
51342113
51342214
51342314
51342413
51342514
51342613
51342713
51342814
51342913
51343013
51343114
51343213
51343313
51343414
51343513
51343613
51343714
51343813
51343913
51344013
51344113
51344214
51344313
51344413
51344514
51344613
51344713
51344814
51344913
51345013
51345114
51345213
51345313
51345414
51345513
51345613
51345713
51345813
51345913
51346013
51346113
51346213
51346313
51346413
51346513
51346613
51346713
51346813
51346913
51347013
51347112
51347213
51347313
51347412
51347513
51347613
51347713
51347813
51347913
51348013
51348113
51348213
51348313
51348413
51348512
51348613
51348713
51348812
51348913
51349013
51349112
51349213
51349313
51349412
51349513
51349613
51349712
51349813
51349913
51350012
51350113
51350212
51350312
51350413
51350512
51350612
51350713
51350812
51350913
51351013
51351112
51351213
51351313
51351412
51351513
51351613
51351712
51351813
51351912
51352012
51352113
51352212
51352312
51352413
51352512
51352612
51352713
51352812
51352912
51353013
51353112
51353212
51353312
51353412
51353512
51353612
51353712
51353812
51353912
51354012
51354113
51354212
51354315
51354413
51354512
51354612
51354712
51354812
51354912
51355012
51355112
51355215
51355312
51355412
51355512
51355612
51355712
51355812
51355912
51356012
51356111
51356212
51356312
51356411
51356512
51356612
51356711
51356812
51356912
51357011
51357112
51357212
51357312
51357412
51357512
51357612
51357712
51357811
51357912
51358012
51358111
51358212
51358312
51358411
51358515
51358612
51358711
51358812
51358912
51359011
51359112
51359211
51359315
51359511
51359611
51359712
51359811
51359911
51360012
51360111
51360211
51360312
51360411
51360512
51360612
51360711
51360812
51360911
51361011
51361112
51361211
51361311
51361412
51361511
51361611
51361712
51361811
51361911
51362012
51362111
51362211
51362311
51362411
51362511
51362611
51362711
51362811
51362911
51363011
51363111
51363211
51363313
51363411
51363511
51363611
51363712
51363911
51364011
51364111
51364211
51364311
51364411
51364511
51364611
51364711
51364811
51364911
51365011
51365111
51365211
51365311
51365410
51365511
51365611
51365710
51365811
51365911
51366010
51366111
51366211
51366310
51366411
51366511
51366610
51366711
51366811
51366910
51367011
51367110
51367211
51367311
51367410
51367511
51367611
51367710
51367811
51367911
51368010
51368111
51368211
51368310
51368411
51368510
51368610
51368711
51368810
51369011
51369110
51369210
51369311
51369410
51369510
51369611
51369710
51369810
51369911
51370010
51370110
51370210
51370310
51370411
51370510
51370610
51370711
51370810
51370910
51371011
51371110
51371210
51371311
51371410
51371510
51371610
51371710
51371810
51371910
51372010
51372110
51372210
51372410
51372510
51372610
51372710
51372810
51372910
51373010
51373110
51373210
51373309
51373410
51373510
51373609
51373710
51373810
51373910
51374010
51374110
51374210
51374310
51374410
51374510
51374610
51374709
51374810
51374910
51375009
51375110
51375210
51375310
51375410
51375510
51375609
51375710
51375810
51375909
51376010
51376109
51376209
51376310
51376409
51376512
51376610
51376709
51376809
51376910
51377009
51377110
51377210
51377310
51377410
51377510
51377609
51377710
51377810
51377909
51378010
51378109
51378209
51378310
51378409
51378509
51378610
51378709
51378809
51378910
51379009
51379109
51379209
51379309
51379409
51379513
51379609
51379709
51379809
51379909
51380009
51380109
51380209
51380310
51380409
51380509
51380610
51380709
51380809
51380909
51381009
51381109
51381209
51381309
51381409
51381509
51381609
51381709
51381809
51381909
51382009
51382109
51382209
51382308
51382412
51382509
51382609
51382709
51382809
51382908
51383009
51383109
51383208
51383309
51383409
51383508
51383609
51383708
51383809
51383909
51384008
51384109
51384209
51384308
51384409
51384509
51384608
51384709
51384809
51384908
51385009
51385109
51385208
51385309
51385408
51385508
51385609
51385708
51385808
51385909
51386008
51386108
51386209
51386308
51386414
51386509
51386608
51386710
51386808
51386908
51387009
51387108
51387208
51387309
51387408
51387508
51387609
51387708
51387808
51387909
51388008
51388108
51388209
51388308
51388408
51388508
51388608
51388708
51388808
51388908
51389008
51389108
51389208
51389310
51389408
51389508
51389608
51389708
51389808
51389908
51390008
51390108
51390208
51390308
51390408
51390508
51390608
51390708
51390808
51390908
51391008
51391108
51391208
51391307
51391408
51391508
51391607
51391708
51391808
51391907
51392008
51392108
51392207
51392308
51392408
51392507
51392608
51392708
51392807
51392908
51393008
51393107
51393208
51393307
51393408
51393508
51393607
51393708
51393808
51393907
51394008
51394108
51394207
51394308
51394407
51394507
51394608
51394707
51394807
51394908
51395007
51395107
51395208
51395311
51395407
51395508
51395607
51395707
51395807
51395907
51396007
51396107
51396207
51396307
51396407
51396507
51396608
51396707
51396807
51396908
51397007
51397107
51397208
51397307
51397407
51397508
51397607
51397707
51397808
51397907
51398007
51398107
51398207
51398307
51398407
51398507
51398607
51398707
51398807
51398907
51399007
51399107
51399206
51399307
51399408
51399506
51399607
51399707
51399806
51399907
51400007
51400107
51400207
51400308
51400407
51400507
51400607
51400707
51400807
51400906
51401007
51401107
51401206
51401307
51401407
51401506
51401607
51401707
51401806
51401907
51402007
51402106
51402207
51402306
51402415
51402507
51402606
51402706
51402807
51402906
51403107
51403206
51403307
51403407
51403506
51403607
51403706
51403806
51403907
51404006
51404106
51404207
51404306
51404406
51404507
51404606
51404706
51404807
51404906
51405006
51405107
51405206
51405306
51405407
51405506
51405606
51405706
51405806
51405906
51406006
51406106
51406206
51406309
51406406
51406507
51406606
51406710
51406806
51406906
51407006
51407106
51407206
51407306
51407406
51407506
51407606
51407706
51407806
51407906
51408006
51408106
51408206
51408306
51408406
51408505
51408606
51408706
51408805
51408906
51409006
51409105
51409206
51409306
51409405
51409506
51409606
51409705
51409806
51409905
51410006
51410106
51410205
51410306
51410406
51410505
51410606
51410706
51410805
51410906
51411006
51411105
51411206
51411305
51411405
51411506
51411605
51411705
51411806
51411905
51412005
51412106
51412205
51412305
51412408
51412505
51412605
51412706
51412805
51412905
51413006
51413105
51413206
51413305
51413405
51413506
51413605
51413705
51413806
51413905
51414005
51414105
51414205
51414305
51414405
51414505
51414605
51414705
51414805
51414905
51415005
51415105
51415205
51415305
51415405
51415505
51415605
51415705
51415805
51415905
51416005
51416104
51416205
51416310
51416404
51416505
51416605
51416705
51416805
51416905
51417005
51417105
51417205
51417305
51417405
51417508
51417605
51417705
51417804
51417905
51418005
51418104
51418205
51418310
51418404
51418505
51418605
51418704
51418805
51418904
51419004
51419105
51419204
51419304
51419405
51419504
51419604
51419705
51419804
51419905
51420005
51420104
51420205
51420305
51420404
51420505
51420605
51420704
51420805
51420904
51421004
51421105
51421204
51421314
51421405
51421504
51421604
51421714
51421804
51421904
51422004
51422104
51422204
51422305
51422404
51422504
51422604
51422704
51422804
51422904
51423004
51423105
51423209
51423304
51423405
51423504
51423604
51423704
51423804
51423904
51424004
51424104
51424204
51424304
51424404
51424504
51424604
51424704
51424804
51424904
51425004
51425103
51425204
51425304
51425403
51425504
51425604
51425703
51425804
51425904
51426003
51426104
51426204
51426304
51426404
51426504
51426604
51426704
51426803
51426904
51427004
51427103
51427206
51427304
51427403
51427504
51427604
51427703
51427804
51427904
51428003
51428104
51428204
51428303
51428404
51428507
51428603
51428704
51428803
51428903
51429004
51429103
51429203
51429304
51429403
51429509
51429604
51429703
51429804
51429903
51430003
51430104
51430203
51430305
51430404
51430503
51430603
51430704
51430803
51430903
51431004
51431103
51431203
51431303
51431403
51431503
51431607
51431703
51431803
51431903
51432003
51432103
51432203
51432303
51432403
51432503
51432603
51432702
51432803
51432903
51433003
51433103
51433203
51433303
51433403
51433503
51433603
51433703
51433803
51433903
51434003
51434103
51434203
51434303
51434402
51434503
51434603
51434702
51434803
51434903
51435002
51435103
51435203
51435305
51435403
51435503
51435602
51435703
51435802
51435902
51436003
51436102
51436203
51436303
51436402
51436503
51436603
51436702
51436803
51436903
51437002
51437103
51437202
51437302
51437403
51437503
51437602
51437703
51437802
51437902
51438003
51438102
51438202
51438303
51438402
51438502
51438603
51438702
51438802
51438902
51439002
51439102
51439202
51439302
51439403
51439502
51439602
51439703
51439802
51439902
51440003
51440102
51440202
51440305
51440402
51440502
51440602
51440702
51440802
51440902
51441002
51441102
51441202
51441302
51441405
51441502
51441602
51441702
51441802
51441902
51442001
51442102
51442202
51442301
51442402
51442502
51442601
51442702
51442802
51442902
51443002
51443102
51443202
51443302
51443401
51443502
51443602
51443701
51443802
51443902
51444001
51444102
51444202
51444301
51444402
51444502
51444601
51444702
51444801
51444901
51445002
51445101
51445201
51445302
51445401
51445501
51445602
51445701
51445801
51445902
51446001
51446102
51446202
51446301
51446402
51446501
51446601
51446702
51446801
51446901
51447002
51447101
51447201
51447302
51447401
51447501
51447602
51447701
51447801
51447902
51448001
51448101
51448201
51448301
51448401
51448501
51448601
51448701
51448801
51448901
51449001
51449101
51449201
51449302
51449401
51449501
51449601
51449701
51449801
51449901
51450001
51450101
51450201
51450301
51450401
51450504
51450601
51450701
51450801
51450901
51451000
51451101
51451201
51451300
51451401
51451501
51451604
51451701
51451801
51451900
51452001
51452101
51452200
51452301
51452401
51452500
51452601
51452700
51452801
51452901
51453000
51453101
51453201
51453300
51453401
51453501
51453600
51453701
51453801
51453900
51454001
51454101
51454200
51454301
51454400
51454500
51454601
51454700
51454800
51454901
51455000
51455100
51455201
51455300
51455400
51455501
51455600
51455700
51455800
51455900
51456001
51456100
51456200
51456301
51456400
51456500
51456601
51456700
51456800
51456901
51457000
51457100
51457200
51457300
51457400
51457500
51457600
51457700
51457800
51457900
51458000
51458100
51458200
51458302
51458400
51458500
51458600
51458700
51458800
51458899
51459000
51459100
51459200
51459300
51459400
51459504
51459600
51459700
51459800
51459900
51460000
51460100
51460200
51460299
51460400
51460500
51460599
51460700
51460800
51460899
51461000
51461100
51461199
51461300
51461400
51461499
51461600
51461700
51461799
51461900
51461999
51462099
51462200
51462299
51462400
51462500
51462599
51462700
51462800
51462899
51463000
51463100
51463199
51463300
51463399
51463499
51463600
51463699
51463799
51463900
51463999
51464099
51464200
51464299
51464399
51464500
51464599
51464699
51464799
51464899
51464999
51465099
51465199
51465299
51465399
51465500
51465600
51465699
51465799
51465900
51465999
51466099
51466199
51466299
51466399
51466499
51466599
51466699
51466799
51466899
51466999
51467099
51467199
51467299
51467399
51467499
51467599
51467699
51467799
51467898
51467999
51468099
51468198
51468305
51468399
51468498
51468599
51468699
51468798
51468899
51468999
51469099
51469199
51469303
51469399
51469499
51469599
51469699
51469799
51469898
51469999
51470099
51470198
51470299
51470399
51470498
51470599
51470699
51470798
51470899
51470998
51471098
51471199
51471298
51471398
51471499
51471598
51471698
51471799
51471898
51471998
51472099
51472198
51472299
51472398
51472498
51472599
51472698
51472798
51472899
51472998
51473098
51473199
51473298
51473398
51473499
51473598
51473698
51473799
51473898
51473998
51474098
51474198
51474298
51474398
51474498
51474598
51474698
51474798
51474898
51474998
51475098
51475198
51475298
51475398
51475501
51475598
51475698
51475798
51475898
51475998
51476098
51476198
51476298
51476398
51476498
51476598
51476698
51476798
51476898
51476998
51477098
51477198
51477298
51477398
51477497
51477598
51477698
51477797
51477898
51477998
51478097
51478198
51478298
51478397
51478500
51478597
51478697
51478798
51478897
51478998
51479098
51479197
51479298
51479398
51479497
51479598
51479698
51479797
51479898
51479997
51480097
51480198
51480297
51480397
51480498
51480597
51480697
51480798
51480897
51480997
51481098
51481197
51481297
51481398
51481497
51481597
51481697
51481797
51481897
51481997
51482097
51482198
51482297
51482397
51482498
51482597
51482697
51482798
51482897
51482997
51483097
51483197
51483297
51483397
51483499
51483597
51483697
51483797
51483897
51483997
51484097
51484197
51484297
51484397
51484497
51484597
51484697
51484796
51484897
51484997
51485096
51485197
51485299
51485396
51485497
51485597
51485697
51485797
51485897
51485997
51486097
51486196
51486297
51486397
51486496
51486597
51486697
51486796
51486897
51486997
51487096
51487197
51487297
51487405
51487497
51487597
51487696
51487797
51487896
51487996
51488097
51488196
51488296
51488397
51488499
51488596
51488697
51488796
51488897
51488997
51489096
51489197
51489296
51489396
51489497
51489596
51489696
51489797
51489896
51489996
51490097
51490196
51490296
51490397
51490496
51490596
51490696
51490796
51490896
51490996
51491096
51491196
51491296
51491396
51491496
51491596
51491696
51491796
51491896
51491996
51492097
51492196
51492296
51492396
51492496
51492596
51492696
51492796
51492896
51492996
51493096
51493196
51493296
51493396
51493496
51493596
51493696
51493796
51493896
51494095
51494196
51494296
51494395
51494496
51494596
51494695
51494796
51494896
51494995
51495096
51495196
51495296
51495396
51495495
51495596
51495696
51495795
51495896
51495996
51496095
51496196
51496296
51496395
51496496
51496596
51496695
51496796
51496895
51496995
51497096
51497197
51497295
51497396
51497495
51497595
51497696
51497795
51497895
51497996
51498095
51498195
51498295
51498395
51498496
51498595
51498695
51498796
51498895
51498995
51499096
51499195
51499295
51499396
51499495
51499595
51499696
51499795
51499895
51499995
51500095
51500195
51500295
51500395
51500495
51500595
51500695
51500795
51500895
51500995
51501095
51501195
51501295
51501394
51501495
51501595
51501694
51501795
51501895
51501995
51502095
51502195
51502301
51502395
51502495
51502595
51502695
51502795
51502895
51502995
51503094
51503195
51503295
51503394
51503495
51503595
51503694
51503795
51503895
51503994
51504095
51504195
51504294
51504395
51504494
51504594
51504695
51504794
51504894
51504995
51505094
51505195
51505295
51505398
51505495
51505595
51505694
51505795
51505895
51505994
51506095
51506194
51506299
51506395
51506494
51506594
51506701
51506794
51506894
51506995
51507094
51507194
51507295
51507394
51507496
51507595
51507694
51507794
51507894
51507994
51508094
51508200
51508294
51508395
51508494
51508594
51508695
51508794
51508894
51508995
51509094
51509194
51509294
51509394
51509494
51509594
51509694
51509794
51509894
51509994
51510094
51510194
51510294
51510394
51510494
51510594
51510693
51510794
51510894
51510993
51511094
51511194
51511293
51511394
51511494
51511593
51511694
51511794
51511894
51511994
51512093
51512194
51512294
51512393
51512497
51512594
51512693
51512794
51512894
51512993
51513094
51513194
51513293
51513394
51513494
51513593
51513694
51513793
51513893
51513994
51514093
51514193
51514294
51514393
51514493
51514594
51514693
51514793
51514894
51514993
51515094
51515194
51515293
51515394
51515493
51515593
51515694
51515793
51515893
51515994
51516093
51516193
51516294
51516393
51516493
51516594
51516693
51516793
51516893
51516993
51517093
51517193
51517293
51517393
51517493
51517593
51517693
51517793
51517893
51517993
51518093
51518193
51518294
51518393
51518493
51518593
51518693
51518793
51518893
51518993
51519093
51519193
51519293
51519393
51519493
51519593
51519692
51519793
51519893
51519992
51520093
51520193
51520292
51520393
51520493
51520592
51520793
51520892
51520993
51521093
51521192
51521293
51521392
51521492
51521593
51521692
51521793
51521893
51521992
51522093
51522193
51522292
51522393
51522493
51522592
51522693
51522892
51522993
51523092
51523192
51523293
51523392
51523492
51523593
51523692
51523792
51523893
51523992
51524092
51524193
51524295
51524392
51524492
51524592
51524692
51524792
51524892
51524993
51525092
51525192
51525293
51525392
51525496
51525593
51525692
51525792
51525892
51525992
51526092
51526192
51526292
51526392
51526492
51526592
51526692
51526792
51526892
51526992
51527092
51527192
51527292
51527392
51527492
51527591
51527692
51527792
51527891
51527992
51528092
51528192
51528292
51528392
51528492
51528592
51528692
51528792
51528892
51528991
51529092
51529192
51529291
51529392
51529492
51529591
51529692
51529792
51529891
51529992
51530092
51530191
51530292
51530392
51530491
51530592
51530692
51530791
51530892
51530991
51531091
51531192
51531291
51531392
51531492
51531591
51531692
51531792
51531992
51532091
51532191
51532292
51532391
51532491
51532592
51532691
51532791
51532892
51532991
51533091
51533192
51533291
51533391
51533492
51533591
51533691
51533891
51533991
51534091
51534191
51534291
51534391
51534491
51534592
51534691
51534791
51534892
51534991
51535091
51535192
51535291
51535391
51535491
51535591
51535691
51535791
51535891
51535991
51536091
51536191
51536291
51536391
51536491
51536600
51536691
51536791
51536890
51536991
51537091
51537190
51537291
51537391
51537491
51537591
51537691
51537790
51537891
51537991
51538091
51538191
51538290
51538394
51538491
51538590
51538691
51538791
51538890
51538991
51539091
51539190
51539291
51539391
51539490
51539591
51539690
51539790
51539891
51539990
51540090
51540191
51540290
51540390
51540491
51540590
51540690
51540791
51540890
51540990
51541090
51541190
51541291
51541390
51541490
51541595
51541690
51541790
51541891
51541990
51542090
51542191
51542290
51542390
51542491
51542590
51542690
51542790
51542890
51542990
51543090
51543190
51543291
51543390
51543490
51543590
51543690
51543790
51543890
51543990
51544090
51544189
51544290
51544390
51544489
51544590
51544690
51544790
51544890
51544990
51545090
51545190
51545290
51545390
51545490
51545590
51545690
51545790
51545890
51545990
51546090
51546189
51546290
51546390
51546489
51546590
51546690
51546789
51546890
51546990
51547089
51547290
51547389
51547490
51547589
51547689
51547790
51547889
51547990
51548090
51548189
51548290
51548390
51548489
51548590
51548689
51548789
51548890
51548989
51549089
51549190
51549293
51549389
51549490
51549589
51549689
51549790
51549889
51549989
51550090
51550189
51550297
51550389
51550489
51550589
51550689
51550789
51550889
51550989
51551089
51551190
51551289
51551395
51551490
51551589
51551689
51551789
51551889
51551989
51552189
51552289
51552390
51552489
51552589
51552689
51552789
51552889
51552989
51553089
51553189
51553289
51553389
51553489
51553589
51553689
51553788
51553889
51553989
51554088
51554189
51554289
51554388
51554489
51554589
51554689
51554789
51554889
51554989
51555089
51555188
51555289
51555389
51555488
51555589
51555689
51555788
51555889
51555989
51556088
51556189
51556289
51556388
51556489
51556588
51556688
51556789
51556888
51556988
51557089
51557188
51557288
51557389
51557488
51557588
51557689
51557788
51557889
51557988
51558088
51558189
51558288
51558392
51558489
51558588
51558688
51558789
51558888
51558988
51559089
51559193
51559288
51559389
51559488
51559588
51559688
51559795
51559888
51559988
51560088
51560188
51560288
51560388
51560488
51560588
51560688
51560788
51560888
51560988
51561089
51561188
51561288
51561388
51561488
51561588
51561688
51561788
51561888
51561988
51562088
51562188
51562288
51562388
51562487
51562588
51562688
51562787
51562888
51562988
51563087
51563188
51563288
51563387
51563488
51563588
51563687
51563788
51563888
51563987
51564088
51564188
51564288
51564388
51564487
51564588
51564688
51564787
51564888
51564988
51565087
51565188
51565288
51565387
51565488
51565588
51565687
51565788
51565887
51565987
51566088
51566187
51566287
51566388
51566487
51566587
51566688
51566787
51566887
51566988
51567087
51567187
51567287
51567387
51567488
51567587
51567687
51567788
51567887
51567987
51568088
51568187
51568287
51568388
51568487
51568587
51568688
51568787
51568887
51568987
51569087
51569187
51569287
51569387
51569487
51569587
51569687
51569787
51569887
51569987
51570087
51570187
51570287
51570386
51570487
51570587
51570686
51570787
51570887
51570987
51571087
51571187
51571287
51571387
51571487
51571587
51571687
51571786
51571887
51571987
51572086
51572187
51572287
51572386
51572487
51572587
51572686
51572787
51572887
51572986
51573087
51573187
51573286
51573387
51573486
51573586
51573687
51573786
51573886
51573987
51574086
51574187
51574287
51574386
51574489
51574587
51574686
51574787
51574886
51574986
51575087
51575186
51575286
51575387
51575486
51575586
51575687
51575786
51575886
51575987
51576086
51576186
51576287
51576387
51576486
51576586
51576686
51576786
51576886
51576986
51577086
51577186
51577286
51577387
51577486
51577586
51577687
51577786
51577886
51577986
51578086
51578186
51578290
51578386
51578486
51578586
51578686
51578786
51578886
51578986
51579086
51579186
51579286
51579389
51579486
51579586
51579685
51579786
51579886
51579985
51580086
51580186
51580285
51580386
51580486
51580585
51580686
51580786
51580886
51580986
51581085
51581186
51581286
51581385
51581486
51581586
51581685
51581786
51581886
51581985
51582086
51582186
51582285
51582386
51582485
51582585
51582686
51582785
51582885
51582986
51583085
51583185
51583286
51583385
51583485
51583586
51583685
51583785
51583886
51583985
51584086
51584185
51584285
51584389
51584485
51584585
51584686
51584785
51584885
51584986
51585085
51585185
51585286
51585385
51585486
51585585
51585685
51585785
51585885
51585985
51586085
51586185
51586285
51586390
51586485
51586585
51586685
51586785
51586885
51586985
51587085
51587185
51587284
51587385
51587485
51587585
51587685
51587785
51587885
51587985
51588085
51588185
51588285
51588385
51588485
51588585
51588684
51588785
51588885
51588984
51589085
51589185
51589284
51589385
51589485
51589584
51589685
51589785
51589884
51589985
51590084
51590184
51590285
51590384
51590484
51590585
51590684
51590785
51590885
51590984
51591085
51591185
51591284
51591385
51591485
51591584
51591685
51591784
51591884
51591985
51592084
51592184
51592285
51592384
51592484
51592585
51592684
51592784
51592885
51592984
51593084
51593184
51593284
51593388
51593484
51593584
51593684
51593784
51593884
51593985
51594084
51594184
51594285
51594384
51594484
51594585
51594684
51594784
51594884
51594984
51595084
51595184
51595284
51595389
51595484
51595584
51595684
51595784
51595884
51595984
51596084
51596184
51596283
51596384
51596484
51596583
51596684
51596784
51596883
51596984
51597084
51597184
51597284
51597384
51597484
51597584
51597683
51597784
51597884
51597983
51598084
51598184
51598283
51598384
51598484
51598583
51598684
51598784
51598883
51598984
51599084
51599183
51599287
51599383
51599483
51599584
51599683
51599783
51599884
51599983
51600083
51600184
51600283
51600384
51600484
51600583
51600684
51600783
51600883
51600984
51601083
51601183
51601284
51601383
51601483
51601584
51601683
51601783
51601884
51601983
51602083
51602184
51602283
51602383
51602483
51602583
51602683
51602783
51602883
51602983
51603083
51603183
51603283
51603383
51603483
51603584
51603683
51603783
51603883
51603983
51604083
51604183
51604283
51604383
51604483
51604583
51604683
51604783
51604883
51604983
51605083
51605183
51605286
51605383
51605483
51605582
51605683
51605783
51605882
51605983
51606083
51606182
51606283
51606383
51606482
51606583
51606683
51606782
51606883
51606982
51607083
51607183
51607282
51607385
51607483
51607582
51607683
51607783
51607882
51607983
51608083
51608182
51608283
51608383
51608482
51608583
51608682
51608782
51608883
51608982
51609082
51609183
51609282
51609382
51609483
51609582
51609682
51609783
51609882
51609982
51610082
51610182
51610283
51610382
51610482
51610583
51610682
51610782
51610883
51610982
51611082
51611183
51611282
51611382
51611482
51611582
51611682
51611782
51611882
51611982
51612082
51612182
51612282
51612382
51612482
51612582
51612682
51612782
51612881
51612982
51613082
51613181
51613282
51613382
51613481
51613582
51613682
51613782
51613882
51613982
51614082
51614184
51614282
51614382
51614482
51614582
51614682
51614782
51614881
51614982
51615082
51615181
51615282
51615422
51615481
51615582
51615682
51615781
51615882
51615981
51616081
51616187
51616281
51616381
51616482
51616586
51616681
51616782
51616881
51616982
51617082
51617181
51617282
51617382
51617481
51617582
51617681
51617781
51617882
51617981
51618081
51618182
51618281
51618381
51618482
51618581
51618681
51618782
51618881
51618981
51619081
51619181
51619286
51619381
51619481
51619581
51619681
51619781
51619881
51619981
51620081
51620182
51620281
51620381
51620482
51620581
51620681
51620781
51620881
51620981
51621081
51621181
51621281
51621381
51621481
51621585
51621681
51621781
51621881
51621981
51622081
51622181
51622281
51622381
51622480
51622581
51622681
51622780
51622881
51622981
51623080
51623181
51623281
51623380
51623481
51623580
51623681
51623781
51623880
51623981
51624081
51624180
51624281
51624381
51624480
51624581
51624681
51624780
51624881
51624981
51625080
51625181
51625280
51625380
51625481
51625580
51625680
51625781
51625880
51625980
51626081
51626280
51626384
51626480
51626580
51626680
51626780
51626881
51626980
51627080
51627181
51627280
51627380
51627481
51627580
51627680
51627781
51627880
51627980
51628081
51628180
51628280
51628380
51628480
51628580
51628680
51628780
51628880
51628980
51629080
51629180
51629280
51629380
51629480
51629580
51629680
51629780
51629880
51629980
51630080
51630180
51630284
51630380
51630480
51630580
51630680
51630780
51630880
51630980
51631080
51631180
51631280
51631380
51631479
51631585
51631680
51631779
51631880
51631980
51632079
51632180
51632280
51632379
51632480
51632580
51632679
51632780
51632879
51632979
51633080
51633180
51633280
51633380
51633479
51633580
51633680
51633779
51633880
51633980
51634079
51634180
51634279
51634379
51634480
51634579
51634679
51634780
51634879
51634979
51635080
51635179
51635279
51635380
51635479
51635579
51635679
51635779
51635879
51635979
51636079
51636179
51636279
51636379
51636480
51636579
51636679
51636780
51636879
51636979
51637080
51637179
51637279
51637380
51637479
51637579
51637679
51637779
51637879
51637979
51638079
51638179
51638279
51638379
51638479
51638579
51638679
51638779
51638879
51638979
51639078
51639181
51639279
51639378
51639479
51639579
51639678
51639779
51639879
51639979
51640079
51640179
51640279
51640379
51640479
51640579
51640679
51640778
51640879
51640979
51641078
51641179
51641279
51641378
51641479
51641579
51641678
51641779
51641879
51641978
51642079
51642178
51642278
51642379
51642478
51642578
51642679
51642778
51642878
51642979
51643078
51643179
51643279
51643378
51643479
51643579
51643678
51643779
51643878
51643978
51644079
51644181
51644278
51644379
51644478
51644578
51644679
51644778
51644878
51644979
51645078
51645178
51645279
51645378
51645478
51645578
51645678
51645778
51645878
51645978
51646078
51646178
51646278
51646383
51646478
51646578
51646678
51646778
51646878
51646978
51647078
51647178
51647278
51647378
51647478
51647578
51647678
51647778
51647878
51647978
51648078
51648178
51648278
51648377
51648478
51648578
51648677
51648778
51648878
51648977
51649078
51649178
51649281
51649378
51649478
51649577
51649678
51649777
51649878
51649978
51650077
51650179
51650278
51650377
51650478
51650578
51650677
51650778
51650878
51650977
51651078
51651177
51651277
51651378
51651477
51651577
51651678
51651777
51651877
51651978
51652077
51652177
51652278
51652377
51652477
51652578
51652677
51652777
51652878
51652977
51653078
51653177
51653277
51653378
51653477
51653577
51653678
51653777
51653877
51653978
51654077
51654177
51654277
51654377
51654477
51654577
51654677
51654777
51654877
51654977
51655077
51655177
51655277
51655377
51655477
51655577
51655677
51655777
51655877
51655976
51656077
51656177
51656276
51656377
51656477
51656577
51656677
51656777
51656877
51656977
51657077
51657177
51657277
51657376
51657477
51657577
51657676
51657777
51657877
51657976
51658077
51658177
51658276
51658377
51658477
51658576
51658677
51658776
51658876
51658977
51659076
51659176
51659277
51659376
51659476
51659577
51659676
51659777
51659877
51659976
51660077
51660177
51660276
51660377
51660477
51660576
51660677
51660776
51660876
51660977
51661076
51661176
51661277
51661376
51661476
51661577
51661676
51661776
51661876
51661976
51662076
51662176
51662276
51662376
51662476
51662576
51662676
51662776
51662876
51662977
51663076
51663176
51663277
51663377
51663476
51663576
51663676
51663776
51663876
51663976
51664076
51664176
51664276
51664376
51664476
51664576
51664676
51664776
51664876
51664975
51665076
51665176
51665275
51665376
51665476
51665575
51665676
51665776
51665875
51665976
51666076
51666176
51666276
51666376
51666476
51666576
51666675
51666776
51666876
51666975
51667076
51667176
51667275
51667376
51667476
51667575
51667676
51667776
51667875
51667976
51668075
51668175
51668281
51668375
51668475
51668576
51668675
51668775
51668876
51668975
51669075
51669176
51669275
51669376
51669476
51669575
51669676
51669775
51669875
51669976
51670075
51670176
51670276
51670375
51670475
51670576
51670675
51670775
51670876
51670975
51671075
51671175
51671275
51671375
51671475
51671576
51671675
51671775
51671875
51671975
51672075
51672175
51672275
51672375
51672475
51672576
51672675
51672775
51672875
51672975
51673075
51673175
51673275
51673375
51673475
51673575
51673675
51673775
51673875
51673975
51674075
51674175
51674274
51674375
51674475
51674574
51674675
51674775
51674874
51674975
51675075
51675174
51675275
51675375
51675474
51675575
51675674
51675774
51675875
51675974
51676075
51676175
51676274
51676375
51676475
51676574
51676675
51676775
51676874
51676975
51677074
51677174
51677275
51677374
51677474
51677575
51677674
51677774
51677875
51677974
51678074
51678175
51678274
51678374
51678475
51678574
51678674
51678775
51678874
51678978
51679074
51679174
51679275
51679374
51679474
51679575
51679674
51679774
51679875
51679974
51680074
51680174
51680274
51680374
51680474
51680574
51680674
51680774
51680874
51680974
51681074
51681174
51681274
51681374
51681474
51681574
51681674
51681774
51681873
51681974
51682074
51682173
51682274
51682374
51682473
51682574
51682674
51682774
51682874
51682974
51683074
51683174
51683273
51683374
51683474
51683573
51683674
51683774
51683873
51683974
51684074
51684173
51684274
51684374
51684473
51684574
51684674
51684773
51684874
51684973
51685073
51685174
51685273
51685373
51685474
51685573
51685673
51685774
51685873
51685974
51686074
51686173
51686274
51686374
51686473
51686574
51686673
51686773
51686874
51686973
51687073
51687174
51687273
51687373
51687474
51687573
51687673
51687773
51687873
51687973
51688073
51688173
51688273
51688373
51688473
51688573
51688673
51688773
51688873
51688974
51689073
51689174
51689273
51689373
51689473
51689573
51689673
51689773
51689873
51689973
51690073
51690173
51690273
51690373
51690473
51690573
51690673
51690773
51690872
51690973
51691073
51691172
51691273
51691373
51691472
51691573
51691673
51691772
51691873
51691982
51692072
51692173
51692273
51692372
51692473
51692572
51692673
51692773
51692872
51692976
51693073
51693172
51693273
51693373
51693472
51693573
51693673
51693772
51693873
51693973
51694072
51694173
51694272
51694372
51694473
51694572
51694672
51694773
51694872
51694972
51695073
51695172
51695272
51695372
51695472
51695572
51695672
51695772
51695873
51695972
51696072
51696173
51696272
51696372
51696473
51696572
51696672
51696772
51696872
51696972
51697072
51697172
51697272
51697372
51697472
51697572
51697672
51697772
51697872
51697972
51698072
51698172
51698272
51698372
51698471
51698572
51698672
51698771
51698872
51698972
51699072
51699172
51699272
51699372
51699472
51699572
51699672
51699772
51699872
51699972
51700072
51700171
51700272
51700372
51700471
51700572
51700672
51700771
51700872
51700972
51701071
51701172
51701277
51701371
51701472
51701576
51701671
51701772
51701871
51701971
51702072
51702171
51702272
51702372
51702471
51702572
51702672
51702771
51702872
51702971
51703071
51703172
51703271
51703371
51703472
51703571
51703671
51703772
51703871
51703971
51704072
51704171
51704271
51704372
51704471
51704571
51704671
51704771
51704871
51704971
51705071
51705171
51705271
51705371
51705472
51705571
51705671
51705772
51705871
51705971
51706071
51706171
51706271
51706371
51706471
51706571
51706671
51706771
51706871
51706971
51707071
51707171
51707271
51707371
51707470
51707571
51707671
51707770
51707871
51707971
51708070
51708171
51708271
51708370
51708471
51708571
51708670
51708771
51708871
51708971
51709071
51709171
51709271
51709371
51709470
51709571
51709671
51709770
51709871
51709971
51710070
51710171
51710271
51710370
51710471
51710571
51710670
51710771
51710870
51710970
51711071
51711170
51711270
51711371
51711470
51711575
51711671
51711770
51711870
51711971
51712070
51712171
51712270
51712370
51712471
51712570
51712670
51712771
51712870
51712970
51713071
51713170
51713270
51713371
51713470
51713570
51713670
51713770
51713870
51713970
51714070
51714170
51714271
51714370
51714470
51714570
51714670
51714770
51714870
51714970
51715070
51715170
51715274
51715369
51715470
51715570
51715670
51715770
51715870
51715970
51716070
51716170
51716270
51716370
51716470
51716570
51716670
51716770
51716870
51716970
51717069
51717170
51717270
51717369
51717470
51717570
51717669
51717770
51717870
51717969
51718070
51718169
51718269
51718370
51718469
51718569
51718670
51718769
51718870
51718970
51719069
51719170
51719270
51719369
51719470
51719570
51719669
51719770
51719869
51719969
51720070
51720171
51720269
51720370
51720469
51720569
51720670
51720769
51720869
51720970
51721069
51721172
51721269
51721369
51721469
51721574
51721669
51721769
51721869
51721969
51722070
51722169
51722269
51722370
51722469
51722569
51722670
51722769
51722869
51722969
51723069
51723169
51723369
51723469
51723569
51723669
51723769
51723869
51723969
51724069
51724169
51724269
51724371
51724469
51724569
51724668
51724769
51724869
51724968
51725069
51725169
51725276
51725369
51725469
51725569
51725669
51725769
51725869
51725969
51726068
51726169
51726269
51726368
51726469
51726569
51726668
51726769
51726869
51726968
51727069
51727169
51727268
51727369
51727468
51727568
51727669
51727768
51727868
51727969
51728068
51728168
51728269
51728370
51728468
51728569
51728668
51728769
51728869
51728968
51729069
51729168
51729277
51729369
51729468
51729568
51729669
51729768
51729868
51729969
51730068
51730168
51730269
51730368
51730568
51730668
51730768
51730868
51730968
51731068
51731173
51731268
51731368
51731468
51731573
51731668
51731768
51731868
51731969
51732068
51732168
51732268
51732368
51732468
51732568
51732668
51732768
51732868
51732968
51733068
51733168
51733273
51733368
51733468
51733568
51733667
51733768
51733868
51733967
51734068
51734168
51734270
51734368
51734468
51734567
51734668
51734768
51734867
51734968
51735067
51735168
51735268
51735367
51735468
51735568
51735667
51735768
51735868
51735967
51736068
51736168
51736267
51736368
51736467
51736567
51736668
51736767
51736867
51736968
51737067
51737167
51737268
51737367
51737467
51737568
51737667
51737767
51737868
51738067
51738167
51738267
51738368
51738467
51738567
51738668
51738767
51738867
51738968
51739067
51739167
51739268
51739367
51739467
51739568
51739667
51739767
51739867
51739967
51740067
51740167
51740267
51740367
51740467
51740567
51740667
51740767
51740867
51740967
51741067
51741167
51741266
51741370
51741467
51741566
51741667
51741767
51741867
51741967
51742067
51742167
51742267
51742367
51742467
51742567
51742666
51742767
51742867
51742966
51743067
51743266
51743367
51743467
51743566
51743667
51743767
51743866
51743967
51744067
51744166
51744267
51744366
51744466
51744567
51744666
51744766
51744867
51744966
51745067
51745167
51745266
51745367
51745467
51745566
51745667
51745766
51745866
51745967
51746066
51746166
51746267
51746366
51746466
51746571
51746666
51746766
51746867
51746966
51747066
51747167
51747266
51747366
51747466
51747566
51747666
51747766
51747866
51747966
51748066
51748166
51748269
51748366
51748466
51748567
51748666
51748766
51748866
51748966
51749066
51749166
51749266
51749366
51749466
51749566
51749666
51749766
51749866
51749966
51750066
51750166
51750265
51750366
51750466
51750565
51750666
51750766
51750865
51750966
51751066
51751165
51751266
51751366
51751465
51751566
51751666
51751766
51751866
51751965
51752066
51752166
51752265
51752366
51752466
51752565
51752666
51752766
51752865
51752966
51753066
51753165
51753266
51753365
51753465
51753566
51753665
51753765
51753866
51753965
51754065
51754166
51754265
51754365
51754466
51754565
51754665
51754766
51754865
51754966
51755065
51755165
51755266
51755365
51755465
51755566
51755665
51755765
51755866
51755965
51756065
51756166
51756265
51756365
51756465
51756568
51756665
51756765
51756865
51756965
51757065
51757165
51757265
51757365
51757465
51757565
51757665
51757765
51757864
51757965
51758065
51758164
51758265
51758365
51758465
51758565
51758665
51758765
51758865
51758965
51759065
51759165
51759264
51759365
51759465
51759564
51759665
51759765
51759864
51759965
51760065
51760164
51760265
51760365
51760464
51760565
51760665
51760764
51760865
51760964
51761064
51761165
51761264
51761364
51761465
51761564
51761665
51761765
51761864
51761965
51762065
51762164
51762265
51762365
51762464
51762565
51762665
51762764
51762865
51762964
51763064
51763165
51763264
51763364
51763465
51763564
51763664
51763765
51763864
51763964
51764064
51764164
51764264
51764364
51764464
51764564
51764664
51764764
51764865
51764964
51765064
51765165
51765264
51765364
51765465
51765564
51765664
51765764
51765864
51765964
51766064
51766166
51766264
51766364
51766464
51766564
51766664
51766764
51766864
51766964
51767064
51767163
51767264
51767364
51767463
51767564
51767664
51767763
51767864
51767964
51768064
51768164
51768264
51768364
51768464
51768564
51768664
51768764
51768863
51768964
51769064
51769163
51769268
51769364
51769463
51769564
51769664
51769763
51769864
51769964
51770063
51770164
51770264
51770363
51770464
51770563
51770663
51770764
51770863
51770963
51771064
51771163
51771264
51771372
51771463
51771564
51771664
51771763
51771864
51771963
51772063
51772164
51772263
51772363
51772464
51772563
51772663
51772764
51772863
51772963
51773064
51773163
51773263
51773363
51773463
51773563
51773663
51773763
51773863
51773963
51774063
51774167
51774263
51774363
51774464
51774563
51774663
51774763
51774863
51774963
51775063
51775163
51775263
51775363
51775463
51775563
51775663
51775763
51775863
51775963
51776063
51776162
51776263
51776363
51776462
51776563
51776663
51776762
51776863
51776963
51777062
51777163
51777263
51777362
51777463
51777563
51777662
51777763
51777863
51777963
51778063
51778162
51778263
51778363
51778462
51778563
51778663
51778762
51778863
51778963
51779062
51779163
51779263
51779373
51779463
51779662
51779763
51779862
51779962
51780063
51780162
51780262
51780363
51780462
51780562
51780663
51780762
51780862
51780962
51781062
51781163
51781262
51781362
51781463
51781563
51781662
51781763
51781862
51781962
51782063
51782162
51782264
51782362
51782462
51782562
51782662
51782762
51782862
51782962
51783062
51783162
51783262
51783362
51783462
51783562
51783662
51783762
51783862
51783962
51784061
51784162
51784262
51784361
51784462
51784562
51784662
51784762
51784862
51784962
51785062
51785162
51785262
51785362
51785462
51785562
51785662
51785862
51785962
51786061
51786162
51786268
51786361
51786462
51786562
51786661
51786762
51786861
51786961
51787062
51787161
51787261
51787362
51787461
51787561
51787662
51787761
51787862
51787962
51788061
51788162
51788261
51788361
51788462
51788562
51788661
51788762
51788861
51788961
51789062
51789161
51789261
51789362
51789461
51789561
51789662
51789761
51789861
51789961
51790061
51790261
51790361
51790461
51790561
51790661
51790761
51790861
51790961
51791062
51791161
51791261
51791366
51791461
51791561
51791661
51791761
51791861
51791961
51792061
51792161
51792261
51792361
51792461
51792561
51792761
51792861
51792961
51793061
51793161
51793261
51793360
51793461
51793561
51793660
51793761
51793861
51793960
51794061
51794161
51794260
51794361
51794461
51794561
51794661
51794760
51794861
51794961
51795060
51795161
51795261
51795360
51795461
51795561
51795660
51795761
51795861
51795960
51796061
51796161
51796260
51796361
51796460
51796560
51796661
51796760
51796860
51796961
51797060
51797160
51797261
51797362
51797460
51797561
51797660
51797761
51797860
51797960
51798061
51798161
51798260
51798361
51798460
51798560
51798661
51798760
51798860
51798961
51799060
51799160
51799332
51799360
51799460
51799560
51799660
51799760
51799860
51799960
51800060
51800160
51800260
51800360
51800460
51800560
51800660
51800860
51800960
51801060
51801160
51801260
51801360
51801460
51801560
51801660
51801760
51801860
51801960
51802059
51802160
51802260
51802359
51802460
51802560
51802659
51802760
51802860
51802959
51803060
51803160
51803259
51803364
51803460
51803559
51803660
51803759
51803859
51803960
51804059
51804160
51804260
51804359
51804460
51804560
51804659
51804760
51804860
51804959
51805060
51805159
51805259
51805360
51805459
51805559
51805660
51805759
51805859
51805960
51806059
51806159
51806260
51806359
51806459
51806560
51806659
51806759
51806859
51806959
51807059
51807159
51807259
51807360
51807459
51807559
51807660
51807759
51807859
51807960
51808059
51808159
51808264
51808359
51808459
51808559
51808659
51808759
51808859
51808959
51809059
51809159
51809259
51809359
51809459
51809559
51809659
51809759
51809859
51809958
51810059
51810159
51810258
51810359
51810459
51810558
51810659
51810759
51810859
51810959
51811059
51811159
51811259
51811358
51811459
51811559
51811658
51811759
51811859
51811958
51812059
51812162
51812258
51812359
51812459
51812558
51812659
51812759
51812858
51812959
51813058
51813158
51813259
51813358
51813458
51813559
51813658
51813758
51813859
51813958
51814059
51814159
51814258
51814359
51814458
51814558
51814659
51814758
51814858
51814959
51815058
51815158
51815259
51815358
51815458
51815559
51815658
51815758
51815859
51815958
51816058
51816158
51816278
51816358
51816458
51816558
51816658
51816758
51816858
51816958
51817058
51817158
51817257
51817358
51817458
51817558
51817658
51817758
51817858
51817958
51818058
51818158
51818261
51818358
51818458
51818558
51818658
51818758
51818858
51818957
51819058
51819158
51819257
51819358
51819458
51819557
51819658
51819758
51819857
51819958
51820058
51820157
51820258
51820363
51820457
51820558
51820657
51820758
51820858
51820957
51821058
51821158
51821257
51821358
51821458
51821557
51821658
51821758
51821857
51821958
51822057
51822157
51822258
51822357
51822457
51822558
51822657
51822757
51822858
51822957
51823057
51823158
51823257
51823357
51823458
51823557
51823657
51823757
51823857
51823958
51824057
51824157
51824258
51824357
51824457
51824558
51824657
51824757
51824858
51824957
51825057
51825157
51825257
51825357
51825457
51825557
51825657
51825757
51825857
51825957
51826057
51826157
51826257
51826357
51826457
51826558
51826657
51826757
51826856
51826957
51827057
51827156
51827257
51827357
51827457
51827557
51827657
51827757
51827857
51827956
51828057
51828157
51828256
51828357
51828457
51828556
51828657
51828757
51828856
51828957
51829057
51829156
51829257
51829369
51829456
51829557
51829656
51829756
51829857
51829956
51830056
51830157
51830256
51830356
51830457
51830556
51830657
51830757
51830856
51830957
51831057
51831156
51831257
51831356
51831557
51831656
51831756
51831857
51831956
51832056
51832157
51832256
51832356
51832457
51832556
51832656
51832756
51832856
51832956
51833056
51833164
51833256
51833356
51833456
51833556
51833656
51833756
51833857
51833956
51834056
51834156
51834256
51834360
51834456
51834556
51834656
51834756
51834856
51834956
51835056
51835156
51835256
51835356
51835456
51835556
51835656
51835756
51835855
51835956
51836056
51836155
51836256
51836356
51836455
51836556
51836656
51836755
51836856
51836956
51837056
51837156
51837255
51837361
51837456
51837555
51837656
51837756
51837855
51837956
51838056
51838155
51838256
51838356
51838455
51838556
51838656
51838755
51838856
51838955
51839055
51839156
51839255
51839357
51839456
51839555
51839655
51839756
51839855
51839955
51840056
51840155
51840256
51840355
51840455
51840556
51840655
51840755
51840856
51840955
51841055
51841156
51841255
51841355
51841461
51841555
51841655
51841755
51841855
51841955
51842055
51842155
51842255
51842359
51842455
51842555
51842655
51842755
51842855
51842955
51843055
51843155
51843255
51843355
51843454
51843555
51843655
51843755
51843855
51843955
51844055
51844155
51844255
51844355
51844455
51844555
51844655
51844755
51844854
51844955
51845055
51845154
51845255
51845355
51845454
51845555
51845655
51845754
51845855
51845955
51846054
51846155
51846255
51846354
51846455
51846554
51846654
51846755
51846854
51846955
51847055
51847154
51847255
51847355
51847454
51847555
51847655
51847754
51847855
51847954
51848054
51848155
51848254
51848354
51848455
51848554
51848654
51848755
51848854
51848954
51849055
51849155
51849254
51849354
51849454
51849554
51849654
51849754
51849854
51849954
51850054
51850155
51850254
51850354
51850455
51850554
51850654
51850755
51850854
51850954
51851054
51851154
51851254
51851355
51851454
51851554
51851654
51851754
51851854
51851954
51852054
51852254
51852354
51852453
51852554
51852654
51852753
51852854
51852954
51853053
51853154
51853257
51853353
51853454
51853554
51853654
51853754
51853854
51853954
51854054
51854153
51854254
51854354
51854453
51854554
51854654
51854753
51854854
51854954
51855053
51855154
51855254
51855353
51855454
51855553
51855653
51855754
51855853
51855953
51856054
51856153
51856253
51856355
51856453
51856553
51856654
51856753
51856854
51856954
51857053
51857154
51857253
51857353
51857454
51857553
51857653
51857754
51857853
51857953
51858054
51858153
51858253
51858354
51858453
51858553
51858653
51858753
51858853
51858953
51859053
51859153
51859253
51859353
51859453
51859553
51859653
51859753
51859853
51859953
51860052
51860153
51860253
51860353
51860453
51860553
51860653
51860753
51860853
51860953
51861053
51861153
51861253
51861353
51861453
51861553
51861653
51861752
51861853
51861953
51862052
51862153
51862253
51862352
51862453
51862553
51862652
51862753
51862853
51862952
51863053
51863152
51863252
51863353
51863452
51863553
51863653
51863752
51863853
51863953
51864052
51864153
51864253
51864352
51864453
51864553
51864652
51864753
51864852
51864952
51865053
51865152
51865252
51865353
51865452
51865552
51865653
51865752
51865852
51865953
51866052
51866152
51866252
51866352
51866452
51866552
51866652
51866753
51866852
51866952
51867053
51867152
51867257
51867353
51867452
51867552
51867652
51867752
51867852
51867952
51868052
51868152
51868252
51868352
51868452
51868552
51868652
51868752
51868852
51868952
51869052
51869152
51869252
51869352
51869452
51869552
51869651
51869752
51869852
51869952
51870052
51870152
51870252
51870352
51870452
51870552
51870652
51870751
51870852
51870952
51871051
51871152
51871252
51871356
51871452
51871552
51871651
51871752
51871852
51871951
51872052
51872151
51872257
51872352
51872451
51872551
51872652
51872751
51872851
51872952
51873051
51873152
51873252
51873351
51873452
51873552
51873651
51873752
51873851
51873951
51874052
51874151
51874251
51874352
51874451
51874551
51874652
51874751
51874851
51874952
51875051
51875151
51875251
51875351
51875451
51875551
51875651
51875751
51875851
51875951
51876051
51876151
51876251
51876352
51876451
51876551
51876652
51876751
51876851
51876951
51877051
51877151
51877251
51877351
51877451
51877551
51877651
51877751
51877851
51877951
51878051
51878151
51878251
51878350
51878451
51878551
51878650
51878751
51878851
51878950
51879051
51879151
51879250
51879351
51879451
51879550
51879651
51879751
51879851
51879951
51880050
51880151
51880251
51880350
51880451
51880551
51880650
51880751
51880851
51880950
51881051
51881151
51881253
51881351
51881450
51881551
51881651
51881750
51881850
51881951
51882050
51882150
51882254
51882350
51882450
51882551
51882650
51882750
51882850
51882950
51883051
51883150
51883250
51883351
51883450
51883550
51883651
51883750
51883850
51883951
51884050
51884150
51884257
51884350
51884450
51884551
51884650
51884750
51884850
51884950
51885050
51885150
51885250
51885350
51885450
51885550
51885650
51885750
51885850
51885949
51886050
51886150
51886249
51886350
51886450
51886550
51886650
51886750
51886850
51886950
51887050
51887150
51887254
51887349
51887450
51887550
51887649
51887750
51887850
51887949
51888050
51888150
51888249
51888350
51888450
51888549
51888650
51888750
51888849
51888950
51889049
51889149
51889250
51889349
51889449
51889550
51889649
51889750
51889949
51890050
51890150
51890249
51890350
51890449
51890549
51890650
51890749
51890849
51890950
51891049
51891150
51891250
51891349
51891449
51891550
51891649
51891749
51891850
51891949
51892049
51892150
51892249
51892349
51892449
51892549
51892649
51892749
51892849
51892950
51893049
51893149
51893250
51893349
51893449
51893550
51893649
51893749
51893849
51893949
51894049
51894149
51894249
51894349
51894449
51894549
51894649
51894749
51894849
51894949
51895049
51895149
51895248
51895349
51895449
51895548
51895649
51895749
51895848
51895949
51896148
51896249
51896353
51896449
51896549
51896648
51896749
51896849
51896948
51897049
51897149
51897248
51897349
51897449
51897548
51897649
51897749
51897848
51897949
51898049
51898148
51898249
51898348
51898448
51898549
51898648
51898748
51898849
51898948
51899048
51899149
51899248
51899348
51899449
51899548
51899649
51899748
51899848
51899949
51900048
51900148
51900249
51900348
51900448
51900549
51900648
51900748
51900849
51900948
51901048
51901148
51901248
51901348
51901448
51901550
51901648
51901748
51901848
51901948
51902048
51902148
51902248
51902348
51902448
51902548
51902648
51902748
51902848
51902948
51903048
51903148
51903252
51903348
51903448
51903548
51903648
51903748
51903848
51903948
51904048
51904148
51904247
51904348
51904448
51904547
51904648
51904748
51904847
51904948
51905048
51905147
51905248
51905348
51905447
51905548
51905648
51905747
51905848
51905947
51906048
51906148
51906247
51906351
51906448
51906547
51906648
51906748
51906847
51906948
51907048
51907147
51907248
51907348
51907447
51907548
51907647
51907747
51907848
51907947
51908047
51908148
51908247
51908347
51908448
51908647
51908747
51908847
51908947
51909047
51909147
51909253
51909347
51909447
51909548
51909647
51909747
51909848
51909947
51910047
51910148
51910247
51910347
51910447
51910547
51910647
51910747
51910847
51910947
51911047
51911152
51911247
51911347
51911447
51911547
51911647
51911747
51911846
51911947
51912146
51912247
51912347
51912446
51912547
51912647
51912747
51912847
51912947
51913047
51913147
51913246
51913350
51913447
51913546
51913647
51913747
51913846
51913947
51914047
51914146
51914252
51914347
51914446
51914547
51914746
51914847
51914947
51915046
51915147
51915246
51915346
51915447
51915546
51915646
51915747
51915846
51915947
51916047
51916146
51916247
51916346
51916446
51916547
51916646
51916746
51916847
51916946
51917046
51917147
51917246
51917346
51917447
51917546
51917646
51917747
51917846
51917946
51918047
51918156
51918246
51918346
51918446
51918546
51918646
51918746
51918846
51918946
51919046
51919147
51919246
51919346
51919446
51919546
51919646
51919746
51919846
51919946
51920046
51920146
51920246
51920346
51920446
51920546
51920646
51920746
51920845
51920946
51921046
51921145
51921246
51921346
51921445
51921546
51921646
51921745
51921846
51921946
51922045
51922146
51922246
51922345
51922446
51922546
51922646
51922746
51922845
51922946
51923046
51923145
51923246
51923346
51923445
51923546
51923646
51923745
51923846
51923945
51924045
51924146
51924245
51924345
51924446
51924545
51924645
51924746
51924845
51924945
51925046
51925145
51925245
51925346
51925445
51925545
51925645
51925745
51925846
51925945
51926045
51926146
51926245
51926345
51926446
51926545
51926645
51926746
51926845
51926945
51927045
51927145
51927267
51927345
51927445
51927545
51927645
51927745
51927845
51927945
51928045
51928145
51928245
51928345
51928444
51928545
51928645
51928744
51928845
51928945
51929044
51929146
51929245
51929345
51929445
51929545
51929645
51929745
51929845
51929945
51930045
51930145
51930245
51930345
51930444
51930545
51930645
51930744
51930845
51930945
51931044
51931145
51931245
51931348
51931445
51931545
51931644
51931745
51931844
51931944
51932045
51932144
51932244
51932345
51932444
51932545
51932645
51932744
51932845
51932945
51933044
51933145
51933244
51933344
51933445
51933544
51933644
51933745
51933844
51933944
51934045
51934144
51934244
51934345
51934444
51934544
51934644
51934744
51934844
51934944
51935044
51935144
51935244
51935344
51935444
51935544
51935644
51935745
51935844
51935944
51936045
51936144
51936244
51936344
51936444
51936544
51936644
51936744
51936844
51936944
51937044
51937144
51937244
51937344
51937444
51937544
51937644
51937744
51937844
51937944
51938043
51938144
51938244
51938343
51938444
51938544
51938643
51938744
51938844
51938944
51939044
51939143
51939244
51939344
51939443
51939544
51939644
51939743
51939844
51939944
51940043
51940144
51940244
51940346
51940444
51940544
51940643
51940744
51940844
51940943
51941044
51941143
51941243
51941344
51941443
51941543
51941644
51941743
51941843
51941944
51942043
51942144
51942244
51942343
51942444
51942543
51942643
51942744
51942843
51942943
51943044
51943143
51943243
51943344
51943443
51943543
51943644
51943743
51943843
51943943
51944043
51944143
51944243
51944343
51944443
51944543
51944643
51944743
51944843
51944943
51945043
51945143
51945244
51945344
51945443
51945643
51945743
51945843
51945943
51946043
51946143
51946243
51946343
51946443
51946547
51946643
51946742
51946843
51946943
51947042
51947143
51947243
51947342
51947443
51947543
51947642
51947743
51947843
51947942
51948043
51948143
51948242
51948343
51948442
51948542
51948643
51948742
51948843
51948943
51949042
51949143
51949243
51949342
51949443
51949543
51949642
51949743
51949842
51949942
51950043
51950142
51950242
51950343
51950442
51950542
51950643
51950742
51950842
51950943
51951042
51951142
51951243
51951342
51951442
51951542
51951642
51951742
51951842
51951942
51952043
51952142
51952242
51952343
51952442
51952542
51952643
51952742
51952842
51952943
51953042
51953142
51953242
51953342
51953442
51953542
51953642
51953742
51953842
51953942
51954042
51954142
51954242
51954341
51954442
51954542
51954641
51954742
51954842
51954941
51955042
51955142
51955241
51955342
51955442
51955542
51955642
51955742
51955842
51955942
51956041
51956142
51956242
51956341
51956442
51956551
51956641
51956742
51956842
51956941
51957042
51957142
51957241
51957342
51957441
51957541
51957642
51957741
51957841
51957942
51958041
51958141
51958242
51958341
51958441
51958542
51958641
51958742
51958842
51958941
51959042
51959141
51959241
51959342
51959441
51959541
51959642
51959741
51959841
51959942
51960041
51960141
51960242
51960341
51960441
51960542
51960641
51960741
51960841
51960941
51961041
51961141
51961241
51961341
51961441
51961541
51961641
51961741
51961841
51961942
51962041
51962141
51962241
51962341
51962441
51962541
51962641
51962741
51962841
51962941
51963041
51963141
51963241
51963341
51963441
51963541
51963640
51963741
51963841
51963940
51964041
51964141
51964240
51964341
51964441
51964540
51964641
51964741
51964840
51964941
51965040
51965140
51965241
51965340
51965441
51965541
51965640
51965741
51965841
51965940
51966041
51966141
51966240
51966341
51966441
51966540
51966641
51966740
51966840
51966941
51967040
51967140
51967241
51967340
51967440
51967541
51967640
51967740
51967841
51967940
51968040
51968145
51968240
51968340
51968440
51968540
51968641
51968740
51968840
51968941
51969040
51969140
51969246
51969340
51969440
51969541
51969640
51969740
51969840
51969940
51970040
51970140
51970240
51970340
51970440
51970540
51970640
51970740
51970840
51970940
51971040
51971140
51971239
51971340
51971440
51971539
51971640
51971740
51971840
51971940
51972040
51972140
51972243
51972340
51972440
51972540
51972639
51972740
51972840
51972939
51973040
51973140
51973239
51973340
51973440
51973539
51973640
51973740
51973839
51973940
51974040
51974139
51974240
51974339
51974439
51974540
51974639
51974739
51974840
51974939
51975040
51975140
51975239
51975340
51975440
51975539
51975640
51975740
51975839
51975940
51976039
51976139
51976240
51976339
51976439
51976540
51976639
51976739
51976840
51976939
51977039
51977140
51977239
51977340
51977439
51977539
51977639
51977739
51977839
51977939
51978039
51978143
51978240
51978339
51978439
51978540
51978639
51978739
51978839
51978939
51979039
51979139
51979239
51979339
51979439
51979539
51979639
51979739
51979839
51979939
51980039
51980139
51980242
51980339
51980439
51980538
51980639
51980739
51980838
51980939
51981039
51981138
51981239
51981339
51981438
51981539
51981639
51981739
51981839
51981938
51982039
51982139
51982238
51982339
51982439
51982538
51982639
51982739
51982838
51982939
51983039
51983138
51983239
51983339
51983438
51983539
51983638
51983738
51983839
51983938
51984038
51984139
51984238
51984338
51984439
51984538
51984638
51984739
51984838
51984939
51985038
51985138
51985239
51985338
51985438
51985539
51985638
51985738
51985839
51985938
51986038
51986139
51986238
51986343
51986438
51986538
51986638
51986738
51986838
51986938
51987038
51987138
51987238
51987338
51987438
51987538
51987638
51987738
51987838
51987938
51988038
51988137
51988238
51988338
51988438
51988538
51988638
51988738
51988838
51988938
51989038
51989138
51989238
51989338
51989438
51989537
51989638
51989738
51989837
51989938
51990038
51990137
51990238
51990338
51990437
51990538
51990638
51990737
51990838
51990938
51991037
51991138
51991241
51991337
51991438
51991539
51991638
51991738
51991837
51991938
51992038
51992139
51992238
51992338
51992437
51992538
51992637
51992737
51992838
51992937
51993037
51993139
51993237
51993337
51993438
51993537
51993637
51993738
51993837
51993937
51994037
51994137
51994237
51994337
51994437
51994537
51994637
51994737
51994838
51994937
51995037
51995138
51995237
51995337
51995437
51995537
51995637
51995737
51995837
51995937
51996037
51996137
51996237
51996339
51996437
51996537
51996637
51996737
51996837
51996937
51997037
51997136
51997237
51997337
51997436
51997537
51997637
51997736
51997837
51997937
51998036
51998137
51998237
51998337
51998437
51998537
51998637
51998737
51998836
51998937
51999037
51999136
51999237
51999337
51999436
51999537
51999637
51999736
51999837
51999936
52000036
52000137
52000236
52000338
52000437
52000536
52000636
52000737
52000836
52000936
52001037
52001136
52001236
52001337
52001436
52001537
52001636
52001736
52001837
52001936
52002036
52002137
52002236
52002341
52002437
52002536
52002636
52002737
52002836
52002936
52003037
52003136
52003236
52003336
52003436
52003536
52003636
52003736
52003836
52003936
52004036
52004136
52004236
52004336
52004436
52004536
52004636
52004736
52004836
52004936
52005036
52005136
52005236
52005336
52005436
52005536
52005636
52005736
52005836
52005936
52006036
52006136
52006241
52006336
52006435
52006539
52006636
52006735
52006836
52006936
52007035
52007136
52007236
52007335
52007436
52007536
52007635
52007736
52007835
52007936
52008036
52008135
52008236
52008336
52008435
52008536
52008636
52008735
52008836
52008936
52009035
52009136
52009236
52009335
52009436
52009535
52009635
52009736
52009835
52009935
52010036
52010135
52010235
52010336
52010535
52010636
52010735
52010835
52010935
52011035
52011136
52011235
52011335
52011436
52011535
52011635
52011736
52011835
52011935
52012036
52012135
52012235
52012341
52012435
52012535
52012635
52012735
52012835
52012935
52013035
52013135
52013235
52013335
52013435
52013535
52013635
52013735
52013835
52013935
52014034
52014136
52014235
52014334
52014435
52014535
52014635
52014735
52014835
52014935
52015035
52015135
52015235
52015335
52015434
52015535
52015635
52015734
52015835
52015935
52016034
52016135
52016235
52016334
52016435
52016535
52016634
52016735
52016835
52016934
52017035
52017134
52017234
52017335
52017434
52017534
52017635
52017734
52017835
52017935
52018034
52018135
52018235
52018334
52018435
52018535
52018634
52018735
52018834
52018934
52019035
52019134
52019234
52019434
52019534
52019635
52019734
52019834
52019934
52020034
52020134
52020234
52020334
52020434
52020534
52020634
52020734
52020834
52020934
52021035
52021134
52021234
52021335
52021434
52021534
52021634
52021734
52021834
52021934
52022034
52022134
52022234
52022334
52022434
52022534
52022634
52022734
52022834
52022934
52023033
52023134
52023234
52023339
52023434
52023534
52023633
52023734
52023834
52023933
52024034
52024134
52024233
52024334
52024433
52024534
52024634
52024733
52024834
52024934
52025033
52025134
52025234
52025333
52025434
52025534
52025633
52025734
52025834
52025933
52026034
52026133
52026233
52026334
52026433
52026533
52026634
52026733
52026833
52026934
52027033
52027133
52027234
52027333
52027433
52027533
52027633
52027734
52027833
52027933
52028034
52028133
52028233
52028334
52028433
52028533
52028634
52028733
52028833
52028934
52029033
52029133
52029233
52029333
52029433
52029533
52029633
52029733
52029833
52029933
52030033
52030133
52030233
52030333
52030433
52030533
52030632
52030733
52030833
52030932
52031033
52031133
52031233
52031333
52031433
52031533
52031633
52031733
52031833
52031933
52032033
52032133
52032233
52032332
52032433
52032533
52032632
52032733
52032833
52032932
52033033
52033133
52033232
52033333
52033433
52033532
52033633
52033732
52033832
52033933
52034032
52034132
52034233
52034332
52034433
52034533
52034632
52034733
52034833
52034932
52035033
52035132
52035232
52035333
52035432
52035532
52035633
52035732
52035832
52035933
52036032
52036132
52036234
52036332
52036432
52036533
52036632
52036732
52036832
52036932
52037032
52037132
52037232
52037332
52037432
52037532
52037633
52037732
52037832
52037933
52038032
52038132
52038232
52038332
52038432
52038532
52038632
52038732
52038832
52038932
52039032
52039132
52039232
52039332
52039432
52039532
52039632
52039732
52039832
52039931
52040032
52040132
52040231
52040332
52040432
52040531
52040632
52040732
52040832
52040932
52041032
52041132
52041232
52041331
52041432
52041532
52041631
52041732
52041832
52041931
52042032
52042132
52042231
52042332
52042432
52042531
52042632
52042731
52042831
52042932
52043031
52043131
52043232
52043331
52043431
52043532
52043631
52043731
52043832
52043931
52044032
52044132
52044231
52044341
52044431
52044531
52044632
52044731
52044831
52044932
52045031
52045131
52045232
52045332
52045431
52045532
52045631
52045731
52045831
52045931
52046031
52046131
52046231
52046333
52046431
52046531
52046651
52046731
52046831
52046931
52047031
52047131
52047230
52047331
52047431
52047531
52047631
52047731
52047831
52047931
52048031
52048131
52048231
52048331
52048431
52048531
52048631
52048731
52048831
52048930
52049031
52049131
52049230
52049333
52049431
52049530
52049631
52049731
52049830
52049931
52050031
52050136
52050231
52050330
52050430
52050531
52050630
52050731
52050831
52050930
52051031
52051131
52051230
52051331
52051431
52051530
52051631
52051731
52051830
52051931
52052030
52052130
52052231
52052330
52052430
52052531
52052630
52052730
52052831
52052930
52053030
52053131
52053239
52053330
52053430
52053530
52053630
52053730
52053830
52053931
52054030
52054130
52054231
52054336
52054430
52054531
52054630
52054730
52054831
52054930
52055030
52055130
52055230
52055332
52055430
52055530
52055630
52055730
52055830
52055930
52056030
52056130
52056230
52056330
52056430
52056529
52056634
52056730
52056829
52056930
52057030
52057129
52057232
52057330
52057430
52057530
52057630
52057730
52057830
52057929
52058030
52058130
52058229
52058330
52058430
52058529
52058630
52058730
52058829
52058930
52059030
52059129
52059230
52059330
52059429
52059530
52059629
52059729
52059830
52059929
52060029
52060130
52060229
52060329
52060430
52060529
52060630
52060730
52060829
52060930
52061029
52061129
52061230
52061329
52061429
52061530
52061629
52061729
52061830
52061929
52062029
52062130
52062229
52062336
52062430
52062529
52062629
52062729
52062829
52062929
52063029
52063129
52063229
52063329
52063429
52063529
52063629
52063729
52063830
52063929
52064029
52064129
52064229
52064329
52064429
52064529
52064629
52064729
52064829
52064929
52065029
52065129
52065229
52065329
52065429
52065529
52065629
52065729
52065828
52065929
52066029
52066128
52066229
52066329
52066428
52066529
52066629
52066728
52066829
52066929
52067028
52067129
52067228
52067329
52067429
52067528
52067629
52067729
52067828
52067929
52068029
52068128
52068229
52068329
52068428
52068529
52068628
52068728
52068829
52068928
52069028
52069129
52069228
52069328
52069429
52069528
52069628
52069729
52069828
52069928
52070029
52070128
52070228
52070328
52070428
52070529
52070628
52070728
52070829
52070928
52071028
52071129
52071228
52071328
52071429
52071528
52071628
52071728
52071828
52071928
52072028
52072128
52072228
52072328
52072428
52072528
52072628
52072728
52072828
52072928
52073028
52073127
52073228
52073328
52073427
52073528
52073628
52073728
52073828
52073928
52074028
52074128
52074228
52074328
52074428
52074528
52074628
52074728
52074827
52074928
52075028
52075127
52075228
52075328
52075427
52075528
52075628
52075727
52075828
52075928
52076027
52076128
52076227
52076327
52076428
52076527
52076627
52076728
52076827
52076928
52077028
52077127
52077228
52077328
52077427
52077528
52077628
52077727
52077828
52077927
52078027
52078128
52078227
52078327
52078428
52078527
52078627
52078728
52078827
52078927
52079028
52079127
52079227
52079327
52079427
52079527
52079727
52079827
52079927
52080027
52080128
52080227
52080327
52080428
52080527
52080627
52080727
52080827
52080927
52081027
52081127
52081227
52081327
52081427
52081527
52081627
52081727
52081827
52081927
52082027
52082127
52082228
52082327
52082426
52082527
52082627
52082726
52082827
52082927
52083026
52083127
52083227
52083326
52083427
52083527
52083627
52083727
52083827
52083927
52084027
52084126
52084233
52084327
52084426
52084527
52084627
52084726
52084827
52084927
52085026
52085127
52085227
52085326
52085427
52085526
52085626
52085727
52085826
52085926
52086027
52086126
52086231
52086327
52086426
52086526
52086627
52086726
52086827
52086926
52087026
52087127
52087226
52087328
52087427
52087526
52087626
52087727
52087826
52087926
52088027
52088126
52088226
52088326
52088426
52088526
52088626
52088726
52088826
52088926
52089026
52089126
52089226
52089326
52089426
52089526
52089626
52089726
52089826
52089926
52090025
52090126
52090226
52090326
52090426
52090526
52090626
52090726
52090826
52090926
52091026
52091126
52091226
52091326
52091425
52091526
52091626
52091725
52091826
52091926
52092025
52092126
52092226
52092325
52092426
52092526
52092625
52092726
52092826
52092925
52093026
52093125
52093225
52093326
52093425
52093526
52093626
52093725
52093826
52093926
52094025
52094126
52094226
52094326
52094426
52094525
52094625
52094726
52094825
52094925
52095026
52095125
52095225
52095328
52095425
52095525
52095626
52095725
52095825
52095926
52096025
52096125
52096225
52096325
52096427
52096525
52096625
52096726
52096825
52096925
52097026
52097125
52097225
52097326
52097425
52097525
52097625
52097725
52097825
52097925
52098025
52098125
52098225
52098325
52098425
52098525
52098625
52098725
52098825
52098925
52099024
52099125
52099228
52099324
52099425
52099525
52099624
52099725
52099825
52099924
52100025
52100125
52100228
52100325
52100425
52100525
52100625
52100724
52100825
52100925
52101024
52101125
52101225
52101324
52101425
52101525
52101624
52101725
52101825
52101924
52102025
52102124
52102224
52102325
52102424
52102524
52102625
52102724
52102824
52102925
52103024
52103124
52103225
52103324
52103425
52103525
52103624
52103725
52103824
52103924
52104025
52104124
52104224
52104325
52104424
52104524
52104625
52104724
52104824
52104925
52105024
52105124
52105224
52105324
52105424
52105524
52105624
52105724
52105824
52105924
52106024
52106124
52106224
52106324
52106424
52106524
52106624
52106724
52106824
52106924
52107024
52107124
52107224
52107324
52107424
52107524
52107624
52107724
52107824
52107924
52108024
52108124
52108224
52108323
52108424
52108524
52108623
52108724
52108824
52108923
52109024
52109124
52109223
52109324
52109424
52109523
52109624
52109723
52109824
52109924
52110023
52110124
52110224
52110323
52110424
52110524
52110623
52110724
52110824
52110923
52111024
52111123
52111223
52111324
52111423
52111528
52111624
52111723
52111823
52111924
52112023
52112123
52112224
52112323
52112423
52112524
52112623
52112723
52112824
52112923
52113024
52113123
52113223
52113324
52113423
52113523
52113624
52113723
52113823
52113924
52114023
52114123
52114224
52114323
52114423
52114523
52114623
52114723
52114823
52114923
52115023
52115123
52115223
52115323
52115423
52115523
52115623
52115723
52115823
52115922
52116023
52116123
52116222
52116323
52116423
52116523
52116623
52116723
52116823
52116923
52117023
52117123
52117223
52117322
52117423
52117523
52117622
52117723
52117823
52117922
52118023
52118123
52118222
52118323
52118423
52118522
52118623
52118722
52118822
52118923
52119022
52119122
52119223
52119322
52119422
52119523
52119622
52119723
52119823
52119922
52120023
52120123
52120222
52120323
52120422
52120522
52120623
52120722
52120822
52120923
52121022
52121122
52121228
52121322
52121422
52121524
52121622
52121722
52121822
52121922
52122022
52122122
52122222
52122322
52122422
52122522
52122622
52122722
52122822
52122923
52123022
52123125
52123223
52123322
52123422
52123522
52123622
52123722
52123822
52123922
52124022
52124122
52124222
52124322
52124422
52124522
52124622
52124722
52124822
52124922
52125022
52125122
52125221
52125322
52125422
52125521
52125622
52125722
52125821
52125922
52126022
52126121
52126222
52126321
52126422
52126522
52126621
52126722
52126822
52126921
52127022
52127122
52127221
52127322
52127422
52127521
52127622
52127722
52127821
52127922
52128021
52128121
52128222
52128321
52128421
52128522
52128621
52128721
52128822
52128921
52129021
52129122
52129221
52129321
52129421
52129521
52129622
52129721
52129821
52129922
52130021
52130121
52130222
52130321
52130421
52130522
52130621
52130721
52130822
52130921
52131021
52131121
52131221
52131321
52131421
52131521
52131621
52131721
52131821
52131921
52132021
52132121
52132221
52132321
52132421
52132521
52132621
52132721
52132820
52132921
52133021
52133121
52133221
52133321
52133421
52133521
52133621
52133721
52133821
52133920
52134021
52134121
52134220
52134321
52134421
52134520
52134621
52134721
52134820
52134921
52135021
52135120
52135221
52135321
52135420
52135521
52135621
52135720
52135821
52135920
52136020
52136121
52136220
52136321
52136421
52136520
52136621
52136721
52136820
52136921
52137020
52137120
52137221
52137320
52137420
52137521
52137620
52137720
52137821
52137920
52138020
52138121
52138220
52138320
52138421
52138520
52138620
52138720
52138820
52138920
52139020
52139120
52139220
52139320
52139420
52139521
52139620
52139720
52139821
52139920
52140020
52140120
52140220
52140325
52140420
52140520
52140620
52140720
52140820
52140920
52141020
52141120
52141220
52141320
52141420
52141520
52141620
52141720
52141819
52141920
52142020
52142119
52142220
52142320
52142419
52142520
52142620
52142720
52142820
52142920
52143020
52143120
52143220
52143320
52143420
52143519
52143620
52143720
52143819
52143920
52144020
52144119
52144220
52144320
52144419
52144520
52144620
52144719
52144820
52144919
52145019
52145120
52145219
52145319
52145420
52145519
52145619
52145720
52145819
52145920
52146019
52146119
52146220
52146319
52146419
52146520
52146619
52146719
52146820
52146919
52147019
52147120
52147219
52147319
52147420
52147519
52147619
52147719
52147819
52147919
52148019
52148119
52148219
52148319
52148419
52148519
52148619
52148719
52148819
52148919
52149019
52149120
52149219
52149319
52149419
52149519
52149619
52149719
52149819
52149919
52150019
52150119
52150219
52150319
52150419
52150519
52150619
52150719
52150818
52150919
52151019
52151118
52151219
52151319
52151418
52151519
52151619
52151718
52151819
52151919
52152018
52152119
52152218
52152318
52152419
52152518
52152619
52152719
52152818
52152919
52153019
52153118
52153219
52153319
52153418
52153519
52153619
52153718
52153819
52153918
52154018
52154119
52154218
52154318
52154419
52154518
52154618
52154719
52154818
52154918
52155019
52155118
52155218
52155318
52155418
52155518
52155618
52155718
52155819
52155918
52156018
52156119
52156218
52156318
52156419
52156518
52156618
52156719
52156818
52156918
52157018
52157118
52157218
52157318
52157418
52157518
52157618
52157718
52157818
52157918
52158018
52158118
52158218
52158318
52158418
52158518
52158618
52158717
52158818
52158918
52159017
52159118
52159218
52159322
52159418
52159518
52159618
52159718
52159818
52159918
52160018
52160117
52160218
52160318
52160417
52160518
52160618
52160717
52160818
52160918
52161017
52161118
52161218
52161317
52161419
52161517
52161617
52161718
52161817
52161917
52162018
52162117
52162217
52162321
52162417
52162518
52162618
52162717
52162818
52162917
52163017
52163118
52163217
52163319
52163418
52163517
52163617
52163718
52163817
52163917
52164018
52164117
52164217
52164317
52164417
52164517
52164617
52164717
52164817
52164917
52165017
52165117
52165217
52165317
52165417
52165517
52165617
52165718
52165817
52165917
52166018
52166117
52166217
52166317
52166417
52166519
52166617
52166717
52166817
52166917
52167017
52167117
52167217
52167317
52167416
52167517
52167617
52167716
52167817
52167917
52168016
52168117
52168217
52168316
52168417
52168517
52168616
52168717
52168817
52168916
52169017
52169116
52169217
52169317
52169416
52169517
52169617
52169716
52169817
52169917
52170016
52170117
52170217
52170316
52170417
52170517
52170616
52170717
52170816
52170916
52171017
52171116
52171216
52171317
52171416
52171516
52171617
52171716
52171816
52171917
52172016
52172116
52172216
52172316
52172417
52172516
52172616
52172717
52172816
52172916
52173017
52173116
52173216
52173317
52173416
52173516
52173617
52173716
52173816
52173916
52174016
52174116
52174216
52174316
52174416
52174516
52174616
52174716
52174816
52174916
52175016
52175116
52175216
52175315
52175416
52175516
52175616
52175716
52175816
52175916
52176016
52176116
52176216
52176316
52176416
52176516
52176616
52176715
52176816
52176916
52177015
52177116
52177216
52177315
52177416
52177516
52177615
52177716
52177816
52177915
52178016
52178116
52178215
52178316
52178415
52178515
52178616
52178715
52178816
52178916
52179015
52179116
52179216
52179315
52179416
52179516
52179615
52179716
52179815
52179915
52180016
52180118
52180215
52180316
52180415
52180515
52180616
52180715
52180815
52180916
52181015
52181115
52181216
52181315
52181415
52181515
52181615
52181715
52181815
52181915
52182016
52182115
52182215
52182316
52182415
52182515
52182615
52182715
52182815
52182915
52183015
52183121
52183215
52183315
52183415
52183515
52183615
52183715
52183815
52183915
52184015
52184115
52184215
52184315
52184415
52184515
52184614
52184715
52184815
52184914
52185015
52185115
52185214
52185316
52185515
52185615
52185715
52185815
52185915
52186014
52186115
52186215
52186321
52186415
52186515
52186614
52186715
52186815
52186914
52187015
52187115
52187214
52187315
52187414
52187514
52187615
52187714
52187814
52187915
52188014
52188114
52188215
52188314
52188414
52188515
52188614
52188715
52188815
52188914
52189015
52189114
52189214
52189317
52189414
52189514
52189615
52189714
52189814
52189915
52190014
52190114
52190215
52190321
52190414
52190514
52190614
52190714
52190814
52190914
52191014
52191114
52191214
52191314
52191414
52191514
52191614
52191714
52191814
52191913
52192014
52192114
52192214
52192314
52192414
52192514
52192614
52192714
52192814
52192914
52193014
52193114
52193214
52193319
52193414
52193514
52193613
52193714
52193814
52193913
52194014
52194114
52194213
52194314
52194414
52194513
52194614
52194714
52194813
52194914
52195013
52195113
52195214
52195313
52195414
52195514
52195613
52195714
52195814
52195913
52196014
52196114
52196213
52196316
52196413
52196513
52196614
52196713
52196813
52196914
52197013
52197113
52197214
52197313
52197413
52197514
52197613
52197713
52197814
52197913
52198013
52198113
52198213
52198313
52198413
52198513
52198614
52198713
52198813
52198914
52199013
52199113
52199214
52199313
52199413
52199514
52199613
52199713
52199813
52199913
52200013
52200113
52200213
52200313
52200413
52200513
52200613
52200713
52200813
52200913
52201013
52201113
52201212
52201313
52201413
52201512
