58502345
58502413
58502489
58502531
58503344
58503411
58503487
58503529
58504345
58504413
58504488
58504530
58505374
58505442
58505516
58505589
58505660
58505732
58505774
58506290
58506360
58506433
58506475
58507363
58507430
58507506
58507548
58508312
58508380
58508460
58508497
58509333
58509401
58509475
58509518
58510369
58510436
58510510
58510583
58510650
58510726
58510768
58511360
58511423
58511499
58511541
58512310
58512377
58512453
58512495
58513302
58513370
58513446
58513489
58514359
58514426
58514503
58514546
58515364
58515428
58515502
58515575
58515647
58515724
58515767
58516348
58516416
58516493
58516536
58517308
58517376
58517452
58517495
58518362
58518429
58518506
58518549
58519314
58519380
58519458
58519501
58520370
58520437
58520511
58520594
58520658
58520732
58520774
58521363
58521423
58521499
58521541
58522363
58522431
58522507
58522549
58523297
58523365
58523441
58523483
58524347
58524413
58524489
58524531
58525362
58525429
58525503
58525577
58525648
58525724
58525766
58526359
58526426
58526501
58526543
58527350
58527418
58527494
58527536
58528362
58528427
58528503
58528546
58529318
58529386
58529463
58529506
58530309
58530376
58530450
58530524
58530595
58530672
58530715
58531305
58531373
58531449
58531492
58532374
58532423
58532500
58532543
58533296
58533363
58533439
58533481
58534311
58534432
58534457
58534496
58535371
58535438
58535512
58535585
58535657
58535733
58535775
58536361
58536428
58536504
58536546
58537341
58537409
58537484
58537527
58538333
58538400
58538476
58538518
58539366
58539433
58539509
58539556
58540308
58540376
58540455
58540523
58540595
58540670
58540712
58541356
58541419
58541495
58541537
58542367
58542435
58542511
58542561
58543347
58543415
58543492
58543535
58544365
58544433
58544509
58544556
58545368
58545435
58545509
58545583
58545655
58545731
58545774
58546289
58546357
58546434
58546477
58547405
58547473
58547555
58547593
58548370
58548438
58548514
58548557
58549344
58549410
58549487
58549530
58550304
58550372
58550445
58550518
58550592
58550669
58550711
58551301
58551368
58551443
58551486
58552335
58552402
58552478
58552520
58553400
58553466
58553542
58553584
58554326
58554393
58554468
58554511
58555316
58555382
58555459
58555530
58555601
58555677
58555719
58556394
58556462
58556537
58556579
58557343
58557411
58557488
58557531
58558359
58558418
58558495
58558538
58559309
58559377
58559459
58559497
58560377
58560444
58560518
58560591
58560663
58560739
58560781
58561364
58561431
58561507
58561554
58562366
58562434
58562509
58562553
58563373
58563440
58563516
58563558
58564323
58564389
58564465
58564508
58565371
58565439
58565512
58565586
58565657
58565733
58565776
58566363
58566430
58566506
58566553
58567289
58567356
58567432
58567474
58568363
58568430
58568506
58568553
58569358
58569417
58569493
58569535
58570331
58570398
58570472
58570546
58570617
58570693
58570735
58571375
58571443
58571520
58571563
58572342
58572408
58572486
58572529
58573343
58573410
58573488
58573531
58574390
58574455
58574532
58574575
58575400
58575465
58575539
58575612
58575684
58575761
58575804
58576352
58576411
58576488
58576531
58577371
58577436
58577512
58577557
58578365
58578430
58578506
58578551
58579337
58579401
58579477
58579519
58580359
58580424
58580498
58580572
58580642
58580718
58580761
58581282
58581356
58581423
58581466
58582290
58582355
58582431
58582473
58583356
58583421
58583497
58583539
58584330
58584395
58584471
58584513
58585313
58585377
58585455
58585525
58585596
58585673
58585716
58586341
58586406
58586483
58586526
58587290
58587356
58587432
58587475
58588357
58588423
58588499
58588542
58589340
58589406
58589483
58589526
58590370
58590436
58590510
58590583
58590655
58590732
58590775
58591330
58591395
58591471
58591513
58592362
58592428
58592503
58592555
58593376
58593441
58593517
58593559
58594375
58594440
58594515
58594557
58595322
58595388
58595462
58595535
58595607
58595683
58595725
58596342
58596408
58596484
58596526
58597280
58597349
58597421
58597464
58598334
58598400
58598474
58598517
58599354
58599418
58599495
58599538
58600390
58600456
58600529
58600603
58600675
58600752
58600795
58601410
58601476
58601553
58601595
58602327
58602392
58602469
58602512
58603354
58603414
58603491
58603534
58604390
58604454
58604530
58604572
58605396
58605462
58605536
58605609
58605675
58605751
58605793
58606338
58606403
58606479
58606521
58607376
58607441
58607517
58607559
58608327
58608392
58608467
58608510
58609380
58609469
58609520
58609563
58610331
58610397
58610469
58610552
58610610
58610685
58610727
58611347
58611411
58611487
58611529
58612329
58612395
58612470
58612512
58613347
58613412
58613489
58613532
58614305
58614369
58614447
58614489
58615288
58615352
58615426
58615499
58615565
58615652
58615686
58616375
58616438
58616515
58616558
58617337
58617401
58617476
58617519
58618326
58618391
58618468
58618511
58619346
58619407
58619483
58619525
58620321
58620385
58620459
58620532
58620599
58620675
58620717
58621346
58621412
58621488
58621530
58622351
58622409
58622485
58622527
58623286
58623349
58623425
58623467
58624351
58624416
58624492
58624534
58625334
58625397
58625471
58625551
58625611
58625685
58625725
58626336
58626400
58626476
58626518
58627346
58627408
58627485
58627528
58628345
58628409
58628486
58628529
58629298
58629362
58629445
58629482
58630322
58630385
58630459
58630533
58630599
58630676
58630719
58631337
58631403
58631479
58631521
58632353
58632416
58632492
58632534
58633318
58633380
58633456
58633498
58634327
58634389
58634465
58634507
58635299
58635365
58635445
58635512
58635579
58635655
58635697
58636272
58636338
58636413
58636455
58637280
58637349
58637418
58637460
58638349
58638411
58638487
58638529
58639301
58639367
58639449
58639484
58640296
58640362
58640436
58640509
58640576
58640651
58640694
58641332
58641394
58641470
58641513
58642349
58642407
58642483
58642525
58643452
58643518
58643594
58643636
58644401
58644466
58644543
58644586
58645449
58645512
58645585
58645659
58645733
58645758
58645835
58645878
58646379
58646444
58646519
58646562
58647443
58647506
58647583
58647626
58648448
58648503
58648579
58648621
58649428
58649492
58649568
58649610
58650419
58650481
58650555
58650629
58650702
58650728
58650804
58650848
58651443
58651503
58651578
58651621
58652376
58652442
58652515
58652557
58653424
58653488
58653563
58653605
58654419
58654482
58654558
58654601
58655447
58655505
58655579
58655652
58655726
58655752
58655827
58655870
58656386
58656451
58656527
58656569
58657404
58657470
58657547
58657588
58658382
58658448
58658524
58658566
58659376
58659441
58659516
58659558
58660330
58660396
58660469
58660543
58660617
58660641
58660717
58660759
58661346
58661405
58661481
58661523
58662384
58662450
58662526
58662569
58663374
58663441
58663516
58663559
58664374
58664441
58664516
58664559
58665396
58665461
58665541
58665609
58665682
58665708
58665785
58665828
58666433
58666498
58666573
58666616
58667404
58667469
58667545
58667587
58668441
58668505
58668580
58668622
58669424
58669488
58669563
58669605
58670397
58670460
58670540
58670608
58670682
58670706
58670782
58670824
58671423
58671486
58671562
58671604
58672422
58672486
58672562
58672604
58673392
58673457
58673532
58673574
58674429
58674493
58674569
58674611
58675431
58675494
58675568
58675642
58675716
58675744
58675817
58675859
58676380
58676444
58676519
58676561
58677423
58677486
58677561
58677604
58678369
58678432
58678509
58678552
58679306
58679368
58679445
58679489
58680376
58680444
58680515
58680589
58680663
58680687
58680764
58680808
58681363
58681426
58681502
58681546
58682355
58682418
58682494
58682544
58683470
58683544
58683612
58683654
58684443
58684507
58684582
58684624
58685449
58685513
58685587
58685661
58685739
58685765
58685841
58685883
58686419
58686483
58686559
58686601
58687387
58687451
58687526
58687568
58688406
58688472
58688547
58688589
58689428
58689491
58689567
58689609
58690443
58690508
58690582
58690656
58690727
58690759
58690838
58690878
58691417
58691482
58691559
58691602
58692443
58692500
58692576
58692618
58693406
58693471
58693547
58693588
58694421
58694484
58694560
58694602
58695424
58695487
58695560
58695638
58695705
58695738
58695814
58695857
58696443
58696509
58696585
58696627
58697373
58697437
58697512
58697554
58698429
58698491
58698567
58698609
58699441
58699506
58699582
58699624
58700453
58700519
58700593
58700666
58700738
58700771
58700847
58700889
58701319
58701384
58701461
58701504
58702358
58702424
58702500
58702543
58703395
58703461
58703538
58703581
58704436
58704493
58704570
58704613
58705356
58705420
58705494
58705567
58705667
58705673
58705746
58705787
58706353
58706415
58706492
58706536
58707351
58707415
58707490
58707535
58708318
58708382
58708458
58708500
58709319
58709384
58709459
58709501
58710358
58710420
58710494
58710567
58710639
58710672
58710748
58710790
58711351
58711414
58711490
58711540
58712306
58712370
58712445
58712487
58713366
58713440
58713507
58713549
58714373
58714438
58714514
58714556
58715376
58715442
58715515
58715589
58715661
58715694
58715769
58715811
58716366
58716435
58716508
58716550
58717357
58717420
58717497
58717540
58718326
58718390
58718467
58718510
58719367
58719434
58719507
58719550
58720395
58720458
58720534
58720606
58720677
58720710
58720787
58720834
58721310
58721374
58721451
58721494
58722371
58722435
58722511
58722554
58723348
58723411
58723487
58723534
58724313
58724378
58724454
58724496
58725311
58725373
58725447
58725521
58725593
58725625
58725701
58725743
58726422
58726484
58726560
58726602
58727369
58727439
58727508
58727550
58728420
58728483
58728559
58728601
58729295
58729358
58729438
58729476
58730419
58730481
58730555
58730638
58730700
58730733
58730809
58730851
58731375
58731439
58731515
58731558
58732416
58732479
58732556
58732599
58733438
58733502
58733579
58733622
58734417
58734481
58734558
58734601
58735301
58735365
58735438
58735512
58735586
58735619
58735695
58735738
58736418
58736482
58736557
58736600
58737350
58737414
58737489
58737538
58738420
58738486
58738562
58738604
58739424
58739487
58739563
58739605
58740350
58740414
58740488
58740561
58740633
58740665
58740741
58740784
58741303
58741368
58741444
58741486
58742319
58742384
58742460
58742502
58743312
58743376
58743452
58743494
58744361
58744431
58744504
58744547
58745409
58745474
58745547
58745621
58745693
58745732
58745802
58745847
58746322
58746388
58746465
58746508
58747362
58747431
58747502
58747545
58748431
58748496
58748572
58748616
58749420
58749486
58749561
58749603
58750391
58750456
58750531
58750604
58750674
58750707
58750783
58750831
58751430
58751494
58751568
58751611
58752376
58752442
58752518
58752560
58753439
58753505
58753581
58753623
58754372
58754437
58754512
58754554
58755369
58755435
58755509
58755582
58755654
58755686
58755762
58755805
58756434
58756494
58756570
58756612
58757368
58757432
58757508
58757550
58758322
58758387
58758463
58758505
58759413
58759477
58759553
58759595
58760416
58760479
58760553
58760630
58760698
58760734
58760807
58760850
58761431
58761494
58761570
58761612
58762374
58762437
58762513
58762555
58763378
58763442
58763517
58763559
58764365
58764429
58764504
58764547
58765367
58765434
58765505
58765580
58765650
58765683
58765759
58765801
58766308
58766373
58766448
58766491
58767301
58767365
58767440
58767482
58768361
58768429
58768501
58768543
58769434
58769500
58769575
58769617
58770442
58770507
58770581
58770655
58770728
58770759
58770836
58770879
58771371
58771433
58771510
58771553
58772433
58772488
58772564
58772608
58773369
58773432
58773509
58773553
58774418
58774481
58774556
58774599
58775357
58775428
58775496
58775570
58775644
58775674
58775750
58775792
58776292
58776356
58776432
58776475
58777356
58777427
58777497
58777539
58778351
58778415
58778490
58778532
58779296
58779362
58779438
58779480
58780376
58780441
58780515
58780589
58780662
58780693
58780769
58780811
58781427
58781486
58781561
58781604
58782397
58782462
58782537
58782580
58783451
58783518
58783594
58783636
58784378
58784444
58784520
58784562
58785374
58785438
58785512
58785586
58785657
58785690
58785767
58785810
58786347
58786412
58786489
58786532
58787356
58787420
58787496
58787539
58788342
58788406
58788483
58788527
58789426
58789491
58789567
58789610
58790428
58790495
58790568
58790642
58790714
58790747
58790825
58790865
58791428
58791493
58791569
58791611
58792444
58792511
58792587
58792631
58793390
58793457
58793533
58793575
58794382
58794447
58794525
58794565
58795430
58795488
58795560
58795635
58795706
58795739
58795814
58795857
58796375
58796442
58796517
58796560
58797387
58797455
58797531
58797573
58798416
58798482
58798558
58798600
58799392
58799459
58799535
58799577
58800424
58800488
58800562
58800635
58800707
58800740
58800817
58800861
58801418
58801483
58801560
58801603
58802439
58802504
58802581
58802624
58803317
58803385
58803462
58803505
58804372
58804440
58804516
58804559
58805366
58805434
58805508
58805581
58805652
58805685
58805761
58805803
58806353
58806428
58806497
58806539
58807303
58807368
58807444
58807486
58808370
58808437
58808513
58808555
58809309
58809376
58809452
58809494
58810429
58810497
58810570
58810644
58810716
58810748
58810824
58810866
58811440
58811507
58811583
58811625
58812372
58812440
58812515
58812558
58813360
58813427
58813503
58813545
58814300
58814367
58814443
58814485
58815335
58815401
58815475
58815549
58815640
58815653
58815729
58815771
58816408
58816476
58816551
58816593
58817439
58817506
58817584
58817627
58818374
58818442
58818523
58818562
58819427
58819483
58819561
58819604
58820368
58820435
58820509
58820583
58820655
58820687
58820763
58820805
58821433
58821500
58821576
58821622
58822422
58822481
58822557
58822599
58823427
58823490
58823566
58823608
58824380
58824448
58824526
58824565
58825421
58825489
58825563
58825636
58825708
58825741
58825822
58825860
58826376
58826442
58826522
58826560
58827368
58827436
58827511
58827553
58828354
58828422
58828495
58828537
58829363
58829430
58829507
58829550
58830326
58830393
58830467
58830540
58830612
58830645
58830726
58830765
58831410
58831477
58831554
58831597
58832444
58832510
58832588
58832631
58833433
58833500
58833575
58833626
58834436
58834503
58834579
58834621
58835322
58835390
58835464
58835537
58835609
58835642
58835721
58835760
58836434
58836502
58836578
58836621
58837340
58837407
58837483
58837525
58838344
58838412
58838487
58838530
58839356
58839426
58839499
58839541
58840444
58840512
58840586
58840659
58840730
58840763
58840840
58840882
58841304
58841371
58841447
58841489
58842355
58842423
58842499
58842541
58843361
58843427
58843503
58843546
58844426
58844492
58844568
58844610
58845446
58845524
58845587
58845661
58845734
58845764
58845840
58845882
58846377
58846444
58846520
58846563
58847400
58847468
58847544
58847586
58848377
58848445
58848524
58848563
58849330
58849397
58849472
58849519
58850374
58850442
58850519
58850589
58850663
58850694
58850769
58850811
58851385
58851452
58851528
58851570
58852303
58852371
58852447
58852489
58853439
58853506
58853581
58853623
58854418
58854486
58854561
58854603
58855416
58855484
58855558
58855631
58855705
58855736
58855818
58855855
58856371
58856438
58856518
58856554
58857423
58857490
58857568
58857611
58858378
58858445
58858522
58858565
58859355
58859422
58859499
58859542
58860349
58860423
58860489
58860563
58860637
58860667
58860744
58860787
58861355
58861422
58861497
58861540
58862344
58862410
58862486
58862528
58863351
58863417
58863492
58863534
58864306
58864372
58864448
58864491
58865366
58865433
58865507
58865581
58865654
58865680
58865756
58865798
58866364
58866432
58866506
58866549
58867351
58867418
58867493
58867536
58868290
58868357
58868432
58868474
58869358
58869425
58869502
58869545
58870359
58870426
58870500
58870574
58870647
58870675
58870752
58870795
58871421
58871489
58871566
58871609
58872298
58872366
58872442
58872485
58873309
58873376
58873453
58873496
58874430
58874498
58874572
58874616
58875430
58875498
58875572
58875645
58875720
58875745
58875822
58875863
58876428
58876494
58876570
58876615
58877371
58877437
58877515
58877556
58878415
58878483
58878559
58878601
58879321
58879388
58879464
58879506
58880354
58880421
58880495
58880569
58880643
58880668
58880744
58880786
58881349
58881417
58881492
58881534
58882306
58882373
58882449
58882491
58883415
58883482
58883558
58883600
58884357
58884424
58884499
58884542
58885295
58885362
58885436
58885519
58885582
58885614
58885685
58885728
58886340
58886414
58886484
58886528
58887347
58887414
58887490
58887532
58888314
58888376
58888452
58888494
58889424
58889491
58889567
58889614
58890370
58890437
58890514
58890585
58890658
58890684
58890760
58890804
58891356
58891423
58891500
58891543
58892348
58892416
58892492
58892535
58893336
58893403
58893478
58893521
58894360
58894428
58894503
58894545
58895347
58895415
58895489
58895562
58895636
58895661
58895736
58895778
58896334
58896402
58896478
58896520
58897338
58897405
58897481
58897523
58898419
58898486
58898562
58898604
58899366
58899434
58899513
58899552
58900367
58900434
58900512
58900582
58900656
58900681
58900757
58900799
58901350
58901417
58901493
58901535
58902336
58902404
58902479
58902521
58903373
58903441
58903518
58903561
58904415
58904482
58904559
58904602
58905378
58905445
58905519
58905592
58905666
58905692
58905767
58905812
58906331
58906398
58906474
58906516
58907428
58907496
58907572
58907614
58908404
58908472
58908548
58908590
58909293
58909361
58909436
58909478
58910404
58910472
58910545
58910619
58910693
58910717
58910793
58910835
58911360
58911427
58911503
58911545
58912349
58912416
58912492
58912534
58913295
58913362
58913438
58913480
58914412
58914480
58914555
58914597
58915311
58915373
58915446
58915520
58915594
58915619
58915696
58915739
58916336
58916404
58916481
58916524
58917347
58917414
58917491
58917534
58918342
58918411
58918487
58918530
58919428
58919495
58919571
58919615
58920378
58920445
58920519
58920593
58920665
58920697
58920773
58920815
58921364
58921432
58921516
58921549
58922337
58922415
58922480
58922522
58923350
58923417
58923493
58923535
58924289
58924355
58924431
58924473
58925365
58925432
58925510
58925579
58925650
58925683
58925759
58925801
58926310
58926372
58926447
58926490
58927356
58927424
58927500
58927542
58928427
58928494
58928570
58928612
58929432
58929500
58929576
58929619
58930361
58930428
58930502
58930576
58930648
58930680
58930757
58930800
58931411
58931479
58931556
58931599
58932361
58932428
58932509
58932548
58933354
58933422
58933497
58933539
58934421
58934488
58934563
58934608
58935408
58935474
58935547
58935621
58935693
58935726
58935800
58935843
58936363
58936430
58936508
58936548
58937300
58937367
58937443
58937485
58938345
58938413
58938488
58938530
58939355
58939422
58939498
58939540
58940349
58940416
58940489
58940563
58940635
58940667
58940743
58940785
58941293
58941361
58941436
58941478
58942413
58942481
58942557
58942599
58943369
58943436
58943512
58943554
58944370
58944407
58944478
58944520
58945352
58945420
58945492
58945567
58945638
58945671
58945746
58945788
58946339
58946412
58946483
58946525
58947296
58947363
58947440
58947483
58948413
58948481
58948557
58948600
58949417
58949484
58949561
58949612
58950419
58950487
58950560
58950634
58950708
58950739
58950817
58950859
58951414
58951482
58951559
58951607
58952333
58952400
58952475
58952518
58953362
58953430
58953506
58953547
58954348
58954416
58954491
58954533
58955369
58955433
58955507
58955581
58955653
58955685
58955761
58955811
58956350
58956418
58956493
58956535
58957305
58957369
58957446
58957489
58958294
58958361
58958438
58958481
58959354
58959422
58959506
58959543
58960429
58960495
58960569
58960643
58960714
58960747
58960825
58960868
58961367
58961434
58961511
58961554
58962378
58962446
58962523
58962566
58963411
58963479
58963555
58963597
58964382
58964449
58964525
58964568
58965414
58965482
58965556
58965629
58965710
58965734
58965810
58965852
58966413
58966480
58966556
58966598
58967355
58967477
58967497
58967540
58968479
58968488
58968564
58968606
58969435
58969504
58969579
58969622
58970378
58970445
58970519
58970593
58970667
58970697
58970773
58970815
58971343
58971411
58971487
58971529
58972344
58972411
58972487
58972529
58973357
58973424
58973518
58973542
58974291
58974359
58974435
58974477
58975269
58975337
58975411
58975484
58975558
58975589
58975664
58975709
58976309
58976376
58976453
58976496
58977316
58977384
58977461
58977509
58978360
58978427
58978503
58978545
58979310
58979378
58979453
58979495
58980414
58980481
58980554
58980628
58980708
58980732
58980809
58980851
58981410
58981478
58981554
58981596
58982343
58982411
58982486
58982529
58983350
58983416
58983492
58983534
58984408
58984475
58984551
58984593
58985265
58985332
58985408
58985480
58985553
58985584
58985660
58985703
58986331
58986402
58986475
58986518
58987407
58987467
58987544
58987587
58988363
58988431
58988508
58988549
58989412
58989479
58989555
58989602
58990409
58990476
58990550
58990623
58990702
58990728
58990803
58990845
58991370
58991437
58991513
58991555
58992411
58992479
58992555
58992602
58993411
58993478
58993554
58993601
58994371
58994439
58994513
58994556
58995354
58995421
58995507
58995569
58995642
58995667
58995743
58995785
58996359
58996425
58996506
58996543
58997261
58997328
58997406
58997446
58998339
58998407
58998482
58998524
58999339
58999405
58999481
58999524
59000400
59000465
59000539
59000612
59000685
59000711
59000786
59000829
59001334
59001406
59001477
59001519
59002324
59002392
59002468
59002510
59003327
59003401
59003470
59003512
59004294
59004361
59004436
59004479
59005305
59005363
59005436
59005510
59005584
59005609
59005685
59005727
59006285
59006353
59006429
59006471
59007334
59007401
59007477
59007519
59008331
59008405
59008473
59008515
59009317
59009385
59009461
59009505
59010339
59010407
59010481
59010554
59010628
59010654
59010727
59010767
59011359
59011427
59011501
59011540
59012416
59012483
59012558
59012604
59013392
59013459
59013535
59013577
59014404
59014470
59014546
59014588
59015286
59015354
59015428
59015504
59015575
59015601
59015676
59015718
59016321
59016388
59016464
59016506
59017405
59017472
59017547
59017590
59018419
59018486
59018562
59018604
59019375
59019443
59019518
59019560
59020430
59020504
59020571
59020645
59020719
59020744
59020820
59020862
59021362
59021429
59021505
59021547
59022415
59022483
59022557
59022603
59023418
59023485
59023559
59023599
59024402
59024470
59024545
59024587
59025419
59025486
59025560
59025634
59025708
59025733
59025809
59025851
59026352
59026419
59026498
59026533
59027361
59027429
59027503
59027543
59028404
59028470
59028546
59028588
59029344
59029411
59029486
59029529
59030283
59030350
59030424
59030498
59030572
59030597
59030673
59030715
59031320
59031388
59031461
59031502
59032341
59032408
59032481
59032521
59033411
59033478
59033551
59033602
59034329
59034397
59034469
59034510
59035300
59035368
59035441
59035515
59035588
59035614
59035687
59035727
59036277
59036345
59036419
59036459
59037402
59037465
59037541
59037584
59038343
59038410
59038484
59038524
59039289
59039356
59039430
59039470
59040331
59040399
59040473
59040546
59040620
59040645
59040718
59040758
59041403
59041471
59041544
59041585
59042276
59042343
59042417
59042457
59043350
59043418
59043495
59043531
59044411
59044477
59044551
59044600
59045405
59045473
59045547
59045620
59045700
59045720
59045795
59045832
59046395
59046460
59046534
59046574
59047361
59047429
59047502
59047542
59048404
59048471
59048547
59048595
59049372
59049439
59049515
59049556
59050399
59050460
59050533
59050607
59050681
59050708
59050784
59050827
59051410
59051478
59051553
59051599
59052339
59052406
59052482
59052524
59053295
59053363
59053437
59053480
59054339
59054406
59054482
59054524
59055302
59055369
59055442
59055516
59055594
59055618
59055699
59055735
59056308
59056375
59056451
59056499
59057297
59057364
59057440
59057482
59058296
59058363
59058439
59058481
59059278
59059346
59059422
59059464
59060293
59060361
59060434
59060508
59060582
59060608
59060681
59060721
59061346
59061413
59061487
59061527
59062340
59062408
59062481
59062521
59063371
59063439
59063515
59063557
59064279
59064346
59064422
59064464
59065417
59065485
59065559
59065632
59065706
59065732
59065807
59065849
59066426
59066493
59066568
59066611
59067400
59067467
59067541
59067581
59068293
59068357
59068431
59068471
59069339
59069407
59069483
59069524
59070306
59070373
59070447
59070521
59070595
59070620
59070697
59070738
59071318
59071385
59071461
59071503
59072413
59072480
59072556
59072598
59073332
59073399
59073475
59073517
59074420
59074497
59074563
59074605
59075339
59075406
59075480
59075554
59075628
59075653
59075729
59075771
59076277
59076343
59076417
59076457
59077407
59077474
59077548
59077592
59078328
59078395
59078469
59078509
59079399
59079465
59079541
59079583
59080269
59080337
59080411
59080484
59080556
59080591
59080664
59080707
59081259
59081326
59081401
59081444
59082242
59082308
59082384
59082427
59083283
59083350
59083425
59083468
59084276
59084344
59084420
59084462
59085364
59085431
59085504
59085579
59085649
59085682
59085758
59085800
59086399
59086466
59086541
59086583
59087403
59087469
59087545
59087595
59088328
59088396
59088471
59088514
59089277
59089345
59089421
59089463
59090311
59090378
59090452
59090526
59090597
59090630
59090706
59090748
59091263
59091331
59091405
59091448
59092305
59092373
59092446
59092490
59093338
59093405
59093479
59093519
59094342
59094409
59094482
59094522
59095409
59095477
59095550
59095624
59095698
59095730
59095806
59095848
59096395
59096462
59096538
59096581
59097351
59097418
59097494
59097536
59098332
59098398
59098474
59098516
59099423
59099494
59099567
59099609
59100290
59100357
59100431
59100505
59100578
59100610
59100689
59100729
59101281
59101348
59101424
59101466
59102230
59102297
59102372
59102415
59103262
59103330
59103404
59103443
59104304
59104370
59104446
59104488
59105304
59105372
59105445
59105519
59105593
59105624
59105699
59105741
59106337
59106405
59106480
59106523
59107337
59107404
59107480
59107522
59108324
59108391
59108467
59108509
59109388
59109453
59109529
59109571
59110335
59110402
59110475
59110549
59110623
59110653
59110729
59110771
59111287
59111352
59111428
59111470
59112336
59112403
59112479
59112521
59113321
59113389
59113464
59113506
59114337
59114404
59114479
59114522
59115292
59115352
59115425
59115499
59115573
59115602
59115678
59115720
59116292
59116355
59116431
59116473
59117250
59117318
59117393
59117435
59118324
59118392
59118468
59118510
59119333
59119400
59119476
59119518
59120342
59120408
59120487
59120556
59120629
59120660
59120736
59120778
59121346
59121414
59121489
59121531
59122395
59122462
59122535
59122576
59123406
59123474
59123547
59123588
59124410
59124476
59124552
59124595
59125355
59125423
59125496
59125570
59125644
59125675
59125749
59125790
59126311
59126379
59126454
59126495
59127269
59127336
59127410
59127450
59128314
59128390
59128457
59128499
59129290
59129348
59129423
59129465
59130340
59130407
59130485
59130555
59130629
59130659
59130735
59130777
59131312
59131385
59131455
59131497
59132260
59132327
59132403
59132445
59133293
59133361
59133436
59133478
59134390
59134457
59134533
59134575
59135414
59135484
59135555
59135629
59135703
59135733
59135810
59135852
59136350
59136417
59136493
59136535
59137396
59137464
59137541
59137585
59138341
59138409
59138486
59138529
59139392
59139460
59139536
59139585
59140335
59140403
59140476
59140550
59140624
59140655
59140731
59140774
59141409
59141477
59141551
59141591
59142352
59142420
59142494
59142534
59143320
59143388
59143461
59143501
59144243
59144309
59144388
59144423
59145273
59145340
59145414
59145488
59145562
59145592
59145666
59145706
59146324
59146400
59146468
59146510
59147329
59147397
59147472
59147514
59148341
59148408
59148488
59148526
59149367
59149434
59149510
59149552
59150383
59150446
59150520
59150594
59150667
59150698
59150773
59150816
59151373
59151440
59151514
59151554
59152398
59152465
59152539
59152582
59153341
59153409
59153487
59153526
59154343
59154411
59154487
59154529
59155246
59155313
59155387
59155461
59155534
59155567
59155643
59155685
59156274
59156341
59156417
59156459
59157310
59157382
59157453
59157495
59158317
59158383
59158459
59158501
59159287
59159354
59159428
59159468
59160342
59160410
59160483
59160557
59160631
59160662
59160735
59160786
59161399
59161466
59161539
59161581
59162399
59162466
59162540
59162587
59163384
59163452
59163528
59163570
59164329
59164397
59164473
59164515
59165265
59165333
59165407
59165486
59165554
59165585
59165662
59165705
59166267
59166334
59166411
59166454
59167281
59167345
59167422
59167465
59168335
59168403
59168481
59168523
59169242
59169309
59169386
59169429
59170267
59170334
59170408
59170482
59170555
59170586
59170662
59170704
59171412
59171485
59171556
59171598
59172398
59172464
59172540
59172585
59173305
59173372
59173448
59173490
59174280
59174346
59174422
59174464
59175288
59175356
59175430
59175503
59175580
59175610
59175684
59175724
59176228
59176295
59176369
59176409
59177345
59177412
59177486
59177526
59178320
59178387
59178461
59178501
59179338
59179406
59179482
59179524
59180322
59180390
59180464
59180537
59180611
59180642
59180719
59180762
59181386
59181454
59181531
59181579
59182342
59182409
59182486
59182529
59183399
59183467
59183544
59183587
59184390
59184457
59184534
59184579
59185396
59185464
59185538
59185611
59185685
59185716
59185792
59185833
59186279
59186344
59186420
59186462
59187253
59187320
59187396
59187438
59188230
59188297
59188383
59188415
59189291
59189358
59189434
59189483
59190246
59190313
59190387
59190461
59190535
59190564
59190638
59190678
59191279
59191347
59191420
59191460
59192380
59192448
59192521
59192561
59193336
59193403
59193479
59193522
59194314
59194382
59194459
59194502
59195278
59195340
59195414
59195488
59195561
59195592
59195669
59195712
59196383
59196448
59196525
59196568
59197348
59197416
59197493
59197536
59198366
59198434
59198511
59198554
59199388
59199456
59199532
59199582
59200267
59200333
59200407
59200481
59200555
59200585
59200661
59200703
59201323
59201390
59201466
59201508
59202324
59202391
59202464
59202504
59203262
59203330
59203403
59203443
59204316
59204382
59204456
59204496
59205283
59205351
59205424
59205498
59205581
59205602
59205677
59205715
59206256
59206324
59206400
59206441
59207387
59207454
59207530
59207576
59208331
59208398
59208476
59208518
59209332
59209399
59209477
59209520
59210388
59210456
59210529
59210603
59210677
59210710
59210786
59210829
59211316
59211383
59211459
59211501
59212399
59212467
59212540
59212580
59213314
59213381
59213455
59213495
59214381
59214440
59214514
59214554
59215403
59215480
59215544
59215618
59215691
59215722
59215797
59215837
59216326
59216394
59216480
59216512
59217341
59217409
59217484
59217526
59218280
59218337
59218413
59218455
59219290
59219357
59219433
59219475
59220299
59220367
59220441
59220514
59220588
59220618
59220694
59220737
59221274
59221339
59221414
59221457
59222330
59222397
59222479
59222515
59223341
59223407
59223483
59223526
59224308
59224376
59224452
59224494
59225310
59225377
59225451
59225525
59225598
59225628
59225704
59225747
59226309
59226376
59226451
59226493
59227250
59227318
59227394
59227436
59228283
59228351
59228425
59228465
59229277
59229344
59229420
59229462
59230328
59230396
59230474
59230543
59230616
59230647
59230723
59230765
59231240
59231306
59231382
59231424
59232300
59232378
59232443
59232485
59233248
59233315
59233391
59233433
59234297
59234365
59234441
59234483
59235290
59235357
59235431
59235505
59235578
59235611
59235687
59235729
59236246
59236314
59236389
59236431
59237309
59237378
59237452
59237494
59237937
59238006
59238079
59238118
59239328
59239398
59239473
59239514
59240360
59240430
59240504
59240578
59240651
59240682
59240757
59240798
59241442
59241510
59241587
59241629
59242307
59242377
59242452
59242494
59243443
59243512
59243588
59243630
59244390
59244460
59244535
59244577
59245359
59245428
59245502
59245576
59245649
59245679
59245756
59245797
59246354
59246424
59246499
59246541
59247364
59247433
59247509
59247551
59248250
59248320
59248394
59248434
59249377
59249446
59249520
59249560
59250326
59250396
59250471
59250543
59250617
59250648
59250723
59250776
59251287
59251356
59251432
59251474
59252322
59252391
59252470
59252511
59253357
59253427
59253512
59253547
59254352
59254422
59254498
59254540
59255270
59255336
59255410
59255484
59255558
59255582
59255658
59255700
59256324
59256393
59256470
59256511
59257370
59257438
59257513
59257555
59258294
59258375
59258439
59258481
59259343
59259413
59259489
59259531
59260295
59260369
59260437
59260512
59260584
59260610
59260686
59260728
59261275
59261334
59261409
59261451
59262290
59262360
59262436
59262478
59263351
59263421
59263498
59263541
59264358
59264427
59264503
59264545
59265335
59265404
59265478
59265552
59265626
59265651
59265726
59265774
59266398
59266469
59266540
59266581
59267340
59267408
59267482
59267522
59268331
59268401
59268476
59268518
59269414
59269482
59269558
59269600
59270411
59270478
59270552
59270626
59270700
59270725
59270801
59270843
59271286
59271355
59271431
59271474
59272293
59272369
59272438
59272480
59273296
59273373
59273442
59273484
59274356
59274426
59274502
59274544
59275310
59275385
59275453
59275527
59275600
59275626
59275702
59275744
59276296
59276367
59276439
59276479
59277368
59277431
59277505
59277545
59278423
59278492
59278568
59278606
59279313
59279383
59279459
59279501
59280385
59280454
59280528
59280602
59280675
59280701
59280777
59280819
59281349
59281419
59281495
59281537
59282321
59282391
59282467
59282508
59283303
59283373
59283448
59283490
59284352
59284421
59284497
59284539
59285417
59285487
59285572
59285635
59285708
59285733
59285808
59285847
59286414
59286483
59286557
59286597
59287408
59287477
59287554
59287596
59288424
59288494
59288569
59288611
59289345
59289414
59289490
59289532
59290332
59290401
59290475
59290549
59290621
59290647
59290723
59290766
59291408
59291476
59291551
59291593
59292366
59292434
59292511
59292553
59293371
59293436
59293512
59293554
59294304
59294373
59294449
59294491
59295418
59295488
59295565
59295635
59295709
59295733
59295810
59295851
59296334
59296402
59296478
59296520
59297388
59297457
59297531
59297573
59298436
59298505
59298581
59298623
59299416
59299485
59299565
59299605
59300382
59300444
59300517
59300591
59300665
59300690
59300770
59300808
59301390
59301465
59301535
59301577
59302338
59302408
59302483
59302525
59303349
59303418
59303494
59303536
59304296
59304365
59304441
59304483
59305405
59305475
59305548
59305622
59305710
59305725
59305801
59305843
59306303
59306373
59306448
59306490
59307354
59307422
59307499
59307541
59308404
59308474
59308550
59308592
59309406
59309471
59309547
59309589
59310418
59310486
59310564
59310633
59310707
59310740
59310816
59310864
59311345
59311413
59311489
59311531
59312295
59312380
59312439
59312481
59313334
59313401
59313477
59313519
59314282
59314350
59314425
59314467
59315306
59315374
59315447
59315521
59315595
59315624
59315700
59315742
59316312
59316377
59316453
59316495
59317315
59317381
59317456
59317498
59318339
59318406
59318481
59318524
59319367
59319437
59319514
59319568
59320430
59320500
59320573
59320647
59320721
59320752
59320829
59320871
59321298
59321368
59321445
59321488
59322423
59322492
59322568
59322610
59323355
59323424
59323500
59323542
59324404
59324472
59324548
59324590
59325374
59325440
59325513
59325587
59325662
59325691
59325768
59325809
59326331
59326399
59326475
59326517
59327381
59327451
59327526
59327568
59328405
59328472
59328547
59328589
59329305
59329374
59329451
59329492
59330341
59330407
59330481
59330554
59330628
59330662
59330734
59330777
59331280
59331348
59331424
59331467
59332366
59332434
59332510
59332552
59333366
59333427
59333502
59333544
59334344
59334414
59334491
59334534
59335343
59335412
59335486
59335561
59335633
59335663
59335739
59335782
59336406
59336474
59336550
59336592
59337284
59337353
59337430
59337472
59338360
59338424
59338500
59338542
59339302
59339372
59339448
59339490
59340425
59340494
59340568
59340642
59340716
59340746
59340823
59340864
59341365
59341425
59341501
59341543
59342343
59342412
59342488
59342530
59343297
59343367
59343442
59343484
59344275
59344345
59344420
59344464
59345341
59345411
59345483
59345560
59345631
59345664
59345739
59345782
59346360
59346425
59346501
59346543
59347365
59347434
59347510
59347552
59348300
59348370
59348446
59348488
59349411
59349481
59349559
59349601
59350380
59350450
59350523
59350597
59350671
59350702
59350779
59350821
59351416
59351486
59351564
59351606
59352325
59352394
59352470
59352512
59353261
59353328
59353404
59353446
59354328
59354396
59354473
59354514
59355406
59355474
59355548
59355622
59355696
59355726
59355803
59355845
59356378
59356447
59356523
59356565
59357305
59357375
59357451
59357493
59358425
59358494
59358570
59358612
59359418
59359486
59359563
59359605
59360358
59360425
59360499
59360573
59360647
59360677
59360757
59360797
59361263
59361331
59361408
59361451
59362399
59362468
59362545
59362588
59363249
59363316
59363393
59363436
59364194
59364261
59364338
59364381
59365361
59365431
59365505
59365578
59365657
59365683
59365760
59365803
59366395
59366465
59366541
59366583
59367349
59367418
59367494
59367536
59368299
59368369
59368444
59368486
59369423
59369493
59369569
59369611
59370409
59370479
59370557
59370627
59370700
59370731
59370807
59370848
59371337
59371407
59371483
59371525
59372397
59372465
59372540
59372582
59373344
59373414
59373490
59373532
59374402
59374472
59374547
59374589
59375415
59375484
59375561
59375632
59375706
59375736
59375812
59375856
59376413
59376483
59376561
59376601
59377431
59377501
59377576
59377618
59378361
59378429
59378505
59378547
59379206
59379273
59379349
59379391
59380335
59380405
59380478
59380555
59380626
59380657
59380732
59380774
59381355
59381420
59381496
59381538
59382376
59382446
59382521
59382563
59383409
59383477
59383555
59383595
59384414
59384483
59384559
59384601
59385362
59385431
59385504
59385578
59385655
59385682
59385758
59385800
59386385
59386455
59386530
59386572
59387417
59387485
59387560
59387602
59388392
59388461
59388537
59388579
59389366
59389435
59389511
59389554
59390392
59390461
59390535
59390609
59390683
59390713
59390789
59390831
59391417
59391485
59391562
59391604
59392403
59392473
59392559
59392590
59393327
59393396
59393472
59393514
59394336
59394405
59394482
59394524
59395402
59395472
59395546
59395619
59395693
59395719
59395794
59395836
59396403
59396472
59396553
59396590
59397413
59397483
59397559
59397601
59398338
59398408
59398483
59398525
59399362
59399432
59399507
59399558
59400366
59400435
59400529
59400583
59400656
59400735
59400759
59400800
59401413
59401483
59401563
59401601
