58502054
58502251
58502259
58502355
58502454
58502554
58502654
58502754
58502854
58502955
58503054
58503154
58503254
58503354
58503454
58503554
58503654
58503754
58503854
58503954
58504054
58504154
58504254
58504354
58504454
58504554
58504653
58504754
58504854
58504953
58505054
58505154
58505253
58505354
58505454
58505553
58505654
58505754
58505853
58505954
58506053
58506153
58506254
58506353
58506454
58506554
58506653
58506754
58506854
58506953
58507054
58507154
58507253
58507354
58507453
58507554
58507654
58507753
58507853
58507954
58508053
58508153
58508254
58508353
58508453
58508554
58508653
58508753
58508853
58508953
58509053
58509153
58509253
58509353
58509453
58509553
58509654
58509753
58509853
58509954
58510053
58510153
58510254
58510353
58510453
58510553
58510660
58510753
58510853
58510953
58511053
58511153
58511253
58511353
58511453
58511553
58511653
58511753
58511853
58511952
58512053
58512153
58512252
58512353
58512458
58512552
58512653
58512753
58512852
58512953
58513053
58513153
58513253
58513352
58513453
58513553
58513652
58513753
58513853
58513952
58514053
58514153
58514252
58514353
58514453
58514552
58514653
58514753
58514852
58514953
58515052
58515152
58515253
58515352
58515452
58515553
58515653
58515752
58515853
58515952
58516052
58516153
58516252
58516354
58516452
58516552
58516653
58516752
58516852
58516953
58517052
58517152
58517253
58517352
58517457
58517553
58517652
58517752
58517853
58517952
58518052
58518153
58518252
58518352
58518452
58518554
58518652
58518752
58518852
58518952
58519052
58519152
58519252
58519352
58519452
58519552
58519652
58519752
58519952
58520052
58520152
58520252
58520352
58520452
58520552
58520652
58520752
58520852
58520951
58521052
58521152
58521251
58521352
58521452
58521551
58521652
58521752
58521851
58521952
58522052
58522151
58522252
58522351
58522451
58522555
58522651
58522752
58522852
58522951
58523052
58523152
58523251
58523352
58523452
58523551
58523652
58523752
58523851
58523952
58524051
58524151
58524252
58524357
58524451
58524552
58524651
58524751
58524852
58524951
58525051
58525152
58525251
58525351
58525452
58525551
58525655
58525752
58525851
58525952
58526051
58526151
58526252
58526351
58526451
58526552
58526651
58526751
58526852
58526951
58527051
58527151
58527251
58527356
58527451
58527551
58527651
58527751
58527851
58527951
58528051
58528151
58528251
58528351
58528451
58528557
58528651
58528751
58528850
58528951
58529051
58529150
58529251
58529351
58529451
58529551
58529651
58529751
58529851
58529950
58530051
58530151
58530250
58530351
58530455
58530550
58530651
58530751
58530850
58530951
58531051
58531150
58531251
58531351
58531456
58531551
58531650
58531750
58531851
58531950
58532050
58532151
58532250
58532350
58532451
58532553
58532651
58532751
58532850
58532951
58533051
58533150
58533251
58533350
58533450
58533551
58533650
58533750
58533851
58533950
58534050
58534151
58534250
58534350
58534450
58534550
58534650
58534750
58534850
58534950
58535050
58535150
58535250
58535350
58535450
58535550
58535650
58535750
58535851
58535950
58536050
58536150
58536250
58536350
58536450
58536556
58536650
58536750
58536850
58536950
58537050
58537150
58537250
58537350
58537450
58537549
58537650
58537750
58537849
58537950
58538050
58538149
58538250
58538350
58538449
58538550
58538650
58538749
58538850
58538949
58539049
58539150
58539249
58539350
58539450
58539549
58539650
58539750
58539849
58539950
58540050
58540149
58540250
58540350
58540449
58540550
58540650
58540749
58540850
58540949
58541049
58541150
58541249
58541349
58541450
58541549
58541649
58541750
58541849
58541949
58542049
58542149
58542249
58542349
58542449
58542550
58542649
58542749
58542850
58542949
58543049
58543150
58543353
58543449
58543549
58543649
58543749
58543849
58543949
58544049
58544149
58544249
58544349
58544449
58544549
58544649
58544749
58544849
58544949
58545049
58545148
58545249
58545349
58545448
58545549
58545649
58545748
58545849
58545949
58546049
58546149
58546249
58546349
58546449
58546548
58546649
58546749
58546848
58546949
58547049
58547148
58547249
58547349
58547448
58547549
58547649
58547748
58547849
58547949
58548048
58548149
58548248
58548348
58548449
58548548
58548648
58548749
58548848
58548948
58549049
58549148
58549249
58549349
58549448
58549549
58549648
58549748
58549849
58549948
58550048
58550149
58550248
58550348
58550451
58550548
58550648
58550749
58550848
58550948
58551048
58551148
58551248
58551348
58551449
58551548
58551648
58551748
58551848
58551948
58552048
58552148
58552248
58552348
58552448
58552548
58552648
58552748
58552848
58552948
58553048
58553148
58553248
58553348
58553448
58553548
58553648
58553748
58553848
58553948
58554048
58554147
58554248
58554348
58554447
58554548
58554648
58554747
58554848
58554948
58555047
58555148
58555248
58555347
58555448
58555548
58555648
58555748
58555847
58555948
58556048
58556147
58556248
58556348
58556447
58556548
58556648
58556747
58556848
58556947
58557047
58557148
58557247
58557349
58557448
58557547
58557647
58557748
58557847
58557947
58558048
58558147
58558247
58558348
58558447
58558547
58558647
58558747
58558848
58558947
58559047
58559148
58559247
58559347
58559448
58559547
58559647
58559748
58559847
58559947
58560047
58560147
58560247
58560347
58560450
58560547
58560647
58560747
58560847
58560947
58561047
58561147
58561247
58561347
58561446
58561547
58561647
58561746
58561847
58561947
58562046
58562147
58562247
58562347
58562447
58562547
58562647
58562747
58562847
58562947
58563047
58563146
58563247
58563347
58563446
58563547
58563647
58563746
58563847
58563947
58564046
58564147
58564247
58564346
58564447
58564546
58564646
58564747
58564846
58564946
58565047
58565146
58565246
58565347
58565446
58565547
58565647
58565746
58565847
58565947
58566046
58566147
58566246
58566346
58566447
58566546
58566646
58566747
58566846
58566946
58567047
58567146
58567347
58567446
58567546
58567646
58567746
58567846
58567946
58568046
58568146
58568246
58568346
58568446
58568546
58568646
58568747
58568846
58568946
58569046
58569146
58569246
58569346
58569446
58569546
58569646
58569746
58569846
58569946
58570046
58570146
58570246
58570346
58570446
58570551
58570646
58570745
58570846
58570946
58571045
58571146
58571246
58571345
58571449
58571546
58571645
58571746
58571846
58571945
58572046
58572145
58572246
58572347
58572445
58572546
58572646
58572745
58572846
58572946
58573045
58573146
58573246
58573353
58573446
58573545
58573645
58573746
58573845
58573945
58574046
58574145
58574245
58574346
58574445
58574545
58574646
58574745
58574845
58574945
58575045
58575145
58575245
58575345
58575446
58575545
58575645
58575746
58575845
58575945
58576046
58576145
58576245
58576346
58576445
58576545
58576645
58576745
58576845
58576945
58577045
58577145
58577245
58577345
58577445
58577545
58577645
58577745
58577845
58577945
58578044
58578145
58578245
58578344
58578445
58578545
58578644
58578745
58578845
58578945
58579045
58579145
58579245
58579345
58579444
58579545
58579645
58579744
58579845
58579945
58580044
58580145
58580245
58580344
58580445
58580545
58580648
58580745
58580845
58580944
58581045
58581144
58581244
58581345
58581444
58581544
58581645
58581744
58581844
58581945
58582044
58582145
58582245
58582344
58582445
58582544
58582644
58582745
58582844
58582944
58583045
58583144
58583244
58583345
58583444
58583545
58583645
58583744
58583844
58583945
58584044
58584144
58584244
58584344
58584444
58584544
58584644
58584744
58584844
58584944
58585044
58585144
58585244
58585345
58585444
58585544
58585644
58585744
58585844
58585944
58586044
58586144
58586244
58586347
58586444
58586544
58586644
58586744
58586844
58586944
58587044
58587144
58587244
58587343
58587444
58587544
58587643
58587744
58587844
58587943
58588044
58588144
58588243
58588344
58588444
58588552
58588644
58588743
58588844
58588944
58589043
58589144
58589244
58589346
58589444
58589544
58589643
58589744
58589844
58589943
58590044
58590143
58590243
58590344
58590443
58590543
58590644
58590743
58590843
58590944
58591043
58591143
58591244
58591343
58591443
58591544
58591643
58591744
58591843
58591943
58592044
58592143
58592243
58592344
58592443
58592543
58592644
58592743
58592943
58593043
58593143
58593243
58593343
58593446
58593543
58593643
58593743
58593843
58593943
58594043
58594143
58594243
58594343
58594446
58594543
58594642
58594743
58594843
58594942
58595043
58595143
58595243
58595343
58595443
58595543
58595643
58595743
58595843
58595943
58596043
58596143
58596243
58596348
58596443
58596543
58596642
58596743
58596843
58596942
58597043
58597143
58597242
58597343
58597443
58597542
58597643
58597742
58597842
58597943
58598042
58598142
58598243
58598342
58598443
58598543
58598642
58598743
58598843
58598942
58599043
58599142
58599242
58599343
58599442
58599544
58599643
58599742
58599842
58599943
58600042
58600142
58600243
58600342
58600442
58600542
58600642
58600742
58600842
58600942
58601042
58601142
58601242
58601342
58601442
58601542
58601643
58601742
58601842
58601942
58602042
58602142
58602242
58602342
58602442
58602542
58602642
58602742
58602842
58602942
58603042
58603142
58603242
58603342
58603442
58603542
58603642
58603742
58603842
58603941
58604042
58604142
58604241
58604342
58604442
58604541
58604642
58604742
58604841
58604942
58605041
58605142
58605242
58605341
58605442
58605542
58605641
58605742
58605842
58605941
58606042
58606142
58606241
58606344
58606442
58606541
58606642
58606741
58606841
58606942
58607041
58607141
58607242
58607341
58607447
58607542
58607641
58607741
58607842
58607941
58608041
58608141
58608241
58608342
58608441
58608541
58608642
58608741
58608841
58608942
58609041
58609141
58609242
58609341
58609441
58609541
58609641
58609741
58609841
58609941
58610041
58610141
58610241
58610341
58610441
58610541
58610641
58610741
58610841
58610941
58611041
58611141
58611240
58611341
58611441
58611540
58611641
58611741
58611841
58611941
58612041
58612141
58612241
58612341
58612441
58612541
58612640
58612741
58612841
58612940
58613041
58613141
58613240
58613341
58613441
58613540
58613641
58613741
58613840
58613941
58614040
58614140
58614241
58614340
58614440
58614541
58614640
58614740
58614841
58614940
58615041
58615141
58615240
58615341
58615441
58615540
58615641
58615740
58615840
58615941
58616040
58616140
58616241
58616340
58616443
58616541
58616640
58616740
58616841
58616940
58617040
58617140
58617240
58617342
58617440
58617540
58617640
58617740
58617840
58617940
58618040
58618140
58618241
58618340
58618440
58618541
58618640
58618740
58618840
58618940
58619040
58619140
58619240
58619340
58619440
58619540
58619640
58619740
58619840
58619940
58620040
58620140
58620239
58620340
58620440
58620539
58620640
58620740
58620839
58620940
58621040
58621139
58621240
58621340
58621440
58621540
58621639
58621740
58621840
58621939
58622040
58622140
58622239
58622340
58622440
58622539
58622640
58622740
58622839
58622940
58623039
58623139
58623240
58623339
58623439
58623540
58623639
58623739
58623840
58623939
58624039
58624140
58624239
58624339
58624440
58624539
58624640
58624739
58624839
58624940
58625039
58625139
58625240
58625344
58625439
58625540
58625639
58625739
58625840
58625939
58626039
58626140
58626239
58626342
58626439
58626539
58626639
58626739
58626839
58626939
58627039
58627139
58627239
58627339
58627439
58627538
58627639
58627739
58627838
58627939
58628039
58628139
58628239
58628339
58628439
58628539
58628639
58628739
58628839
58628939
58629039
58629139
58629238
58629339
58629439
58629538
58629639
58629739
58629838
58629939
58630039
58630138
58630239
58630339
58630438
58630539
58630638
58630738
58630839
58630938
58631038
58631139
58631238
58631344
58631439
58631538
58631639
58631739
58631838
58631939
58632039
58632138
58632239
58632338
58632438
58632540
58632638
58632738
58632839
58632938
58633038
58633139
58633238
58633338
58633438
58633538
58633638
58633739
58633838
58633938
58634038
58634138
58634238
58634338
58634438
58634539
58634638
58634738
58634839
58634938
58635038
58635138
58635238
58635338
58635438
58635538
58635638
58635738
58635838
58635938
58636038
58636138
58636238
58636344
58636438
58636538
58636638
58636738
58636837
58636938
58637038
58637137
58637238
58637338
58637437
58637538
58637638
58637737
58637838
58637938
58638138
58638237
58638338
58638438
58638539
58638638
58638738
58638837
58638938
58639038
58639137
58639238
58639338
58639437
58639538
58639637
58639737
58639838
58639937
58640037
58640138
58640237
58640337
58640441
58640537
58640637
58640738
58640837
58640937
58641038
58641137
58641238
58641337
58641437
58641538
58641637
58641737
58641838
58641937
58642037
58642138
58642237
58642337
58642438
58642537
58642637
58642738
58642837
58642937
58643037
58643137
58643237
58643337
58643437
58643537
58643641
58643737
58643837
58643937
58644037
58644136
58644237
58644337
58644436
58644537
58644637
58644737
58644837
58644937
58645037
58645137
58645237
58645337
58645437
58645537
58645637
58645739
58645841
58645937
58646037
58646136
58646237
58646337
58646436
58646537
58646637
58646736
58646837
58646937
58647036
58647137
58647236
58647336
58647437
58647536
58647636
58647737
58647836
58647937
58648037
58648136
58648237
58648337
58648436
58648537
58648636
58648736
58648837
58648936
58649036
58649137
58649236
58649336
58649437
58649536
58649636
58649737
58649836
58649936
58650036
58650136
58650236
58650336
58650436
58650536
58650636
58650736
58650836
58650936
58651036
58651137
58651236
58651336
58651437
58651536
58651636
58651737
58651836
58651936
58652036
58652136
58652236
58652336
58652436
58652536
58652636
58652736
58652836
58652936
58653036
58653135
58653236
58653336
58653435
58653536
58653636
58653735
58653836
58654035
58654136
58654236
58654336
58654436
58654536
58654636
58654736
58654835
58654936
58655036
58655135
58655236
58655336
58655435
58655536
58655636
58655735
58655836
58655936
58656035
58656136
58656235
58656335
58656436
58656535
58656635
58656736
58656835
58656935
58657036
58657135
58657235
58657336
58657435
58657536
58657635
58657735
58657836
58657935
58658035
58658136
58658235
58658335
58658436
58658535
58658635
58658736
58658835
58658935
58659036
58659135
58659235
58659335
58659435
58659535
58659635
58659735
58659835
58659935
58660035
58660135
58660235
58660340
58660435
58660535
58660635
58660734
58660835
58660935
58661035
58661135
58661235
58661335
58661435
58661535
58661635
58661735
58661835
58661935
58662035
58662134
58662235
58662335
58662434
58662535
58662635
58662734
58662835
58662935
58663034
58663135
58663235
58663334
58663435
58663535
58663634
58663735
58663834
58663934
58664035
58664134
58664235
58664335
58664434
58664535
58664635
58664734
58664835
58664935
58665034
58665135
58665234
58665334
58665435
58665534
58665634
58665735
58665834
58666035
58666134
58666234
58666335
58666438
58666534
58666635
58666734
58666834
58666934
58667034
58667134
58667234
58667334
58667435
58667534
58667634
58667735
58667834
58667934
58668035
58668134
58668234
58668334
58668434
58668534
58668634
58668734
58668834
58668934
58669034
58669134
58669234
58669334
58669434
58669534
58669634
58669734
58669834
58669934
58670033
58670134
58670234
58670333
58670434
58670534
58670633
58670734
58670834
58670934
58671034
58671133
58671234
58671334
58671433
58671534
58671634
58671733
58671834
58671934
58672033
58672134
58672234
58672333
58672434
58672534
58672633
58672734
58672833
58672933
58673034
58673133
58673233
58673334
58673433
58673539
58673634
58673733
58673833
58673934
58674033
58674134
58674234
58674333
58674440
58674533
58674641
58674734
58674833
58674933
58675034
58675133
58675233
58675334
58675437
58675533
58675633
58675733
58675833
58675933
58676033
58676133
58676233
58676333
58676433
58676533
58676633
58676733
58676833
58676933
58677033
58677133
58677233
58677332
58677433
58677533
58677633
58677733
58677833
58677933
58678033
58678133
58678233
58678333
58678438
58678533
58678633
58678732
58678833
58678933
58679032
58679133
58679233
58679332
58679433
58679533
58679632
58679733
58679833
58679932
58680033
58680133
58680232
58680333
58680432
58680532
58680633
58680732
58680833
58680933
58681032
58681133
58681233
58681332
58681433
58681533
58681632
58681733
58681833
58681932
58682033
58682132
58682232
58682333
58682432
58682532
58682633
58682732
58682832
58682933
58683032
58683132
58683232
58683332
58683432
58683532
58683632
58683732
58683832
58683932
58684033
58684132
58684232
58684333
58684432
58684532
58684632
58684732
58684832
58684932
58685032
58685132
58685232
58685332
58685432
58685532
58685632
58685732
58685832
58685932
58686032
58686132
58686232
58686331
58686432
58686532
58686631
58686732
58686832
58686931
58687032
58687132
58687232
58687332
58687432
58687533
58687632
58687732
58687832
58687932
58688031
58688132
58688232
58688331
58688432
58688532
58688631
58688732
58688832
58688931
58689032
58689132
58689231
58689332
58689434
58689531
58689632
58689731
58689831
58689932
58690031
58690131
58690232
58690331
58690432
58690532
58690631
58690733
58690831
58690931
58691032
58691131
58691231
58691332
58691431
58691531
58691632
58691731
58691831
58691932
58692031
58692131
58692231
58692331
58692431
58692531
58692631
58692731
58692831
58692931
58693031
58693131
58693231
58693331
58693431
58693531
58693630
58693731
58693831
58693931
58694031
58694131
58694231
58694331
58694431
58694531
58694631
58694731
58694831
58694931
58695031
58695131
58695231
58695330
58695431
58695531
58695630
58695731
58695831
58695930
58696031
58696131
58696230
58696331
58696431
58696530
58696637
58696731
58696830
58696931
58697030
58697131
58697231
58697330
58697431
58697531
58697630
58697731
58697831
58697930
58698031
58698131
58698230
58698331
58698434
58698530
58698631
58698730
58698830
58698931
58699030
58699130
58699231
58699330
58699430
58699531
58699630
58699830
58699930
58700030
58700130
58700230
58700331
58700430
58700530
58700631
58700730
58700830
58700931
58701030
58701130
58701230
58701330
58701430
58701530
58701630
58701730
58701830
58701930
58702030
58702130
58702230
58702330
58702430
58702530
58702630
58702730
58702830
58702929
58703030
58703130
58703229
58703330
58703430
58703529
58703630
58703730
58703830
58703930
58704030
58704130
58704230
58704330
58704430
58704530
58704629
58704730
58704830
58704929
58705030
58705130
58705229
58705330
58705430
58705529
58705630
58705730
58705829
58705930
58706029
58706129
58706230
58706329
58706429
58706530
58706629
58706729
58706830
58706929
58707030
58707130
58707229
58707330
58707429
58707529
58707630
58707729
58707829
58707930
58708029
58708129
58708230
58708329
58708429
58708530
58708629
58708729
58708829
58708929
58709029
58709129
58709229
58709329
58709429
58709529
58709629
58709729
58709829
58709929
58710029
58710129
58710228
58710329
58710429
58710529
58710629
58710729
58710829
58710929
58711029
58711129
58711229
58711329
58711429
58711529
58711629
58711729
58711829
58711929
58712029
58712129
58712228
58712329
58712429
58712528
58712629
58712729
58712828
58712929
58713029
58713128
58713229
58713328
58713428
58713529
58713628
58713729
58713829
58713928
58714029
58714129
58714228
58714329
58714429
58714528
58714629
58714729
58714828
58714929
58715028
58715128
58715229
58715328
58715428
58715529
58715628
58715728
58715829
58715928
58716028
58716129
58716228
58716328
58716428
58716528
58716628
58716728
58716828
58716929
58717028
58717128
58717229
58717328
58717430
58717529
58717628
58717728
58717828
58717928
58718028
58718128
58718228
58718337
58718428
58718528
58718628
58718728
58718828
58718928
58719028
58719128
58719228
58719328
58719428
58719528
58719628
58719728
58719827
58719928
58720028
58720128
58720228
58720328
58720428
58720528
58720627
58720728
58720828
58720927
58721028
58721128
58721227
58721328
58721428
58721527
58721628
58721728
58721827
58721928
58722028
58722127
58722228
58722328
58722427
58722528
58722627
58722727
58722828
58722927
58723027
58723128
58723227
58723328
58723428
58723527
58723628
58723728
58723827
58723928
58724027
58724127
58724228
58724327
58724427
58724528
58724627
58724727
58724828
58724927
58725027
58725128
58725227
58725327
58725427
58725527
58725632
58725727
58725827
58725927
58726027
58726127
58726227
58726327
58726427
58726528
58726627
58726727
58726828
58726927
58727027
58727128
58727227
58727327
58727427
58727527
58727627
58727727
58727827
58727927
58728027
58728127
58728227
58728327
58728427
58728526
58728627
58728727
58728826
58728927
58729027
58729126
58729227
58729327
58729426
58729527
58729627
58729726
58729827
58729926
58730027
58730127
58730226
58730327
58730427
58730526
58730627
58730727
58730826
58730927
58731027
58731126
58731227
58731326
58731426
58731527
58731626
58731726
58731827
58731926
58732026
58732127
58732226
58732326
58732427
58732526
58732626
58732727
58732826
58732926
58733026
58733126
58733227
58733326
58733426
58733527
58733628
58733726
58733827
58733926
58734026
58734127
58734326
58734426
58734526
58734626
58734727
58734826
58734926
58735026
58735126
58735226
58735326
58735426
58735526
58735626
58735726
58735825
58735926
58736125
58736226
58736326
58736425
58736526
58736626
58736726
58736826
58736926
58737026
58737126
58737226
58737326
58737426
58737526
58737626
58737726
58737825
58737926
58738026
58738125
58738226
58738326
58738426
58738526
58738626
58738725
58738826
58738925
58739025
58739126
58739225
58739325
58739430
58739525
58739625
58739726
58739825
58739926
58740026
58740125
58740226
58740326
58740425
58740526
58740625
58740725
58740826
58740925
58741025
58741126
58741225
58741325
58741426
58741525
58741625
58741726
58741825
58741925
58742025
58742125
58742225
58742325
58742425
58742525
58742625
58742725
58742825
58742925
58743025
58743126
58743225
58743325
58743425
58743525
58743725
58743825
58743925
58744025
58744125
58744225
58744325
58744425
58744525
58744625
58744825
58744925
58745025
58745124
58745225
58745325
58745424
58745525
58745627
58745724
58745825
58745925
58746024
58746125
58746225
58746329
58746425
58746524
58746625
58746725
58746824
58746925
58747025
58747124
58747225
58747325
58747424
58747525
58747625
58747724
58747825
58747924
58748024
58748125
58748224
58748324
58748425
58748524
58748624
58748725
58748824
58748924
58749025
58749124
58749224
58749324
58749426
58749524
58749624
58749724
58749825
58749924
58750024
58750125
58750224
58750324
58750425
58750524
58750624
58750725
58750824
58750924
58751024
58751124
58751224
58751324
58751424
58751524
58751624
58751724
58751824
58751924
58752024
58752124
58752224
58752324
58752423
58752524
58752624
58752723
58752824
58752924
58753024
58753124
58753224
58753324
58753424
58753524
58753628
58753724
58753823
58753924
58754024
58754123
58754224
58754324
58754423
58754524
58754624
58754723
58754824
58754924
58755023
58755124
58755224
58755323
58755424
58755523
58755623
58755724
58755823
58755923
58756024
58756123
58756224
58756324
58756423
58756524
58756624
58756723
58756824
58756923
58757023
58757124
58757223
58757323
58757424
58757523
58757623
58757724
58757823
58757923
58758024
58758123
58758223
58758328
58758423
58758523
58758623
58758723
58758823
58758923
58759023
58759123
58759223
58759323
58759424
58759523
58759623
58759724
58759823
58759923
58760023
58760123
58760223
58760323
58760423
58760523
58760623
58760723
58760823
58760923
58761023
58761123
58761223
58761323
58761422
58761523
58761623
58761722
58761823
58761923
58762022
58762123
58762223
58762322
58762423
58762523
58762622
58762723
58762823
58762923
58763023
58763122
58763223
58763323
58763422
58763523
58763623
58763722
58763823
58763923
58764022
58764123
58764223
58764322
58764423
58764522
58764622
58764723
58764822
58764922
58765023
58765122
58765222
58765323
58765422
58765522
58765623
58765722
58765822
58765922
58766022
58766123
58766222
58766322
58766423
58766522
58766622
58766723
58766822
58766922
58767023
58767122
58767222
58767323
58767422
58767522
58767622
58767722
58767822
58767922
58768022
58768122
58768222
58768322
58768422
58768522
58768622
58768722
58768822
58768922
58769021
58769122
58769222
58769321
58769422
58769623
58769722
58769822
58769922
58770022
58770222
58770322
58770421
58770522
58770622
58770721
58770822
58770922
58771021
58771122
58771222
58771321
58771422
58771522
58771621
58771722
58771821
58771921
58772022
58772121
58772221
58772322
58772421
58772521
58772622
58772721
58772822
58772922
58773021
58773122
58773222
58773321
58773422
58773521
58773621
58773722
58773821
58773921
58774022
58774121
58774221
58774322
58774423
58774521
58774622
58774721
58774821
58774922
58775021
58775121
58775221
58775321
58775421
58775521
58775621
58775721
58775821
58775921
58776022
58776121
58776221
58776322
58776421
58776521
58776621
58776721
58776821
58776921
58777021
58777121
58777221
58777321
58777421
58777521
58777621
58777721
58777821
58777921
58778021
58778121
58778221
58778320
58778425
58778521
58778620
58778721
58778821
58778920
58779024
58779121
58779220
58779321
58779420
58779521
58779621
58779720
58779821
58779921
58780020
58780121
58780221
58780320
58780421
58780521
58780620
58780721
58780821
58780920
58781021
58781120
58781220
58781321
58781420
58781520
58781621
58781720
58781820
58781921
58782020
58782120
58782221
58782320
58782420
58782521
58782620
58782721
58782820
58782920
58783021
58783120
58783220
58783321
58783420
58783524
58783621
58783720
58783820
58783920
58784020
58784120
58784220
58784320
58784420
58784525
58784620
58784720
58784820
58784920
58785020
58785120
58785220
58785319
58785420
58785520
58785619
58785720
58785820
58785920
58786020
58786120
58786220
58786320
58786420
58786520
58786620
58786720
58786820
58786920
58787019
58787120
58787220
58787319
58787425
58787520
58787619
58787720
58787820
58787919
58788020
58788120
58788219
58788320
58788419
58788519
58788620
58788719
58788819
58788920
58789019
58789120
58789220
58789319
58789420
58789520
58789619
58789720
58789820
58789919
58790020
58790119
58790219
58790320
58790419
58790519
58790620
58790724
58790819
58790920
58791019
58791119
58791220
58791319
58791419
58791519
58791619
58791719
58791819
58791919
58792019
58792119
58792219
58792320
58792419
58792519
58792620
58792719
58792819
58792920
58793019
58793119
58793219
58793319
58793419
58793519
58793619
58793719
58793819
58793919
58794019
58794119
58794219
58794319
58794419
58794519
58794618
58794719
58794819
58794918
58795019
58795119
58795218
58795319
58795419
58795518
58795619
58795719
58795825
58795919
58796018
58796119
58796219
58796318
58796419
58796523
58796618
58796719
58796819
58796918
58797019
58797119
58797218
58797319
58797419
58797518
58797619
58797719
58797818
58797919
58798018
58798118
58798219
58798318
58798423
58798519
58798618
58798718
58798819
58798918
58799019
58799118
58799218
58799319
58799418
58799518
58799619
58799718
58799818
58799919
58800018
58800118
58800219
58800318
58800418
58800518
58800618
58800718
58800823
58800918
58801018
58801118
58801218
58801318
58801424
58801518
58801618
58801718
58801818
58801917
58802018
58802118
58802217
58802318
58802418
58802518
58802618
58802718
58802818
58802918
58803018
58803118
58803218
58803322
58803418
58803518
58803618
58803718
58803818
58803917
58804018
58804118
58804217
58804318
58804418
58804523
58804618
58804718
58804817
58804918
58805018
58805117
58805218
58805318
58805417
58805518
58805617
58805718
58805818
58805917
58806018
58806118
58806217
58806318
58806418
58806517
58806618
58806717
58806817
58806918
58807017
58807117
58807218
58807317
58807417
58807518
58807617
58807717
58807818
58807917
58808017
58808117
58808217
58808317
58808417
58808518
58808617
58808717
58808817
58808918
58809017
58809117
58809218
58809317
58809417
58809517
58809617
58809717
58809817
58809917
58810017
58810117
58810217
58810317
58810417
58810517
58810617
58810721
58810817
58810917
58811017
58811117
58811216
58811317
58811417
58811516
58811617
58811717
58811816
58811917
58812017
58812116
58812217
58812317
58812417
58812521
58812617
58812717
58812817
58812916
58813017
58813117
58813216
58813317
58813417
58813516
58813617
58813717
58813816
58813917
58814016
58814116
58814217
58814316
58814416
58814517
58814616
58814716
58814817
58814916
58815016
58815117
58815216
58815316
58815417
58815516
58815617
58815717
58815816
58815917
58816016
58816116
58816217
58816316
58816416
58816517
58816616
58816716
58816817
58816916
58817016
58817116
58817216
58817316
58817416
58817516
58817616
58817716
58817816
58817916
58818016
58818116
58818216
58818316
58818416
58818516
58818616
58818716
58818816
58818916
58819016
58819116
58819216
58819316
58819416
58819516
58819616
58819716
58819816
58819916
58820016
58820116
58820215
58820316
58820416
58820515
58820616
58820716
58820815
58820916
58821016
58821115
58821216
58821316
58821415
58821516
58821615
58821715
58821816
58821915
58822016
58822116
58822215
58822316
58822416
58822515
58822616
58822716
58822815
58822916
58823016
58823115
58823216
58823315
58823415
58823516
58823618
58823715
58823816
58823915
58824015
58824116
58824215
58824315
58824416
58824515
58824615
58824715
58824815
58824915
58825015
58825115
58825216
58825315
58825415
58825516
58825615
58825715
58825816
58825915
58826015
58826115
58826215
58826315
58826415
58826515
58826615
58826715
58826815
58826915
58827015
58827115
58827215
58827315
58827415
58827517
58827615
58827715
58827814
58827915
58828015
58828114
58828215
58828315
58828414
58828515
58828615
58828715
58828815
58828915
58829015
58829115
58829214
58829315
58829415
58829514
58829615
58829715
58829814
58829915
58830015
58830114
58830215
58830315
58830414
58830515
58830618
58830714
58830815
58830914
58831014
58831115
58831214
58831314
58831416
58831514
58831614
58831715
58831814
58831915
58832015
58832114
58832215
58832314
58832414
58832521
58832614
58832714
58832815
58832914
58833014
58833115
58833214
58833314
58833415
58833514
58833614
58833714
58833814
58833914
58834014
58834114
58834214
58834314
58834414
58834514
58834614
58834714
58834814
58834914
58835014
58835113
58835214
58835314
58835414
58835514
58835614
58835714
58835814
58835914
58836014
58836114
58836214
58836314
58836414
58836514
58836614
58836714
58836813
58836914
58837014
58837113
58837214
58837314
58837413
58837514
58837614
58837713
58837814
58837914
58838013
58838114
58838214
58838313
58838417
58838513
58838614
58838714
58838813
58838914
58839014
58839113
58839214
58839314
58839413
58839514
58839613
58839713
58839814
58839913
58840013
58840114
58840213
58840313
58840414
58840517
58840613
58840714
58840813
58840913
58841014
58841113
58841213
58841313
58841413
58841513
58841613
58841713
58841814
58841913
58842013
58842114
58842213
58842313
58842414
58842513
58842613
58842714
58842813
58842913
58843013
58843113
58843213
58843313
58843413
58843513
58843613
58843713
58843813
58843913
58844013
58844113
58844213
58844313
58844412
58844513
58844616
58844712
58844813
58844913
58845012
58845113
58845213
58845313
58845413
58845513
58845613
58845713
58845813
58845913
58846013
58846112
58846213
58846313
58846412
58846513
58846613
58846712
58846813
58846913
58847012
58847113
58847212
58847312
58847413
58847512
58847612
58847713
58847812
58847912
58848013
58848112
58848212
58848313
58848412
58848513
58848613
58848712
58848813
58848912
58849012
58849113
58849212
58849312
58849413
58849512
58849612
58849713
58849812
58849912
58850013
58850112
58850212
58850312
58850412
58850512
58850612
58850712
58850817
58850912
58851012
58851112
58851212
58851312
58851412
58851512
58851612
58851713
58851812
58851912
58852012
58852112
58852212
58852312
58852412
58852512
58852612
58852712
58852812
58852912
58853012
58853112
58853212
58853312
58853411
58853512
58853612
58853711
58853812
58853912
58854011
58854112
58854212
58854311
58854412
58854512
58854611
58854712
58854811
58854912
58855012
58855111
58855212
58855312
58855512
58855612
58855711
58855812
58855912
58856011
58856112
58856211
58856311
58856412
58856511
58856611
58856712
58856811
58856911
58857012
58857111
58857211
58857312
58857411
58857511
58857616
58857711
58857811
58857911
58858011
58858112
58858211
58858311
58858412
58858511
58858611
58858712
58858811
58858911
58859011
58859111
58859211
58859311
58859411
58859511
58859611
58859711
58859811
58859911
58860011
58860111
58860211
58860311
58860411
58860511
58860611
58860711
58860811
58860911
58861010
58861111
58861211
58861310
58861411
58861511
58861611
58861711
58861811
58861911
58862011
58862111
58862211
58862311
58862416
58862511
58862611
58862710
58862811
58862911
58863010
58863111
58863211
58863310
58863411
58863511
58863610
58863711
58863810
58863910
58864011
58864110
58864210
58864311
58864410
58864510
58864611
58864710
58864911
58865010
58865111
58865210
58865310
58865411
58865513
58865610
58865711
58865810
58865910
58866011
58866110
58866210
58866311
58866410
58866512
58866611
58866710
58866810
58866910
58867010
58867110
58867210
58867310
58867410
58867510
58867610
58867710
58867810
58867910
58868011
58868110
58868210
58868311
58868410
58868510
58868610
58868710
58868810
58868910
58869010
58869110
58869210
58869310
58869410
58869510
58869610
58869710
58869810
58870009
58870110
58870210
58870309
58870410
58870510
58870609
58870710
58870810
58870909
58871010
58871110
58871209
58871310
58871409
58871510
58871619
58871709
58871810
58871910
58872009
58872110
58872210
58872309
58872410
58872510
58872609
58872710
58872809
58872909
58873010
58873109
58873209
58873315
58873409
58873509
58873610
58873709
58873809
58873910
58874009
58874109
58874210
58874309
58874409
58874509
58874609
58874710
58874809
58874909
58875010
58875109
58875209
58875310
58875409
58875509
58875610
58875709
58875809
58875910
58876009
58876109
58876209
58876309
58876409
58876509
58876609
58876709
58876809
58876909
58877009
58877109
58877209
58877308
58877409
58877509
58877608
58877709
58877809
58877908
58878009
58878109
58878209
58878309
58878409
58878509
58878609
58878709
58878809
58878909
58879008
58879109
58879209
58879308
58879409
58879512
58879608
58879709
58879809
58879908
58880009
58880109
58880208
58880309
58880408
58880508
58880609
58880708
58880808
58880909
58881008
58881108
58881209
58881308
58881409
58881509
58881608
58881709
58881808
58881908
58882108
58882208
58882312
58882408
58882508
58882609
58882708
58882808
58882909
58883008
58883108
58883209
58883308
58883408
58883509
58883608
58883708
58883808
58883908
58884008
58884108
58884208
58884308
58884408
58884508
58884609
58884708
58884808
58884908
58885008
58885108
58885208
58885308
58885408
58885508
58885608
58885708
58885808
58885908
58886008
58886108
58886208
58886308
58886408
58886508
58886607
58886708
58886808
58886907
58887008
58887108
58887207
58887308
58887408
58887507
58887608
58887708
58887808
58887908
58888007
58888108
58888208
58888307
58888408
58888508
58888607
58888708
58888808
58888907
58889008
58889108
58889207
58889308
58889407
58889507
58889608
58889707
58889807
58889908
58890007
58890107
58890208
58890307
58890407
58890508
58890607
58890707
58890809
58890907
58891008
58891108
58891207
58891308
58891407
58891507
58891608
58891707
58891807
58891908
58892007
58892107
58892208
58892307
58892407
58892507
58892607
58892707
58892807
58892907
58893007
58893107
58893207
58893307
58893409
58893507
58893607
58893707
58893807
58893906
58894007
58894107
58894206
58894307
58894407
58894510
58894607
58894707
58894807
58894907
58895007
58895107
58895207
58895307
58895407
58895507
58895606
58895707
58895807
58895906
58896007
58896107
58896206
58896307
58896408
58896506
58896607
58896707
58896806
58896907
58897006
58897106
58897207
58897306
58897411
58897507
58897606
58897707
58897807
58897906
58898007
58898107
58898206
58898307
58898407
58898506
58898610
58898707
58898806
58898907
58899006
58899106
58899207
58899306
58899406
58899507
58899606
58899706
58899807
58899906
58900006
58900106
58900206
58900306
58900406
58900506
58900606
58900706
58900806
58900907
58901006
58901106
58901207
58901306
58901406
58901506
58901606
58901706
58901806
58901906
58902006
58902106
58902206
58902306
58902414
58902506
58902606
58902706
58902806
58902906
58903006
58903106
58903205
58903306
58903406
58903505
58903606
58903706
58903805
58903906
58904006
58904105
58904206
58904306
58904406
58904506
58904608
58904706
58904806
58904905
58905006
58905106
58905205
58905306
58905406
58905505
58905606
58905706
58905805
58905906
58906005
58906105
58906206
58906305
58906405
58906506
58906605
58906705
58906806
58906905
58907005
58907106
58907205
58907305
58907405
58907505
58907606
58907705
58907805
58907906
58908005
58908105
58908206
58908305
58908410
58908506
58908605
58908705
58908806
58908905
58909005
58909105
58909205
58909305
58909405
58909505
58909605
58909705
58909805
58909905
58910005
58910105
58910205
58910305
58910409
58910504
58910605
58910705
58910804
58910905
58911005
58911105
58911205
58911305
58911405
58911513
58911605
58911705
58911805
58911904
58912005
58912105
58912204
58912305
58912405
58912504
58912605
58912705
58912804
58912905
58913005
58913104
58913205
58913305
58913404
58913505
58913604
58913704
58913805
58913904
58914004
58914105
58914204
58914305
58914405
58914504
58914605
58914705
58914804
58914905
58915004
58915104
58915205
58915304
58915404
58915505
58915604
58915704
58915805
58915904
58916004
58916105
58916204
58916304
58916414
58916504
58916604
58916705
58916804
58916904
58917004
58917104
58917204
58917304
58917404
58917505
58917604
58917704
58917805
58917904
58918004
58918104
58918204
58918304
58918404
58918504
58918604
58918704
58918804
58918904
58919004
58919104
58919204
58919304
58919404
58919503
58919604
58919704
58919803
58919904
58920004
58920103
58920204
58920304
58920403
58920504
58920604
58920708
58920804
58920904
58921004
58921104
58921203
58921304
58921404
58921503
58921604
58921704
58921803
58921904
58922004
58922103
58922204
58922304
58922403
58922504
58922603
58922703
58922804
58922903
58923003
58923104
58923203
58923303
58923404
58923503
58923603
58923704
58923803
58923904
58924004
58924103
58924204
58924304
58924403
58924504
58924603
58924703
58924804
58924903
58925003
58925104
58925203
58925303
58925404
58925503
58925603
58925703
58925822
58925903
58926003
58926103
58926203
58926303
58926403
58926503
58926603
58926703
58926803
58926903
58927003
58927102
58927203
58927303
58927403
58927505
58927603
58927703
58927803
58927903
58928003
58928103
58928203
58928303
58928403
58928504
58928603
58928703
58928802
58928903
58929003
58929102
58929203
58929303
58929402
58929505
58929603
58929702
58929803
58929903
58930002
58930103
58930202
58930302
58930403
58930507
58930603
58930703
58930805
58930903
58931003
58931102
58931203
58931303
58931402
58931503
58931605
58931702
58931803
58931902
58932002
58932103
58932202
58932302
58932403
58932502
58932602
58932703
58932802
58932902
58933003
58933102
58933202
58933302
58933402
58933502
58933602
58933702
58933803
58933902
58934002
58934103
58934202
58934302
58934402
58934502
58934602
58934702
58934802
58934902
58935002
58935102
58935202
58935302
58935402
58935502
58935602
58935702
58935806
58935902
58936002
58936101
58936202
58936302
58936401
58936502
58936602
58936701
58936802
58936902
58937001
58937102
58937202
58937306
58937402
58937501
58937602
58937702
58937801
58937902
58938002
58938101
58938202
58938302
58938401
58938502
58938602
58938701
58938802
58938902
58939001
58939102
58939202
58939301
58939402
58939504
58939601
58939702
58939801
58939901
58940002
58940101
58940201
58940302
58940401
58940502
58940601
58940701
58940802
58940901
58941001
58941102
58941201
58941303
58941402
58941501
58941601
58941702
58941801
58941901
58942002
58942101
58942201
58942301
58942401
58942501
58942605
58942701
58942801
58942901
58943001
58943101
58943201
58943301
58943401
58943501
58943601
58943700
58943801
58943901
58944001
58944101
58944201
58944301
58944401
58944501
58944601
58944701
58944801
58944901
58945001
58945100
58945201
58945301
58945400
58945501
58945601
58945700
58945801
58945901
58946000
58946101
58946201
58946300
58946401
58946501
58946600
58946701
58946801
58946900
58947001
58947100
58947201
58947302
58947400
58947501
58947601
58947700
58947801
58947901
58948000
58948101
58948200
58948300
58948401
58948500
58948605
58948701
58948800
58948900
58949001
58949100
58949200
58949301
58949400
58949500
58949601
58949700
58949800
58949900
58950000
58950100
58950200
58950300
58950401
58950500
58950600
58950701
58950800
58950900
58951001
58951100
58951200
58951300
58951400
58951500
58951600
58951700
58951800
58951900
58952000
58952100
58952200
58952300
58952406
58952500
58952600
58952700
58952800
58952900
58952999
58953100
58953200
58953299
58953400
58953500
58953600
58953700
58953800
58953900
58954000
58954100
58954200
58954300
58954400
58954500
58954600
58954699
58954800
58954900
58954999
58955100
58955200
58955299
58955400
58955500
58955599
58955700
58955799
58955899
58956000
58956099
58956199
58956300
58956399
58956499
58956600
58956699
58956800
58956900
58956999
58957100
58957200
58957299
58957400
58957499
58957599
58957700
58957799
58957899
58958000
58958099
58958199
58958300
58958399
58958499
58958599
58958699
58958799
58958899
58958999
58959099
58959199
58959299
58959399
58959499
58959599
58959699
58959799
58959899
58960000
58960099
58960199
58960299
58960399
58960501
58960599
58960699
58960799
58960899
58960999
58961099
58961199
58961399
58961499
58961599
58961699
58961799
58961899
58961998
58962099
58962199
58962298
58962399
58962499
58962598
58962699
58962799
58962898
58962999
58963099
58963198
58963299
58963398
58963499
58963603
58963698
58963799
58963899
58963998
58964099
58964199
58964298
58964399
58964499
58964598
58964699
58964798
58964898
58964999
58965098
58965198
58965299
58965398
58965498
58965599
58965698
58965798
58965899
58965998
58966098
58966198
58966298
58966398
58966498
58966603
58966699
58966798
58966898
58966999
58967098
58967198
58967299
58967398
58967503
58967599
58967698
58967798
58967898
58967998
58968098
58968198
58968298
58968398
58968498
58968598
58968798
58968898
58968998
58969098
58969198
58969297
58969398
58969498
58969597
58969698
58969798
58969897
58969998
58970098
58970198
58970298
58970398
58970498
58970599
58970703
58970798
58970898
58970997
58971098
58971198
58971297
58971398
58971498
58971597
58971698
58971798
58971897
58971998
58972098
58972197
58972298
58972397
58972497
58972598
58972697
58972797
58972898
58972997
58973097
58973198
58973297
58973398
58973498
58973597
58973698
58973797
58973897
58973998
58974097
58974197
58974298
58974397
58974497
58974598
58974697
58974797
58974898
58974997
58975097
58975198
58975297
58975397
58975497
58975597
58975697
58975797
58975897
58975997
58976097
58976197
58976297
58976397
58976502
58976598
58976697
58976797
58976897
58976997
58977097
58977197
58977297
58977397
58977497
58977597
58977697
58977797
58977897
58977997
58978097
58978197
58978296
58978397
58978497
58978596
58978697
58978797
58978896
58978997
58979097
58979196
58979297
58979397
58979501
58979597
58979697
58979796
58979897
58979996
58980097
58980197
58980296
58980397
58980497
58980596
58980697
58980797
58980896
58980997
58981097
58981196
58981297
58981396
58981496
58981602
58981696
58981796
58981897
58981996
58982096
58982197
58982296
58982396
58982497
58982596
58982696
58982796
58982896
58982996
58983096
58983196
58983297
58983396
58983498
58983597
58983696
58983796
58983897
58983996
58984096
58984197
58984296
58984396
58984496
58984599
58984696
58984896
58984996
58985096
58985196
58985296
58985396
58985496
58985596
58985696
58985796
58985895
58985996
58986096
58986195
58986296
58986396
58986496
58986596
58986696
58986796
58986896
58986996
58987096
58987196
58987296
58987396
58987496
58987597
58987696
58987796
58987895
58987996
58988096
58988195
58988296
58988396
58988495
58988596
58988696
58988795
58988896
58988995
58989095
58989196
58989295
58989395
58989496
58989595
58989696
58989796
58989895
58989996
58990096
58990195
58990296
58990395
58990495
58990596
58990695
58990795
58990896
58990995
58991196
58991295
58991395
58991496
58991595
58991695
58991796
58991895
58991995
58992095
58992195
58992295
58992395
58992495
58992595
58992695
58992795
58992896
58992995
58993095
58993196
58993295
58993395
58993495
58993595
58993695
58993795
58993895
58993995
58994095
58994195
58994295
58994395
58994495
58994595
58994695
58994795
58994895
58994995
58995095
58995195
58995295
58995395
58995494
58995595
58995695
58995794
58995895
58995995
58996094
58996195
58996295
58996395
58996495
58996594
58996695
58996795
58996894
58996995
58997095
58997194
58997295
58997395
58997494
58997595
58997695
58997794
58997895
58997995
58998094
58998195
58998294
58998394
58998495
58998594
58998694
58998795
58998894
58998994
58999095
58999194
58999294
58999394
58999502
58999595
58999694
58999794
58999895
58999994
59000094
59000195
59000294
59000394
59000495
59000594
59000694
59000795
59000894
59000994
59001094
59001194
59001294
59001394
59001494
59001594
59001694
59001794
59001894
59001994
59002094
59002194
59002294
59002398
59002494
59002594
59002694
59002793
59002894
59002994
59003094
59003194
59003294
59003394
59003494
59003594
59003694
59003794
59003894
59003994
59004094
59004193
59004299
59004394
59004493
59004594
59004694
59004793
59004894
59004994
59005093
59005194
59005294
59005393
59005494
59005594
59005693
59005794
59005893
59005993
59006094
59006193
59006294
59006394
59006493
59006594
59006694
59006793
59006894
59006993
59007093
59007194
59007293
59007393
59007494
59007593
59007693
59007794
59007893
59007993
59008094
59008193
59008293
59008394
59008493
59008593
59008693
59008793
59008893
59008993
59009093
59009193
59009293
59009393
59009494
59009593
59009693
59009794
59009893
59009993
59010093
59010193
59010293
59010393
59010493
59010593
59010693
59010793
59010893
59010993
59011093
59011193
59011293
59011393
59011492
59011593
59011693
59011792
59011893
59011993
59012092
59012193
59012293
59012392
59012493
59012593
59012692
59012793
59012893
59012993
59013093
59013192
59013293
59013398
59013492
59013593
59013693
59013792
59013893
59013993
59014092
59014193
59014293
59014392
59014493
59014594
59014692
59014793
59014892
59014992
59015093
59015192
59015292
59015393
59015492
59015592
59015693
59015792
59015892
59015993
59016092
59016193
59016292
59016394
59016493
59016592
59016692
59016793
59016892
59016992
59017093
59017192
59017292
59017393
59017492
59017595
59017692
59017796
59017892
59017992
59018092
59018192
59018292
59018392
59018492
59018592
59018692
59018792
59018892
59018992
59019091
59019192
59019292
59019392
59019492
59019592
59019692
59019792
59019892
59019992
59020092
59020192
59020292
59020392
59020492
59020592
59020692
59020791
59020892
59020992
59021091
59021192
59021292
59021391
59021492
59021592
59021691
59021792
59021892
59021991
59022092
59022191
59022291
59022392
59022491
59022592
59022692
59022791
59022892
59022992
59023091
59023192
59023292
59023391
59023492
59023591
59023691
59023792
59023891
59023991
59024092
59024191
59024291
59024392
59024491
59024592
59024692
59024791
59024891
59024992
59025091
59025191
59025291
59025391
59025492
59025591
59025691
59025792
59025891
59025991
59026092
59026191
59026291
59026392
59026491
59026591
59026691
59026791
59026891
59026991
59027091
59027191
59027291
59027391
59027491
59027591
59027691
59027791
59027891
59027991
59028091
59028191
59028291
59028390
59028491
59028594
59028690
59028791
59028891
59028990
59029091
59029191
59029291
59029391
59029492
59029591
59029691
59029790
59029891
59029991
59030090
59030191
59030291
59030390
59030491
59030591
59030690
59030891
59030990
59031091
59031190
59031290
59031393
59031490
59031590
59031691
59031790
59031890
59031991
59032090
59032190
59032291
59032390
59032492
59032590
59032690
59032791
59032890
59032990
59033091
59033190
59033290
59033391
59033490
59033590
59033691
59033790
59033890
59033990
59034090
59034190
59034290
59034390
59034490
59034590
59034690
59034790
59034890
59034990
59035090
59035190
59035290
59035390
59035490
59035594
59035694
59035790
59035890
59035990
59036090
59036190
59036290
59036390
59036490
59036590
59036690
59036790
59036890
59036990
59037089
59037190
59037290
59037389
59037490
59037590
59037689
59037790
59037890
59037989
59038090
59038190
59038289
59038390
59038490
59038589
59038690
59038789
59038889
59038990
59039089
59039190
59039295
59039389
59039490
59039590
59039689
59039790
59039890
59039989
59040090
59040189
59040289
59040390
59040489
59040589
59040690
59040789
59040889
59040990
59041089
59041189
59041290
59041389
59041489
59041590
59041689
59041789
59041889
59041989
59042089
59042189
59042289
59042390
59042489
59042589
59042690
59042789
59042889
59042990
59043089
59043189
59043290
59043389
59043489
59043589
59043689
59043789
59043889
59043989
59044089
59044189
59044289
59044389
59044489
59044589
59044689
59044789
59044889
59044988
59045089
59045189
59045288
59045389
59045489
59045588
59045689
59045789
59045889
59045989
59046089
59046189
59046289
59046388
59046489
59046589
59046688
59046789
59046889
59046988
59047089
59047189
59047288
59047389
59047489
59047588
59047689
59047788
59047888
59047989
59048088
59048188
59048289
59048388
59048488
59048589
59048688
59048788
59048889
59048988
59049089
59049188
59049288
59049389
59049488
59049588
59049689
59049788
59049888
59049989
59050088
59050188
59050289
59050388
59050488
59050589
59050688
59050789
59050889
59050988
59051088
59051188
59051288
59051388
59051488
59051588
59051688
59051788
59051888
59051988
59052088
59052188
59052288
59052388
59052488
59052588
59052688
59052788
59052888
59052988
59053088
59053188
59053288
59053388
59053488
59053588
59053688
59053788
59053888
59053987
59054088
59054188
59054287
59054388
59054488
59054587
59054688
59054788
59054887
59054988
59055088
59055187
59055288
59055387
59055488
59055588
59055687
59055788
59055888
59055987
59056088
59056188
59056287
59056388
59056488
59056587
59056688
59056787
59056887
59056988
59057087
59057187
59057288
59057387
59057488
59057588
59057687
59057787
59057888
59057987
59058087
59058188
59058287
59058387
59058488
59058587
59058688
59058787
59058887
59058988
59059087
59059187
59059289
59059387
59059487
59059588
59059687
59059787
59059887
59059987
59060087
59060187
59060287
59060387
59060487
59060592
59060687
59060787
59060887
59060987
59061087
59061187
59061287
59061387
59061492
59061586
59061687
59061787
59061886
59061987
59062087
59062187
59062287
59062387
59062487
59062587
59062687
59062787
59062887
59062986
59063087
59063187
59063286
59063387
59063487
59063586
59063687
59063787
59063886
59063987
59064087
59064186
59064287
59064386
59064486
59064587
59064686
59064786
59064887
59064986
59065086
59065187
59065286
59065387
59065491
59065586
59065687
59065787
59065886
59065987
59066087
59066186
59066287
59066386
59066486
59066587
59066686
59066786
59066887
59066986
59067086
59067187
59067286
59067386
59067486
59067586
59067686
59067786
59067886
59067986
59068086
59068186
59068286
59068386
59068486
59068587
59068686
59068786
59068887
59068986
59069086
59069186
59069286
59069386
59069489
59069586
59069686
59069786
59069886
59069986
59070086
59070186
59070285
59070486
59070585
59070686
59070786
59070885
59070986
59071086
59071185
59071286
59071390
59071485
59071586
59071686
59071785
59071886
59071985
59072086
59072186
59072285
59072386
59072486
59072585
59072686
59072786
59072885
59072986
59073086
59073185
59073286
59073386
59073485
59073586
59073686
59073785
59073886
59073985
59074085
59074186
59074285
59074385
59074486
59074585
59074685
59074785
59074885
59074985
59075085
59075185
59075286
59075385
59075486
59075586
59075685
59075785
59075886
59075985
59076085
59076186
59076285
59076385
59076485
59076585
59076685
59076785
59076885
59076985
59077085
59077185
59077285
59077385
59077485
59077585
59077685
59077785
59077884
59077985
59078085
59078184
59078285
59078385
59078484
59078585
59078685
59078785
59078885
59078985
59079085
59079185
59079285
59079385
59079485
59079589
59079685
59079785
59079884
59079985
59080085
59080184
59080285
59080385
59080495
59080585
59080685
59080784
59080885
59080985
59081084
59081185
59081284
59081384
59081485
59081584
59081684
59081785
59081884
59081985
59082085
59082184
59082285
59082390
59082484
59082585
59082684
59082784
59082885
59082984
59083084
59083185
59083288
59083384
59083485
59083584
59083684
59083785
59083884
59083984
59084085
59084184
59084286
59084384
59084484
59084584
59084684
59084784
59084884
59084984
59085084
59085185
59085284
59085384
59085485
59085584
59085688
59085784
59085884
59085984
59086084
59086184
59086284
59086384
59086484
59086589
59086684
59086784
59086884
59086984
59087084
59087183
59087284
59087384
59087483
59087584
59087684
59087783
59087884
59087984
59088083
59088184
59088284
59088384
59088484
59088584
59088684
59088784
59088883
59088984
59089084
59089183
59089284
59089384
59089483
59089584
59089684
59089783
59089884
59089984
59090083
59090184
59090283
59090384
59090484
59090583
59090683
59090784
59090883
59090983
59091084
59091183
59091283
59091384
59091483
59091584
59091684
59091783
59091884
59091983
59092083
59092184
59092283
59092383
59092484
59092583
59092683
59092784
59092883
59092983
59093083
59093183
59093283
59093383
59093484
59093583
59093683
59093783
59093883
59093983
59094083
59094183
59094283
59094489
59094583
59094683
59094782
59094883
59094983
59095083
59095183
59095283
59095383
59095483
59095583
59095683
59095783
59095883
59095983
59096083
59096183
59096283
59096383
59096482
59096586
59096683
59096782
59096883
59096983
59097082
59097183
59097283
59097382
59097483
59097583
59097682
59097783
59097882
59097982
59098083
59098182
59098283
59098383
59098482
59098583
59098683
59098782
59098883
59098983
59099082
59099183
59099282
59099382
59099483
59099582
59099682
59099783
59099882
59099982
59100083
59100182
59100282
59100383
59100482
59100588
59100683
59100782
59100882
59100982
59101082
59101182
59101286
59101382
59101483
59101582
59101682
59101783
59101882
59101982
59102082
59102182
59102282
59102382
59102482
59102582
59102682
59102782
59102882
59102982
59103082
59103182
59103282
59103382
59103482
59103582
59103682
59103781
59103882
59103982
59104081
59104182
59104282
59104381
59104482
59104582
59104681
59104782
59104882
59104982
59105082
59105181
59105282
59105382
59105481
59105582
59105682
59105781
59105882
59105982
59106081
59106182
59106282
59106381
59106486
59106582
59106681
59106782
59106882
59106981
59107082
59107181
59107281
59107382
59107485
59107581
59107682
59107781
59107881
59107981
59108081
59108182
59108281
59108381
59108482
59108581
59108681
59108782
59108881
59108981
59109082
59109181
59109281
59109382
59109481
59109581
59109682
59109781
59109881
59109981
59110081
59110181
59110281
59110381
59110481
59110581
59110681
59110781
59110881
59110981
59111081
59111181
59111281
59111380
59111481
59111581
59111681
59111781
59111881
59111981
59112081
59112181
59112281
59112381
59112484
59112581
59112681
59112780
59112881
59112981
59113080
59113181
59113281
59113380
59113481
59113581
59113680
59113781
59113881
59113980
59114081
59114181
59114280
59114381
59114485
59114580
59114681
59114780
59114881
59114981
59115080
59115181
59115281
59115380
59115481
59115581
59115684
59115781
59115880
59115980
59116081
59116180
59116280
59116381
59116480
59116580
59116681
59116780
59116880
59116981
59117080
59117180
59117280
59117380
59117480
59117580
59117680
59117780
59117880
59117980
59118081
59118180
59118280
59118381
59118480
59118580
59118681
59118780
59118880
59118980
59119080
59119180
59119280
59119380
59119482
59119580
59119680
59119780
59119880
59119980
59120080
59120180
59120280
59120379
59120480
59120580
59120679
59120784
59120880
59120979
59121080
59121180
59121280
59121380
59121480
59121580
59121680
59121780
59121880
59121980
59122079
59122180
59122280
59122379
59122480
59122581
59122679
59122780
59122880
59122979
59123080
59123180
59123279
59123380
59123479
59123579
59123680
59123779
59123879
59123980
59124079
59124179
59124280
59124379
59124483
59124580
59124679
59124780
59124880
59124979
59125080
59125179
59125279
59125380
59125479
59125579
59125680
59125779
59125879
59125980
59126079
59126179
59126280
59126384
59126479
59126579
59126679
59126779
59126879
59126979
59127079
59127179
59127279
59127379
59127479
59127579
59127680
59127779
59127879
59127979
59128079
59128179
59128279
59128379
59128479
59128579
59128679
59128779
59128879
59128979
59129079
59129179
59129279
59129378
59129479
59129579
59129678
59129779
59129879
59129978
59130079
59130179
59130278
59130379
59130479
59130578
59130679
59130782
59130878
59130979
59131078
59131179
59131279
59131378
59131479
59131579
59131678
59131779
59131879
59131978
59132079
59132179
59132278
59132379
59132478
59132578
59132679
59132778
59132878
59132979
59133078
59133178
59133279
59133378
59133484
59133579
59133678
59133778
59133878
59133978
59134078
59134178
59134278
59134379
59134478
59134581
59134679
59134778
59134878
59134979
59135078
59135178
59135279
59135378
59135478
59135578
59135678
59135778
59135878
59135978
59136078
59136178
59136278
59136378
59136478
59136578
59136678
59136778
59136878
59136977
59137078
59137178
59137277
59137378
59137478
59137577
59137678
59137778
59137878
59137978
59138078
59138178
59138278
59138377
59138478
59138578
59138677
59138778
59138878
59138977
59139078
59139178
59139277
59139378
59139478
59139577
59139678
59139778
59139877
59139978
59140077
59140177
59140278
59140377
59140487
59140578
59140677
59140781
59140878
59140977
59141078
59141178
59141277
59141378
59141483
59141577
59141678
59141777
59141877
59141978
59142077
59142177
59142278
59142377
59142477
59142578
59142677
59142777
59142878
59142977
59143077
59143177
59143277
59143377
59143477
59143577
59143677
59143777
59143877
59143977
59144077
59144177
59144278
59144377
59144477
59144577
59144677
59144777
59144877
59144977
59145077
59145177
59145279
59145377
59145477
59145577
59145677
59145777
59145877
59145976
59146077
59146177
59146276
59146377
59146477
59146576
59146677
59146777
59146876
59146977
59147077
59147176
59147277
59147377
59147577
59147677
59147777
59147877
59147976
59148077
59148177
59148276
59148377
59148477
59148576
59148677
59148876
59148977
59149076
59149176
59149277
59149376
59149476
59149577
59149676
59149776
59149877
59149976
59150076
59150177
59150276
59150376
59150476
59150576
59150676
59150779
59150876
59150977
59151076
59151176
59151277
59151379
59151476
59151577
59151676
59151776
59151877
59151976
59152076
59152176
59152276
59152376
59152476
59152576
59152676
59152776
59152876
59152976
59153076
59153176
59153276
59153376
59153476
59153575
59153676
59153776
59153875
59153976
59154076
59154176
59154276
59154376
59154476
59154576
59154676
59154776
59154876
59154976
59155076
59155176
59155275
59155376
59155476
59155575
59155676
59155776
59155875
59155976
59156076
59156175
59156280
59156376
59156475
59156576
59156675
59156775
59156876
59156975
59157075
59157176
59157275
59157376
59157476
59157575
59157676
59157776
59157875
59157976
59158075
59158175
59158276
59158375
59158475
59158576
59158675
59158775
59158876
59158975
59159075
59159176
59159275
59159375
59159478
59159575
59159675
59159775
59159875
59159975
59160075
59160175
59160275
59160375
59160475
59160576
59160675
59160775
59160876
59160975
59161075
59161175
59161275
59161375
59161476
59161575
59161675
59161775
59161875
59161975
59162075
59162175
59162275
59162375
59162475
59162575
59162675
59162775
59162874
59162975
59163075
59163174
59163275
59163375
59163474
59163575
59163675
59163774
59163875
59163975
59164075
59164175
59164274
59164375
59164479
59164574
59164675
59164775
59164874
59164975
59165075
59165174
59165275
59165375
59165474
59165575
59165675
59165774
59165875
59165974
59166074
59166175
59166274
59166374
59166475
59166574
59166674
59166775
59166874
59166974
59167074
59167174
59167275
59167374
59167474
59167575
59167674
59167774
59167875
59167974
59168074
59168175
59168274
59168374
59168475
59168574
59168674
59168774
59168874
59168974
59169074
59169174
59169274
59169374
59169474
59169574
59169674
59169774
59169874
59169974
59170074
59170173
59170274
59170374
59170473
59170574
59170674
59170774
59170874
59170974
59171074
59171174
59171274
59171374
59171474
59171573
59171674
59171774
59171873
59171974
59172074
59172173
59172274
59172374
59172473
59172574
59172674
59172773
59172874
59172974
59173073
59173174
59173274
59173379
59173474
59173573
59173673
59173774
59173873
59173974
59174074
59174173
59174274
59174374
59174473
59174574
59174673
59174773
59174874
59174973
59175073
59175174
59175273
59175373
59175474
59175573
59175673
59175774
59175873
59175973
59176074
59176173
59176273
59176375
59176473
59176573
59176673
59176773
59176873
59176973
59177073
59177174
59177273
59177373
59177474
59177573
59177673
59177773
59177873
59177973
59178073
59178173
59178273
59178373
59178473
59178573
59178673
59178773
59178873
59178973
59179073
59179172
59179273
59179373
59179472
59179573
59179673
59179772
59179873
59179973
59180072
59180173
59180273
59180372
59180473
59180573
59180673
59180773
59180872
59180973
59181073
59181172
59181273
59181373
59181472
59181573
59181673
59181772
59181873
59181973
59182072
59182173
59182272
59182372
59182473
59182572
59182672
59182773
59182872
59182972
59183073
59183172
59183272
59183373
59183473
59183572
59183673
59183772
59183873
59183972
59184072
59184173
59184272
59184372
59184473
59184572
59184672
59184773
59184872
59184972
59185073
59185172
59185272
59185372
59185472
59185572
59185672
59185772
59185872
59185972
59186072
59186172
59186272
59186372
59186472
59186572
59186672
59186771
59186872
59186972
59187072
59187172
59187272
59187372
59187472
59187572
59187672
59187772
59187872
59187972
59188072
59188172
59188272
59188372
59188471
59188572
59188672
59188771
59188872
59188972
59189071
59189172
59189272
59189371
59189472
59189572
59189671
59189772
59189871
59189971
59190072
59190171
59190272
59190372
59190471
59190572
59190672
59190771
59190872
59190972
59191071
59191172
59191271
59191371
59191472
59191571
59191671
59191772
59191871
59191971
59192072
59192171
59192271
59192372
59192471
59192571
59192672
59192771
59192871
59192971
59193071
59193171
59193271
59193371
59193472
59193571
59193671
59193772
59193871
59193971
59194072
59194171
59194271
59194371
59194471
59194571
59194671
59194771
59194871
59194971
59195071
59195171
59195271
59195371
59195471
59195571
59195675
59195771
59195871
59195971
59196070
59196171
59196271
59196370
59196471
59196574
59196670
59196771
59196871
59196971
59197071
59197171
59197271
59197371
59197470
59197571
59197671
59197770
59197871
59197971
59198070
59198171
59198271
59198372
59198471
59198571
59198670
59198771
59198871
59198970
59199071
59199170
59199270
59199371
59199470
59199570
59199671
59199770
59199870
59199971
59200070
59200171
59200272
59200370
59200471
59200570
59200670
59200771
59200870
59200970
59201071
59201170
59201270
59201371
59201472
59201570
59201671
59201770
59201870
59201970
59202070
59202170
59202270
59202370
59202470
59202570
59202670
59202770
59202870
59202970
59203070
59203170
59203270
59203371
59203470
59203570
59203671
59203770
59203870
59203970
59204070
59204170
59204270
59204370
59204470
59204570
59204670
59204770
59204870
59204970
59205069
59205170
59205270
59205369
59205470
59205570
59205669
59205770
59205870
59205969
59206070
59206170
59206269
59206370
59206470
59206569
59206670
59206769
59206870
59206970
59207069
59207170
59207270
59207369
59207470
59207570
59207669
59207770
59207869
59207969
59208070
59208169
59208269
59208370
59208469
59208569
59208670
59208769
59208869
59208970
59209069
59209169
59209270
59209369
59209469
59209569
59209669
59209769
59209869
59209969
59210070
59210169
59210269
59210370
59210469
59210569
59210670
59210769
59210869
59210970
59211069
59211169
59211269
59211369
59211469
59211569
59211669
59211769
59211869
59211969
59212069
59212169
59212269
59212368
59212477
59212668
59212769
59212869
59212968
59213069
59213169
59213268
59213369
59213469
59213569
59213669
59213769
59213869
59213969
59214069
59214169
59214269
59214368
59214469
59214569
59214668
59214769
59214869
59214968
59215069
59215169
59215268
59215369
59215469
59215568
59215669
59215768
59215868
59215969
59216068
59216168
59216269
59216368
59216468
59216569
59216668
59216769
59216869
59216968
59217069
59217168
59217268
59217369
59217468
59217568
59217669
59217768
59217868
59217969
59218068
59218168
59218269
59218368
59218468
59218568
59218668
59218768
59218868
59218968
59219068
59219168
59219268
59219368
59219468
59219568
59219668
59219768
59219868
59219968
59220068
59220168
59220268
59220377
59220468
59220568
59220668
59220768
59220868
59220968
59221068
59221168
59221268
59221368
59221468
59221568
59221668
59221768
59221868
59221967
59222068
59222168
59222267
59222368
59222468
59222567
59222668
59222768
59222867
59222968
59223067
59223168
59223268
59223367
59223468
59223568
59223667
59223768
59223868
59223967
59224068
59224168
59224267
59224368
59224468
59224567
59224668
59224767
59224867
59224968
59225067
59225167
59225268
59225367
59225467
59225568
59225667
59225767
59225868
59225967
59226067
59226167
59226267
59226368
59226467
59226567
59226668
59226767
59226867
59226968
59227067
59227167
59227268
59227367
59227467
59227567
59227667
59227767
59227867
59227967
59228067
59228167
59228267
59228367
59228470
59228567
59228667
59228767
59228867
59228967
59229067
59229167
59229266
59229367
59229566
59229667
59229767
59229867
59229967
59230067
59230167
59230267
59230367
59230467
59230567
59230667
59230771
59230867
59230966
59231067
59231167
59231266
59231367
59231467
59231566
59231667
59231767
59231866
59231967
59232067
59232166
59232267
59232366
59232466
59232567
59232666
59232766
59232867
59232966
59233067
59233167
59233266
59233367
59233467
59233566
59233667
59233766
59233866
59233967
59234066
59234166
59234267
59234371
59234466
59234567
59234666
59234867
59234966
59235066
59235167
59235266
59235366
59235466
59235566
59235666
59235766
59235866
59235966
59236066
59236166
59236267
59236366
59236466
59236567
59236666
59236766
59236866
59236966
59237066
59237166
59237266
59237366
59237466
59237566
59237666
59237766
59237866
59237966
59238066
59238166
59238265
59238366
59238466
59238565
59238666
59238766
59238865
59238966
59239066
59239165
59239266
59239366
59239465
59239566
59239666
59239766
59239866
59239965
59240066
59240166
59240265
59240367
59240466
59240565
59240666
59240766
59240865
59240966
59241066
59241165
59241266
59241365
59241465
59241566
59241665
59241765
59241866
59241965
59242065
59242166
59242265
59242365
59242466
59242565
59242665
59242765
59242865
59242966
59243065
59243165
59243266
59243365
59243465
59243566
59243665
59243765
59243866
59243965
59244065
59244166
59244265
59244365
59244465
59244565
59244665
59244765
59244865
59244965
59245065
59245165
59245265
59245365
59245465
59245565
59245665
59245765
59245864
59245965
59246065
59246164
59246265
59246365
59246465
59246565
59246665
59246765
59246865
59246965
59247065
59247165
59247264
59247374
59247465
59247564
59247665
59247765
59247864
59247965
59248065
59248164
59248265
59248365
59248464
59248565
59248665
59248764
59248865
59248964
59249064
59249264
59249364
59249465
59249565
59249665
59249765
59249864
59249965
59250065
59250164
59250265
59250364
59250464
59250565
59250664
59250764
59250865
59250964
59251064
59251165
59251264
59251365
59251465
59251564
59251664
59251765
59251864
59251964
59252064
59252164
59252264
59252364
59252464
59252564
59252664
59252764
59252865
59252964
59253164
59253264
59253364
59253464
59253564
59253664
59253764
59253864
59253964
59254064
59254164
59254264
59254364
59254464
59254564
59254664
59254764
59254863
59254964
59255064
59255163
59255264
59255364
59255463
59255564
59255664
59255763
59255864
59255964
59256064
59256164
59256264
59256364
59256464
59256563
59256664
59256764
59256863
59256964
59257064
59257163
59257264
59257364
59257463
59257564
59257664
59257763
59257864
59257963
59258063
59258164
59258263
59258363
59258464
59258563
59258663
59258764
59258863
59258963
59259064
59259163
59259264
59259364
59259463
59259564
59259663
59259763
59259864
59259963
59260063
59260164
59260363
59260464
59260563
59260663
59260764
59260863
59260963
59261063
59261163
59261263
59261363
59261463
59261563
59261663
59261763
59261863
59261963
59262063
59262163
59262263
59262365
59262464
59262563
59262663
59262763
59262863
59262963
59263063
59263163
59263263
59263363
59263463
59263563
59263663
59263763
59263862
59263963
59264063
59264162
59264263
59264363
59264462
59264563
59264663
59264762
59264863
59264963
59265062
59265163
59265263
59265362
59265463
59265562
59265662
59265763
59265862
59265963
59266063
59266162
59266263
59266363
59266462
59266563
59266663
59266762
59266863
59266962
59267062
59267163
59267262
59267362
59267463
59267562
59267662
59267763
59267862
59267962
59268063
59268162
59268262
59268362
59268462
59268562
59268662
59268762
59268862
59268962
59269062
59269163
59269262
59269362
59269463
59269564
59269662
59269763
59269862
59269962
59270062
59270162
59270262
59270362
59270462
59270562
59270662
59270762
59270862
59270962
59271062
59271162
59271262
59271362
59271461
59271562
59271662
59271761
59271862
59271962
59272061
59272162
59272262
59272361
59272462
59272562
59272662
59272762
59272862
59272962
59273062
59273161
59273262
59273362
59273461
59273562
59273662
59273761
59273862
59273962
59274061
59274162
59274262
59274362
59274462
59274561
59274661
59274762
59274861
59274961
59275062
59275161
59275261
59275362
59275461
59275561
59275662
59275862
59275961
59276061
59276162
59276261
59276361
59276462
59276561
59276661
59276762
59276861
59276961
59277062
59277161
59277261
59277362
59277461
59277561
59277662
59277761
59277861
59277961
59278061
59278261
59278361
59278461
59278561
59278661
59278761
59278861
59278961
59279060
59279161
59279261
59279361
59279465
59279561
59279661
59279761
59279861
59279961
59280061
59280161
59280261
59280361
59280464
59280561
59280661
59280760
59280861
59280961
59281060
59281161
59281261
59281360
59281461
59281561
59281660
59281761
59281861
59281960
59282061
59282160
59282260
59282361
59282460
59282561
59282661
59282760
59282861
59282961
59283060
59283161
59283261
59283360
59283461
59283560
59283660
59283761
59283860
59283960
59284061
59284160
59284260
59284361
59284460
59284560
59284661
59284760
59284860
59284961
59285060
59285160
59285260
59285360
59285460
59285560
59285660
59285761
59285860
59285960
59286061
59286160
59286260
59286361
59286460
59286562
59286660
59286760
59286860
59286960
59287060
59287160
59287260
59287360
59287460
59287560
59287660
59287760
59287860
59287960
59288059
59288160
59288260
59288359
59288460
59288560
59288659
59288760
59288860
59288960
59289060
59289160
59289260
59289360
59289459
59289560
59289660
59289759
59289860
59289960
59290059
59290160
59290260
59290359
59290460
59290659
59290760
59290860
59290959
59291060
59291159
59291259
59291360
59291459
59291561
59291660
59291759
59291859
59291960
59292059
59292160
59292260
59292359
59292460
59292559
59292659
59292760
59292859
59292959
59293060
59293159
59293259
59293360
59293459
59293560
59293660
59293759
59293859
59293963
59294059
59294159
59294259
59294359
59294459
59294559
59294659
59294759
59294859
59294959
59295059
59295159
59295259
59295360
59295459
59295559
59295660
59295759
59295859
59295959
59296059
59296159
59296259
59296359
59296459
59296559
59296659
59296759
59296859
59296959
59297059
59297159
59297259
59297358
59297463
59297559
59297658
59297859
59297958
59298059
59298159
59298258
59298359
59298459
59298558
59298659
59298758
59298859
59298959
59299058
59299159
59299259
59299358
59299459
59299559
59299658
59299759
59299859
59299958
59300059
59300158
59300258
59300359
59300458
59300558
59300659
59300758
59300858
59300959
59301058
59301158
59301259
59301358
59301458
59301559
59301658
59301758
59301858
59301958
59302059
59302158
59302258
59302359
59302458
59302558
59302659
59302758
59302858
59302959
59303058
59303158
59303259
59303358
59303458
59303558
59303658
59303758
59303858
59303958
59304058
59304158
59304258
59304358
59304458
59304558
59304658
59304758
59304858
59304957
59305058
59305158
59305257
59305358
59305458
59305558
59305658
59305758
59305858
59305958
59306058
59306158
59306258
59306357
59306458
59306558
59306657
59306758
59306858
59306957
59307058
59307158
59307257
59307359
59307458
59307557
59307658
59307757
59307857
59307958
59308057
59308157
59308258
59308357
59308457
59308560
59308657
59308758
59308858
59308957
59309058
59309157
59309257
59309358
59309457
59309557
59309658
59309757
59309857
59309958
59310057
59310157
59310258
59310357
59310457
59310558
59310657
59310757
59310858
59310957
59311057
59311157
59311257
59311357
59311457
59311557
59311657
59311757
59311857
59311958
59312057
59312257
59312357
59312457
59312557
59312657
59312757
59312857
59312957
59313057
59313157
59313257
59313357
59313457
59313557
59313657
59313757
59313857
59313956
59314057
59314157
59314256
59314357
59314457
59314556
59314657
59314757
59314856
59314957
59315057
59315156
59315257
59315356
59315457
59315557
59315656
59315757
59315857
59315956
59316057
59316157
59316256
59316357
59316458
59316556
59316657
59316757
59316856
59316957
59317056
59317156
59317257
59317356
59317462
59317557
59317656
59317756
59317857
59317956
59318056
59318157
59318256
59318356
59318457
59318556
59318756
59318856
59318957
59319056
59319156
59319257
59319356
59319456
59319557
59319656
59319756
59319856
59319956
59320056
59320156
59320256
59320356
59320456
59320556
59320656
59320758
59320856
59320956
59321056
59321156
59321256
59321356
59321456
59321555
59321656
59321756
59321856
59321956
59322056
59322156
59322256
59322356
59322456
59322556
59322656
59322756
59322856
59322955
59323056
59323156
59323255
59323360
59323456
59323555
59323656
59323756
59323855
59323956
59324056
59324155
59324256
59324355
59324455
59324556
59324655
59324755
59324856
59324955
59325056
59325156
59325255
59325356
59325456
59325555
59325656
59325756
59325855
59325956
59326056
59326155
59326256
59326355
59326455
59326556
59326655
59326755
59326856
59326955
59327055
59327156
59327255
59327355
59327457
59327555
59327655
59327755
59327855
59327955
59328055
59328155
59328256
59328355
59328455
59328556
59328655
59328755
59328856
59328955
59329055
59329155
59329255
59329355
59329456
59329555
59329655
59329755
59329855
59329955
59330055
59330155
59330255
59330355
59330455
59330560
59330655
59330755
59330854
59330955
59331055
59331154
59331255
59331355
59331454
59331555
59331655
59331755
59331855
59331954
59332055
59332155
59332254
59332355
59332455
59332558
59332655
59332755
59332854
59332955
59333055
59333154
59333255
59333355
59333454
59333555
59333655
59333754
59333855
59333954
59334054
59334155
59334254
59334354
59334455
59334554
59334654
59334755
59334854
59334955
59335054
59335154
59335255
59335354
59335454
59335555
59335654
59335754
59335855
59335954
59336054
59336155
59336254
59336354
59336455
59336556
59336654
59336754
59336854
59336954
59337054
59337154
59337254
59337359
59337454
59337554
59337654
59337754
59337854
59337954
59338054
59338153
59338254
59338354
59338454
59338554
59338654
59338754
59338854
59338954
59339054
59339154
59339254
59339354
59339454
59339553
59339654
59339754
59339853
59339954
59340054
59340153
59340254
59340354
59340453
59340554
59340654
59340756
59340854
59340953
59341053
59341154
59341253
59341353
59341454
59341553
59341654
59341754
59341853
59341954
59342054
59342153
59342254
59342354
59342453
59342554
59342653
59342753
59342854
59342953
59343053
59343154
59343253
59343353
59343454
59343553
59343653
59343754
59343853
59343953
59344054
59344153
59344253
59344353
59344453
59344553
59344653
59344753
59344854
59344953
59345053
59345154
59345253
59345353
59345454
59345553
59345653
59345753
59345853
59345953
59346053
59346153
59346253
59346353
59346453
59346553
59346653
59346753
59346853
59346953
59347053
59347152
59347253
59347353
59347452
59347558
59347653
59347752
59347853
59347953
59348052
59348153
59348253
59348353
59348453
59348552
59348653
59348753
59348852
59348953
59349053
59349152
59349253
59349353
59349452
59349553
59349653
59349752
59349853
59349953
59350052
59350153
59350252
59350352
59350456
59350552
59350652
59350753
59350852
59350952
59351053
59351152
59351252
59351353
59351452
59351553
59351653
59351752
59351853
59351952
59352052
59352153
59352252
59352352
59352453
59352552
59352652
59352753
59352852
59352952
59353152
59353252
59353352
59353452
59353552
59353652
59353752
59353852
59353952
59354052
59354152
59354252
59354352
59354452
59354552
59354652
59354752
59354852
59354952
59355052
59355152
59355252
59355352
59355452
59355554
59355652
59355752
59355852
59355952
59356052
59356151
59356252
59356352
59356452
59356552
59356652
59356751
59356852
59356952
59357051
59357152
59357252
59357351
59357457
59357552
59357651
59357752
59357851
59357952
59358052
59358151
59358252
59358352
59358451
59358552
59358652
59358751
59358852
59358952
59359051
59359152
59359252
59359351
59359452
59359551
59359651
59359752
59359851
59359951
59360052
59360151
59360251
59360352
59360451
59360551
59360652
59360751
59360851
59360951
59361051
59361152
59361251
59361351
59361457
59361551
59361651
59361752
59361851
59361951
59362052
59362151
59362251
59362351
59362451
59362555
59362651
59362751
59362851
59362951
59363051
59363151
59363255
59363351
59363451
59363551
59363651
59363751
59363851
59363951
59364050
59364151
59364251
59364350
59364451
59364551
59364651
59364751
59364851
59364951
59365051
59365150
59365251
59365351
59365450
59365551
59365651
59365750
59365851
59365951
59366050
59366151
59366251
59366350
59366451
59366551
59366650
59366751
59366851
59366950
59367051
59367150
59367250
59367354
59367450
59367550
59367651
59367750
59367851
59367951
59368050
59368151
59368250
59368350
59368451
59368550
59368650
59368751
59368850
59368950
59369051
59369150
59369250
59369351
59369450
59369550
59369651
59369750
59369850
59369950
59370050
59370150
59370250
59370350
59370450
59370550
59370650
59370750
59370854
59370950
59371051
59371150
59371250
59371350
59371450
59371550
59371650
59371750
59371850
59371950
59372050
59372150
59372250
59372350
59372450
59372551
59372650
59372749
59372850
59372950
59373049
59373150
59373250
59373350
59373450
59373550
59373649
59373750
59373850
59373949
59374050
59374150
59374249
59374350
59374450
59374554
59374650
59374749
59374850
59374950
59375049
59375150
59375250
59375349
59375450
59375550
59375649
59375750
59375849
59375949
59376050
59376149
59376249
59376350
59376449
59376549
59376650
59376749
59376849
59376950
59377049
59377149
59377249
59377349
59377449
59377549
59377649
59377750
59377849
59377949
59378050
59378149
59378249
59378350
59378449
59378552
59378650
59378749
59378849
59378949
59379049
59379149
59379249
59379354
59379449
59379549
59379649
59379749
59379849
59379949
59380049
59380149
59380249
59380348
59380449
59380549
59380648
59380749
59380849
59380948
59381049
59381149
59381249
59381349
59381449
59381549
59381649
59381749
59381849
59381949
59382048
59382149
59382249
59382348
59382451
59382549
59382648
59382749
59382849
59382948
59383049
59383149
59383248
59383349
59383448
59383548
59383649
59383748
59383848
59383949
59384048
59384148
59384249
59384348
59384449
59384549
59384648
59384749
59384848
59384948
59385049
59385148
59385248
59385349
59385448
59385548
59385649
59385748
59385848
59385949
59386048
59386148
59386249
59386348
59386448
59386548
59386648
59386748
59386848
59386948
59387048
59387148
59387248
59387348
59387448
59387548
59387649
59387748
59387848
59387948
59388048
59388148
59388248
59388348
59388448
59388548
59388648
59388748
59388848
59388948
59389048
59389148
59389248
59389348
59389448
59389548
59389647
59389748
59389848
59389947
59390048
59390148
59390247
59390348
59390448
59390547
59390648
59390748
59390848
59390948
59391047
59391148
59391248
59391347
59391448
59391548
59391647
59391748
59391848
59391947
59392048
59392148
59392247
59392348
59392447
59392547
59392648
59392747
59392847
59392948
59393047
59393248
59393347
59393447
59393548
59393647
59393747
59393848
59393947
59394048
59394147
59394247
59394348
59394447
59394547
59394648
59394747
59394847
59394948
59395047
59395147
59395248
59395347
59395447
59395552
59395647
59395747
59395847
59395947
59396047
59396147
59396247
59396347
59396447
59396547
59396647
59396747
59396847
59396947
59397047
59397147
59397246
59397347
59397447
59397547
59397647
59397747
59397847
59397947
59398047
59398147
59398247
59398347
59398447
59398547
59398646
59398747
59398847
59398946
59399047
59399147
59399246
59399347
59399447
59399546
59399647
59399747
59399846
59399947
59400046
59400146
59400247
59400346
59400446
59400547
59400646
59400747
59400847
59400946
59401047
59401147
59401246
59401347
59401447
59401569
59401647
59401746
59401846
59401947
59402046
