54001915
54001981
54002058
54002106
54002948
54003013
54003089
54003131
54003940
54004012
54004081
54004123
54004912
54004971
54005048
54005091
54005962
54006027
54006106
54006174
54006248
54006325
54006368
54006906
54006971
54007048
54007092
54007936
54008006
54008077
54008120
54008885
54008950
54009027
54009070
54009958
54010023
54010110
54010143
54010905
54010971
54011044
54011118
54011192
54011269
54011312
54011949
54012014
54012091
54012134
54012907
54012973
54013049
54013092
54013967
54014031
54014110
54014152
54014905
54014963
54015039
54015082
54015959
54016024
54016098
54016172
54016245
54016321
54016363
54016966
54017032
54017107
54017149
54017971
54018036
54018112
54018154
54018958
54019023
54019104
54019143
54019916
54019982
54020059
54020105
54020964
54021029
54021104
54021177
54021251
54021327
54021370
54021894
54021958
54022036
54022079
54022957
54023022
54023104
54023142
54023966
54024032
54024109
54024152
54024950
54025015
54025091
54025133
54025948
54026013
54026087
54026161
54026234
54026310
54026352
54026958
54027023
54027104
54027143
54027887
54027953
54028029
54028072
54028941
54029008
54029083
54029126
54029924
54029988
54030065
54030108
54030916
54030981
54031054
54031128
54031208
54031279
54031322
54031945
54032011
54032087
54032129
54032903
54032967
54033043
54033085
54033946
54034012
54034087
54034129
54034948
54035013
54035090
54035133
54035950
54036015
54036088
54036162
54036236
54036313
54036357
54036946
54037011
54037088
54037132
54037944
54038008
54038084
54038127
54038941
54039006
54039081
54039123
54039902
54039963
54040039
54040081
54040870
54040935
54041009
54041082
54041156
54041232
54041274
54041907
54041971
54042049
54042092
54042945
54043011
54043087
54043130
54043894
54043959
54044036
54044080
54044944
54045009
54045085
54045127
54045946
54046011
54046086
54046158
54046233
54046308
54046351
54046949
54047013
54047089
54047131
54047943
54048009
54048084
54048126
54048901
54048962
54049038
54049080
54049936
54050006
54050076
54050118
54050854
54050919
54050993
54051066
54051127
54051203
54051245
54051903
54051968
54052044
54052086
54052933
54053001
54053073
54053115
54053889
54053954
54054030
54054072
54054905
54054968
54055044
54055086
54055961
54056027
54056100
54056174
54056233
54056310
54056353
54056906
54056971
54057049
54057092
54057849
54057915
54057992
54058035
54058905
54058970
54059046
54059089
54059899
54059964
54060040
54060082
54060845
54060910
54060984
54061058
54061117
54061193
54061235
54061859
54061925
54062001
54062043
54062892
54062957
54063033
54063075
54063851
54063917
54063992
54064034
54064854
54064918
54064999
54065037
54065950
54066016
54066089
54066163
54066224
54066299
54066341
54066947
54067011
54067087
54067129
54067904
54067969
54068044
54068086
54068905
54068970
54069047
54069089
54069906
54069971
54070047
54070089
54070930
54070999
54071069
54071143
54071203
54071279
54071323
54071873
54071939
54072015
54072058
54072879
54072944
54073021
54073064
54073932
54073998
54074074
54074116
54074902
54074968
54075043
54075085
54075918
54075982
54076056
54076130
54076190
54076266
54076308
54076922
54076987
54077064
54077108
54077846
54077912
54077988
54078031
54078850
54078915
54079002
54079035
54079890
54079954
54080031
54080074
54080936
54081002
54081076
54081149
54081210
54081287
54081330
54081889
54081953
54082029
54082071
54082857
54082922
54083002
54083041
54083879
54083944
54084021
54084063
54084900
54084965
54085043
54085086
54085904
54085968
54086042
54086116
54086176
54086253
54086296
54086900
54086966
54087043
54087086
54087876
54087941
54088017
54088061
54088897
54088962
54089037
54089079
54089949
54090014
54090096
54090132
54090901
54090966
54091039
54091113
54091173
54091250
54091296
54091900
54091959
54092036
54092079
54092896
54092955
54093033
54093076
54093847
54093913
54093996
54094032
54094926
54094995
54095069
54095112
54095874
54095938
54096012
54096086
54096146
54096222
54096264
54096937
54097003
54097079
54097121
54097946
54098012
54098087
54098129
54098859
54098924
54099001
54099044
54099862
54099927
54100003
54100047
54100947
54101012
54101086
54101159
54101220
54101300
54101340
54101927
54101995
54102070
54102113
54102845
54102909
54102986
54103028
54103884
54103949
54104025
54104067
54104885
54104950
54105026
54105068
54105937
54106003
54106077
54106150
54106211
54106288
54106331
54106877
54106943
54107020
54107063
54107945
54108010
54108094
54108131
54108908
54108974
54109049
54109099
54109935
54110001
54110076
54110118
54110951
54111016
54111093
54111164
54111224
54111300
54111342
54111941
54112006
54112082
54112124
54112875
54112941
54113017
54113060
54113941
54114006
54114082
54114126
54114893
54114952
54115028
54115072
54115901
54115966
54116040
54116114
54116173
54116250
54116293
54116874
54116938
54117014
54117056
54117937
54118001
54118077
54118119
54118892
54118958
54119033
54119075
54119937
54120001
54120077
54120119
54120884
54120948
54121022
54121096
54121156
54121233
54121276
54121936
54122001
54122079
54122122
54122924
54122997
54123066
54123109
54123923
54123992
54124064
54124106
54124937
54125001
54125077
54125119
54125892
54125949
54126023
54126097
54126157
54126233
54126275
54126931
54126997
54127072
54127114
54127844
54127909
54127991
54128027
54128922
54128992
54129064
54129107
54129905
54129970
54130046
54130092
54130896
54130962
54131036
54131109
54131170
54131246
54131296
54131904
54131970
54132045
54132096
54132934
54133000
54133075
54133117
54133883
54133948
54134024
54134066
54134921
54134984
54135061
54135104
54135898
54135962
54136036
54136110
54136170
54136247
54136291
54136891
54136953
54137030
54137073
54137947
54138012
54138090
54138132
54138849
54138914
54138990
54139032
54139940
54140006
54140082
54140124
54140936
54141001
54141075
54141149
54141209
54141290
54141327
54141929
54141991
54142067
54142109
54142899
54142963
54143040
54143089
54143920
54143994
54144062
54144105
54144926
54144991
54145068
54145112
54145863
54145928
54146002
54146075
54146136
54146211
54146253
54146870
54146935
54147011
54147053
54147920
54147994
54148062
54148104
54148930
54148996
54149071
54149113
54149870
54149936
54150011
54150053
54150914
54150979
54151053
54151127
54151193
54151263
54151307
54151923
54151989
54152066
54152109
54152940
54153006
54153089
54153125
54153925
54153991
54154066
54154108
54154876
54154942
54155018
54155060
54155950
54156015
54156089
54156163
54156222
54156298
54156341
54156879
54156945
54157021
54157063
54157881
54157945
54158021
54158064
54158934
54158999
54159076
54159119
54159867
54159933
54160010
54160053
54160903
54160967
54161041
54161115
54161175
54161251
54161293
54161940
54162004
54162080
54162122
54162881
54162946
54163021
54163063
54163892
54163946
54164022
54164064
54164932
54164998
54165073
54165115
54165938
54166002
54166076
54166150
54166210
54166287
54166330
54166870
54166935
54167012
54167055
54167891
54167954
54168030
54168072
54168941
54169007
54169086
54169124
54169852
54169917
54169994
54170036
54170852
54170916
54170990
54171064
54171124
54171200
54171242
54171899
54171965
54172041
54172086
54172901
54172965
54173042
54173086
54173915
54173986
54174056
54174098
54174894
54174959
54175035
54175077
54175927
54175992
54176066
54176140
54176199
54176275
54176317
54176924
54176991
54177065
54177107
54177862
54177928
54178003
54178045
54178827
54178892
54178968
54179010
54179902
54179968
54180043
54180085
54180890
54180944
54181019
54181092
54181152
54181228
54181270
54181929
54181995
54182071
54182113
54182915
54182985
54183055
54183098
54183833
54183899
54183974
54184016
54184850
54184935
54184990
54185032
54185900
54185964
54186039
54186112
54186172
54186248
54186290
54186915
54186984
54187057
54187099
54187877
54187942
54188018
54188060
54188850
54188915
54188991
54189033
54189847
54189912
54189987
54190029
54190902
54190967
54191041
54191115
54191174
54191250
54191292
54191892
54191958
54192033
54192075
54192898
54192962
54193038
54193084
54193871
54193937
54194013
54194055
54194923
54194989
54195063
54195105
54195944
54196009
54196083
54196157
54196217
54196292
54196335
54196929
54196994
54197069
54197111
54197904
54197968
54198044
54198088
54198897
54198963
54199038
54199083
54199876
54199942
54200017
54200059
54200921
54200986
54201060
54201134
54201193
54201269
54201311
54201846
54201911
54201988
54202030
54202914
54202987
54203055
54203097
54203894
54203960
54204036
54204083
54204846
54204910
54204986
54205028
54205850
54205916
54205989
54206063
54206123
54206198
54206240
54206902
54206967
54207044
54207087
54207922
54207987
54208063
54208107
54208886
54208952
54209029
54209072
54209855
54209921
54209996
54210038
54210881
54210940
54211014
54211088
54211147
54211223
54211266
54211934
54211999
54212081
54212117
54212843
54212909
54212984
54213026
54213903
54213968
54214044
54214086
54214925
54214989
54215065
54215107
54215910
54215981
54216049
54216123
54216183
54216258
54216301
54216931
54216996
54217072
54217114
54217922
54217988
54218063
54218105
54218829
54218895
54218971
54219013
54219913
54219980
54220054
54220096
54220847
54220911
54220985
54221059
54221119
54221195
54221237
54221898
54221963
54222039
54222081
54222873
54222938
54223014
54223058
54223937
54224002
54224080
54224121
54224862
54224927
54225004
54225047
54225903
54225968
54226041
54226115
54226180
54226252
54226295
54226838
54226904
54226979
54227021
54227933
54227998
54228079
54228116
54228921
54228986
54229062
54229104
54229933
54229998
54230084
54230116
54230927
54231057
54231066
54231140
54231255
54231279
54231317
54231879
54231943
54232054
54232064
54232882
54232946
54233022
54233064
54233841
54233907
54233982
54234024
54234929
54234994
54235070
54235112
54235916
54235980
54236054
54236128
54236188
54236264
54236306
54236929
54236994
54237071
54237114
54237889
54237955
54238031
54238078
54238906
54238968
54239044
54239086
54239883
54239939
54240015
54240057
54240915
54240979
54241053
54241127
54241187
54241263
54241305
54241868
54241933
54242010
54242052
54242878
54242941
54243017
54243059
54243928
54243992
54244069
54244111
54244850
54244915
54244993
54245036
54245889
54245954
54246028
54246102
54246162
54246239
54246282
54246879
54246943
54247021
54247064
54247885
54247951
54248028
54248082
54248914
54248980
54249057
54249100
54249902
54249966
54250042
54250084
54250911
54250977
54251051
54251124
54251185
54251260
54251302
54251864
54251929
54252005
54252047
54252867
54252932
54253009
54253052
54253908
54253976
54254050
54254093
54254908
54254977
54255050
54255093
54255861
54255926
54256001
54256076
54256134
54256210
54256253
54256908
54256976
54257050
54257093
54257909
54257981
54258052
54258095
54258922
54258988
54259064
54259107
54259912
54259978
54260055
54260098
54260884
54260948
54261022
54261096
54261156
54261233
54261276
54261920
54261986
54262063
54262106
54262853
54262918
54262995
54263038
54263862
54263927
54264004
54264047
54264878
54264943
54265020
54265063
54265865
54265929
54266004
54266080
54266137
54266214
54266257
54266880
54266940
54267017
54267061
54267916
54267981
54268057
54268099
54268881
54268947
54269024
54269067
54269850
54269916
54269992
54270035
54270922
54270988
54271062
54271134
54271195
54271275
54271314
54271887
54271952
54272029
54272074
54272847
54272912
54272989
54273032
54273875
54273940
54274017
54274059
54274874
54274932
54275009
54275053
54275842
54275907
54275981
54276055
54276115
54276192
54276235
54276848
54276914
54276990
54277033
54277902
54277974
54278044
54278087
54278903
54278978
54279046
54279089
54279884
54279949
54280025
54280078
54280916
54280981
54281055
54281128
54281189
54281265
54281307
54281914
54281979
54282055
54282097
54282916
54282982
54283059
54283102
54283855
54283921
54283998
54284041
54284854
54284918
54284995
54285039
54285913
54285977
54286050
54286124
54286183
54286260
54286303
54286854
54286917
54286993
54287035
54287924
54287987
54288063
54288105
54288909
54288972
54289048
54289090
54289837
54289899
54289976
54290018
54290860
54290922
54290996
54291077
54291130
54291207
54291250
54291900
54291963
54292040
54292083
54292891
54292955
54293031
54293074
54293844
54293908
54293984
54294026
54294843
54294906
54294982
54295024
54295864
54295926
54296000
54296074
54296134
54296210
54296252
54296907
54296971
54297047
54297089
54297871
54297928
54298004
54298046
54298900
54298962
54299039
54299082
54299863
54299925
54300002
54300045
54300871
54300934
54301007
54301081
54301140
54301216
54301259
54301858
54301921
54301997
54302039
54302896
54302958
54303034
54303076
54303881
54303944
54304020
54304062
54304900
54304963
54305039
54305081
54305845
54305907
54305981
54306055
54306115
54306192
54306235
54306879
54306942
54307018
54307060
54307823
54307887
54307962
54308004
54308904
54308970
54309044
54309086
54309903
54309969
54310042
54310084
54310854
54310918
54310991
54311069
54311126
54311201
54311243
54311848
54311912
54311989
54312032
54312915
54312978
54313055
54313098
54313906
54313974
54314046
54314089
54314815
54314887
54314953
54314995
54315826
54315889
54315969
54316037
54316096
54316172
54316214
54316831
54316895
54316971
54317012
54317900
54317974
54318039
54318081
54318825
54318888
54318968
54319006
54319868
54319932
54320009
54320052
54320881
54320945
54321018
54321092
54321153
54321229
54321272
54321881
54321944
54322020
54322068
54322868
54322928
54323004
54323046
54323908
54323972
54324047
54324089
54324858
54324922
54324998
54325040
54325904
54325967
54326040
54326114
54326174
54326251
54326294
54326799
54326873
54326939
54326982
54327868
54327927
54328004
54328047
54328832
54328894
54328971
54329014
54329919
54329982
54330058
54330100
54330867
54330927
54331000
54331074
54331134
54331210
54331252
54331896
54331960
54332036
54332078
54332851
54332913
54332989
54333031
54333893
54333957
54334032
54334074
54334867
54334930
54335007
54335050
54335882
54335944
54336018
54336092
54336152
54336229
54336272
54336885
54336948
54337026
54337069
54337829
54337893
54337969
54338011
54338860
54338923
54338999
54339041
54339820
54339883
54339958
54340000
54340903
54340966
54341040
54341113
54341174
54341250
54341292
54341891
54341953
54342031
54342074
54342898
54342982
54343038
54343081
54343898
54343965
54344037
54344080
54344865
54344928
54345004
54345046
54345833
54345896
54345970
54346044
54346103
54346179
54346221
54346900
54346966
54347039
54347081
54347857
54347921
54347997
54348039
54348830
54348893
54348969
54349012
54349904
54349970
54350045
54350088
54350842
54350905
54350979
54351052
54351113
54351190
54351233
54351854
54351918
54351993
54352035
54352882
54352945
54353020
54353070
54353906
54353970
54354044
54354086
54354900
54354964
54355040
54355082
54355855
54355918
54355992
54356066
54356125
54356202
54356245
54356898
54356964
54357039
54357082
54357849
54357912
54357989
54358032
54358846
54358908
54358985
54359028
54359895
54359963
54360033
54360075
54360895
54360968
54361032
54361106
54361168
54361242
54361284
54361864
54361923
54361999
54362041
54362908
54362971
54363046
54363088
54363877
54363940
54364017
54364068
54364863
54364923
54365000
54365043
54365878
54365940
54366014
54366088
54366148
54366225
54366268
54366840
54366904
54366981
54367024
54367881
54367943
54368019
54368068
54368836
54368900
54368975
54369017
54369846
54369909
54369985
54370027
54370911
54370973
54371047
54371121
54371181
54371290
54371301
54371867
54371922
54371999
54372042
54372877
54372939
54373017
54373062
54373849
54373911
54373987
54374029
54374818
54374882
54374962
54375000
54375837
54375901
54375974
54376048
54376109
54376184
54376226
54376896
54376967
54377035
54377077
54377891
54377954
54378032
54378075
54378836
54378899
54378976
54379019
54379838
54379900
54379978
54380021
54380866
54380926
54381000
54381074
54381134
54381210
54381252
54381845
54381907
54381984
54382026
54382832
54382896
54382971
54383013
54383898
54383966
54384037
54384079
54384879
54384943
54385018
54385065
54385891
54385953
54386027
54386101
54386165
54386238
54386281
54386868
54386931
54387008
54387051
54387877
54387940
54388016
54388061
54388892
54388960
54389031
54389073
54389837
54389901
54389977
54390019
54390848
54390910
54390985
54391060
54391118
54391194
54391236
54391886
54391949
54392026
54392068
54392833
54392895
54392971
54393013
54393860
54393917
54393993
54394035
54394889
54394951
54395027
54395069
54395852
54395916
54395990
54396063
54396123
54396198
54396240
54396818
54396880
54396959
54396998
54397899
54397964
54398038
54398080
54398867
54398930
54399006
54399048
54399836
54399899
54399975
54400017
54400848
54400911
54400985
54401058
54401119
54401195
54401236
54401819
54401882
54401989
54401999
54402896
54402959
54403035
54403077
54403827
54403891
54403966
54404008
54404887
54404951
54405026
54405068
54405809
54405871
54405945
54406019
54406079
54406158
54406197
54406876
54406933
54407009
54407051
54407849
54407913
54407989
54408031
54408858
54408919
54408994
54409036
54409847
54409910
54409986
54410028
54410858
54410921
54410995
54411068
54411128
54411204
54411246
54411796
54411859
54411935
54411977
54412865
54412928
54413004
54413046
54413797
54413859
54413936
54413978
54414844
54414907
54414983
54415025
54415849
54415911
54415985
54416062
54416119
54416195
54416237
54416842
54416906
54416982
54417024
54417822
54417886
54417961
54418003
54418866
54418929
54419006
54419049
54419848
54419911
54419988
54420031
54420826
54420887
54420961
54421035
54421094
54421171
54421214
54421836
54421900
54421976
54422018
54422795
54422856
54422932
54422974
54423883
54423945
54424020
54424062
54424821
54424885
54424961
54425003
54425868
54425930
54426004
54426078
54426138
54426214
54426256
54426842
54426904
54426980
54427022
54427887
54427956
54428027
54428070
54428881
54428944
54429021
54429064
54429884
54429947
54430024
54430067
54430839
54430902
54430976
54431055
54431110
54431186
54431229
54431867
54431931
54432007
54432049
54432790
54432860
54432928
54432970
54433885
54433948
54434024
54434066
54434824
54434887
54434964
54435007
54435846
54435908
54435982
54436060
54436116
54436193
54436236
54436854
54436913
54436989
54437032
54437868
54437931
54438008
54438054
54438829
54438891
54438969
54439012
54439860
54439922
54439999
54440042
54440883
54440945
54441019
54441093
54441154
54441229
54441271
54441879
54441943
54442018
54442060
54442863
54442927
54443002
54443044
54443792
54443855
54443932
54443975
54444862
54444925
54445002
54445045
54445802
54445865
54445939
54446013
54446073
54446153
54446193
54446840
54446901
54446977
54447019
54447899
54447962
54448037
54448079
54448870
54448932
54449008
54449053
54449890
54449953
54450028
54450070
54450880
54450944
54451017
54451091
54451152
54451228
54451271
54451858
54451909
54451986
54452029
54452852
54452911
54452987
54453030
54453819
54453881
54453957
54453999
54454806
54454868
54454945
54454987
54455879
54455943
54456016
54456090
54456157
54456226
54456269
54456837
54456900
54456977
54457020
54457852
54457913
54457990
54458033
54458888
54458952
54459027
54459069
54459866
54459926
54460002
54460044
54460892
54460954
54461028
54461102
54461162
54461238
54461280
54461889
54461953
54462028
54462070
54462875
54462939
54463014
54463056
54463815
54463878
54463953
54463995
54464836
54464899
54464975
54465019
54465882
54465951
54466019
54466093
54466156
54466229
54466273
54466856
54466918
54466994
54467036
54467838
54467902
54467978
54468020
54468868
54468930
54469006
54469051
54469864
54469927
54470004
54470055
54470850
54470912
54470985
54471059
54471119
54471196
54471239
54471877
54471940
54472015
54472057
54472834
54472896
54472972
54473014
54473880
54473955
54474019
54474061
54474823
54474887
54474962
54475004
54475826
54475889
54475963
54476037
54476096
54476173
54476216
54476867
54476931
54477007
54477050
54477835
54477897
54477974
54478017
54478874
54478937
54479012
54479054
54479898
54479961
54480037
54480079
54480849
54480908
54480982
54481055
54481116
54481191
54481233
54481821
54481885
54481960
54482002
54482883
54482949
54483021
54483063
54483883
54483949
54484021
54484064
54484815
54484879
54484956
54484999
54485840
54485904
54485978
54486051
54486112
54486189
54486232
54486884
54486953
54487023
54487066
54487821
54487881
54487959
54488002
54488821
54488884
54488960
54489001
54489876
54489938
54490014
54490056
54490878
54490941
54491015
54491088
54491149
54491225
54491267
54491859
54491923
54491999
54492041
54492848
54492910
54492986
54493028
54493888
54493952
54494027
54494069
54494859
54494922
54494998
54495040
54495831
54495894
54495968
54496048
54496102
54496178
54496220
54496826
54496889
54496965
54497007
54497896
54497959
54498035
54498077
54498820
54498883
54498959
54499001
54499853
54499915
54499992
54500035
54500881
54500946
54501017
54501091
54501151
54501227
54501269
54501818
54501880
54501956
54501998
54502815
54502879
54502955
54502996
54503884
54503952
54504024
54504067
54504878
54504946
54505018
54505061
54505823
54505885
54505959
54506033
54506093
54506170
54506213
54506800
54506863
54506939
54506981
54507801
54507864
54507939
54507981
54508872
54508936
54509011
54509053
54509822
54509886
54509962
54510004
54510892
54510954
54511029
54511101
54511162
54511239
54511282
54511799
54511862
54511939
54511982
54512877
54512950
54513016
54513058
54513851
54513913
54513990
54514032
54514845
54514902
54514977
54515019
54515847
54515908
54515982
54516056
54516115
54516191
54516233
54516850
54516914
54516989
54517031
54517818
54517880
54517957
54517999
54518789
54518849
54518926
54518968
54519808
54519868
54519945
54519986
54520825
54520887
54520961
54521034
54521094
54521169
54521211
54521849
54521910
54521987
54522030
54522777
54522845
54522916
54522959
54523798
54523860
54523937
54523980
54524844
54524906
54524982
54525024
54525872
54525933
54526007
54526081
54526149
54526216
54526259
54526808
54526869
54526949
54526987
54527844
54527903
54527979
54528021
54528829
54528891
54528967
54529009
54529866
54529929
54530006
54530049
54530780
54530843
54530916
54530990
54531050
54531126
54531168
54531829
54531892
54531968
54532009
54532849
54532912
54532987
54533029
54533877
54533948
54534017
54534059
54534868
54534932
54535008
54535050
54535883
54535948
54536020
54536094
54536160
54536229
54536271
54536814
54536878
54536953
54536995
54537866
54537929
54538005
54538047
54538793
54538855
54538931
54538973
54539820
54539883
54539959
54540001
54540810
54540873
54540947
54541021
54541081
54541157
54541199
54541859
54541921
54541998
54542042
54542799
54542860
54542942
54542981
54543824
54543886
54543963
54544006
54544808
54544872
54544949
54544992
54545842
54545903
54545977
54546051
54546111
54546188
54546231
54546869
54546931
54547009
54547052
54547828
54547891
54547968
54548011
54548833
54548893
54548971
54549014
54549782
54549842
54549919
54549962
54550860
54550923
54550996
54551070
54551131
54551207
54551250
54551784
54551846
54551923
54551966
54552827
54552890
54552968
54553011
54553866
54553929
54554006
54554049
54554866
54554929
54555005
54555049
54555863
54555924
54555998
54556071
54556132
54556208
54556252
54556850
54556911
54556988
54557031
54557831
54557893
54557971
54558014
54558870
54558940
54559010
54559053
54559828
54559892
54559969
54560012
54560800
54560864
54560945
54561011
54561072
54561147
54561191
54561788
54561851
54561929
54561972
54562795
54562859
54562939
54562978
54563828
54563892
54563969
54564012
54564856
54564918
54564995
54565040
54565844
54565904
54565979
54566051
54566112
54566189
54566232
54566839
54566900
54566977
54567021
54567827
54567890
54567967
54568010
54568865
54568929
54569006
54569049
54569810
54569873
54569951
54569994
54570815
54570877
54570951
54571025
54571085
54571161
54571203
54571855
54571919
54571995
54572039
54572866
54572928
54573004
54573047
54573776
54573838
54573915
54573958
54574878
54574943
54575017
54575060
54575872
54575938
54576006
54576079
54576140
54576217
54576260
54576876
54576943
54577016
54577059
54577825
54577888
54577964
54578006
54578820
54578883
54578959
54579001
54579869
54579930
54580005
54580047
54580825
54580887
54580961
54581038
54581095
54581171
54581213
54581818
54581881
54581957
54581999
54582828
54582890
54582967
54583010
54583801
54583863
54583939
54583981
54584851
54584913
54584989
54585036
54585851
54585913
54585987
54586060
54586120
54586195
54586237
54586811
54586873
54586949
54586991
54587815
54587878
54587954
54587996
54588863
54588923
54588999
54589041
54589856
54589920
54589997
54590040
54590796
54590858
54590936
54591005
54591065
54591141
54591185
54591810
54591870
54591946
54591988
54592864
54592927
54593003
54593045
54593819
54593883
54593958
54594000
54594814
54594875
54594951
54594993
54595871
54595941
54596008
54596082
54596142
54596217
54596259
54596854
54596918
54596994
54597036
54597878
54597942
54598019
54598062
54598857
54598921
54598998
54599041
54599879
54599943
54600018
54600060
54600866
54600928
54601001
54601075
54601135
54601211
54601253
54601803
54601867
54601943
54601985
54602814
54602877
54602953
54602995
54603877
54603940
54604016
54604058
54604812
54604875
54604951
54604993
54605878
54605941
54606015
54606088
54606148
54606224
54606266
54606861
54606923
54607000
54607042
54607813
54607877
54607952
54607994
54608814
54608876
54608952
54608994
54609858
54609921
54609996
54610038
54610881
54610945
54611018
54611092
54611152
54611233
54611270
54611796
54611858
54611939
54611976
54612789
54612850
54612926
54612968
54613811
54613872
54613948
54613990
54614850
54614912
54614987
54615033
54615822
54615884
54615958
54616038
54616092
54616168
54616210
54616854
54616915
54616991
54617038
54617811
54617873
54617949
54617991
54618845
54618906
54618982
54619024
54619851
54619913
54619988
54620038
54620853
54620916
54620990
54621064
54621124
54621200
54621242
54621849
54621913
54621988
54622032
54622838
54622899
54622974
54623016
54623819
54623883
54623959
54624001
54624803
54624867
54624943
54624985
54625808
54625871
54625945
54626019
54626078
54626154
54626197
54626864
54626936
54627003
54627045
54627862
54627932
54628001
54628049
54628802
54628864
54628939
54628981
54629815
54629878
54629954
54629996
54630865
54630931
54631003
54631076
54631135
54631211
54631252
54631873
54631937
54632012
54632054
54632815
54632878
54632954
54632996
54633809
54633873
54633950
54633993
54634809
54634869
54634945
54634987
54635881
54635944
54636018
54636092
54636150
54636230
54636268
54636800
54636863
54636939
54636981
54637853
54637917
54637992
54638034
54638839
54638901
54638977
54639019
54639862
54639935
54640002
54640044
54640883
54640908
54640982
54641055
54641114
54641189
54641235
54641860
54641922
54641997
54642039
54642793
54642856
54642932
54642974
54643855
54643916
54643992
54644034
54644793
54644856
54644932
54644974
54645784
54645846
54645919
54645993
54646050
54646134
54646168
54646812
54646875
54646950
54646992
54647856
54647919
54647995
54648037
54648801
54648861
54648938
54648980
54649844
54649906
54649981
54650029
54650793
54650855
54650929
54651002
54651060
54651136
54651177
54651847
54651909
54651984
54652028
54652866
54652930
54653005
54653047
54653858
54653921
54653997
54654039
54654858
54654920
54654996
54655038
54655807
54655870
54655944
54656018
54656075
54656151
54656193
54656862
54656933
54657001
54657043
54657802
54657865
54657941
54657983
54658852
54658916
54658992
54659034
54659866
54659929
54660005
54660047
54660861
54660928
54660999
54661072
54661131
54661207
54661249
54661864
54661927
54662003
54662045
54662858
54662928
54662996
54663038
54663799
54663905
54663937
54663979
54664843
54664906
54664982
54665027
54665827
54665886
54665960
54666034
54666091
54666167
54666209
54666827
54666888
54666963
54667005
54667817
54667880
54667956
54667998
54668809
54668872
54668949
54668992
54669844
54669907
54669983
54670026
54670871
54670935
54671008
54671082
54671142
54671218
54671260
54671857
54671927
54671996
54672038
54672857
54672926
54672996
54673038
54673858
54673931
54673996
54674038
54674860
54674926
54674999
54675041
54675792
54675855
54675931
54676002
54676063
54676139
54676180
54676798
54676861
54676937
54676979
54677858
54677931
54677996
54678038
54678860
54678926
54679000
54679042
54679809
54679872
54679948
54679990
54680871
54680934
54681009
54681081
54681142
54681218
54681260
54681860
54681925
54681999
54682041
54682857
54682925
54682995
54683037
54683854
54683917
54683993
54684035
54684804
54684867
54684943
54684985
54685865
54685928
54686002
54686075
54686136
54686212
54686254
54686796
54686860
54686936
54686978
54687797
54687860
54687936
54687978
54688796
54688860
54688935
54688977
54689796
54689859
54689935
54689977
54690855
54690924
54690993
54691066
54691127
54691203
54691245
54691856
54691923
54691995
54692037
54692811
54692875
54692951
54692993
54693794
54693858
54693934
54693976
54694856
54694924
54694994
54695036
54695863
54695928
54696000
54696074
54696134
54696210
54696252
54696804
54696866
54696943
54696985
54697828
54697885
54697962
54698004
54698849
54698911
54698987
54699029
54699807
54699871
54699947
54699988
54700812
54700875
54700949
54701028
54701082
54701158
54701200
54701861
54701925
54702001
54702043
54702827
54702887
54702963
54703005
54703855
54703928
54703994
54704036
54704848
54704911
54704987
54705029
54705843
54705906
54705980
54706054
54706113
54706189
54706232
54706844
54706908
54706983
54707025
54707800
54707863
54707939
54707981
54708801
54708865
54708940
54708982
54709861
54709926
54710000
54710042
54710814
54710878
54710951
54711026
54711086
54711161
54711203
54711843
54711906
54711982
54712024
54712852
54712913
54712989
54713031
54713801
54713865
54713940
54713982
54714806
54714869
54714945
54714987
54715862
54715925
54715999
54716072
54716133
54716209
54716251
54716838
54716901
54716978
54717026
54717802
54717865
54717941
54717983
54718783
54718846
54718922
54718964
54719805
54719868
54719945
54719988
54720839
54720903
54720976
54721050
54721110
54721186
54721229
54721807
54721870
54721946
54721988
54722845
54722909
54722984
54723026
54723787
54723851
54723927
54723969
54724849
54724913
54724988
54725030
54725866
54725929
54726003
54726077
54726136
54726212
54726254
54726847
54726910
54726986
54727028
54727849
54727912
54727988
54728030
54728842
54728905
54728981
54729023
54729781
54729844
54729920
54729962
54730786
54730850
54730924
54730997
54731057
54731132
54731174
54731799
54731862
54731938
54731980
54732852
54732924
54732991
54733033
54733836
54733899
54733975
54734019
54734785
54734848
54734925
54734968
54735797
54735859
54735933
54736007
54736067
54736144
54736187
54736847
54736911
54736988
54737031
54737851
54737918
54737990
54738034
54738795
54738857
54738933
54738976
54739800
54739863
54739939
54739981
54740789
54740851
54740925
54740999
54741059
54741135
54741177
54741857
54741920
54741996
54742038
54742784
54742846
54742922
54742964
54743853
54743923
54743993
54744036
54744853
54744918
54744992
54745035
54745849
54745918
54745986
54746059
54746123
54746196
54746240
54746822
54746885
54746961
54747003
54747835
54747898
54747975
54748018
54748785
54748848
54748924
54748967
54749806
54749870
54749945
54749987
54750766
54750828
54750902
54750976
54751036
54751117
54751156
54751796
54751856
54751933
54751976
54752756
54752822
54752896
54752937
54753821
54753884
54753960
54754002
54754808
54754871
54754947
54754989
54755843
54755905
54755979
54756052
54756116
54756189
54756231
54756785
54756847
54756924
54756966
54757847
54757916
54757986
54758028
54758835
54758897
54758974
54759016
54759825
54759886
54759962
54760004
54760837
54760897
54760971
54761044
54761105
54761181
54761223
54761803
54761866
54761942
54761984
54762845
54762907
54762983
54763025
54763787
54763850
54763926
54763968
54764840
54764904
54764980
54765022
54765819
54765880
54765954
54766027
54766088
54766163
54766205
54766815
54766873
54766949
54766991
54767849
54767915
54767985
54768027
54768838
54768901
54768977
54769019
54769782
54769846
54769922
54769964
54770820
54770880
54770954
54771027
54771087
54771163
54771205
54771768
54771831
54771907
54771949
54772767
54772831
54772907
54772948
54773792
54773855
54773931
54773972
54774800
54774863
54774939
54774981
54775852
54775919
54775989
54776062
54776122
54776198
54776240
54776851
54776914
54776990
54777032
54777853
54777917
54777993
54778035
54778854
54778916
54778992
54779034
54779825
54779888
54779965
54780013
54780818
54780873
54780947
54781021
54781081
54781158
54781201
54781768
54781831
54781906
54781948
54782780
54782842
54782919
54782961
54783846
54783918
54783984
54784026
54784836
54784900
54784976
54785019
54785813
54785871
54785945
54786019
54786079
54786156
54786199
54786850
54786913
54786991
54787034
54787850
54787917
54787989
54788032
54788817
54788881
54788958
54789001
54789805
54789868
54789944
54789986
54790756
54790819
54790893
54790967
54791026
54791102
54791144
54791805
54791869
54791946
54791989
54792745
54792812
54792886
54792929
54793747
54793811
54793885
54793927
54794741
54794802
54794878
54794920
54795763
54795827
54795900
54795974
54796034
54796111
54796152
54796800
54796861
54796937
54796979
54797842
54797902
54797978
54798020
54798784
54798844
54798921
54798963
54799777
54799840
54799916
54799958
54800851
54800915
54800989
54801062
54801123
54801199
54801241
54801841
54801903
54801979
54802021
54802777
54802839
54802915
54802957
54803759
54803821
54803898
54803941
54804829
54804892
54804969
54805012
54805798
54805861
54805935
54806010
54806067
54806144
54806187
54806784
54806847
54806924
54806967
54807843
54807910
54807984
54808027
54808810
54808872
54808949
54808992
54809852
54809916
54809993
54810036
54810827
54810884
54810957
54811031
54811088
54811165
54811210
54811820
54811883
54811959
54812001
54812843
54812909
54812982
54813024
54813792
54813854
54813931
54813974
54814810
54814866
54814943
54814986
54815841
54815901
54815976
54816049
54816114
54816184
54816227
54816799
54816863
54816940
54816983
54817838
54817900
54817977
54818021
54818835
54818898
54818975
54819018
54819783
54819847
54819923
54819966
54820797
54820859
54820933
54821014
54821065
54821141
54821183
54821819
54821882
54821959
54822002
54822808
54822865
54822943
54822986
54823794
54823857
54823933
54823976
54824753
54824816
54824893
54824936
54825760
54825822
54825895
54825969
54826027
54826113
54826146
54826816
54826878
54826954
54826996
54827758
54827820
54827895
54827937
54828829
54828891
54828966
54829012
54829796
54829859
54829936
54829979
54830816
54830878
54830952
54831026
54831084
54831161
54831207
54831833
54831896
54831973
54832016
54832835
54832899
54832974
54833016
54833810
54833872
54833948
54833990
54834845
54834908
54834983
54835025
54835794
54835858
54835932
54836006
54836063
54836139
54836180
54836785
54836847
54836924
54836967
54837797
54837860
54837936
54837979
54838835
54838897
54838973
54839015
54839820
54839883
54839959
54840006
54840750
54840810
54840884
54840957
54841016
54841092
54841134
54841752
54841815
54841890
54841932
54842832
54842896
54842972
54843014
54843806
54843868
54843943
54843985
54844754
54844815
54844892
54844934
54845766
54845830
54845905
54845977
54846034
54846110
54846152
54846792
54846855
54846931
54846973
54847833
54847896
54847972
54848014
54848742
54848805
54848879
54848921
54849832
54849896
54849972
54850014
54850820
54850883
54850957
54851031
54851088
54851164
54851207
54851825
54851889
54851964
54852006
54852839
54852910
54852977
54853019
54853835
54853905
54853975
54854017
54854752
54854815
54854891
54854933
54855805
54855868
54855942
54856015
54856076
54856152
54856194
54856777
54856841
54856916
54856958
54857782
54857843
54857919
54857961
54858777
54858841
54858916
54858958
54859824
54859885
54859961
54860004
54860793
54860855
54860929
54861008
54861062
54861138
54861180
54861833
54861895
54861971
54862013
54862781
54862844
54862920
54862962
54863846
54863908
54863985
54864027
54864835
54864897
54864972
54865036
54865837
54865903
54865974
54866048
54866107
54866183
54866225
54866843
54866906
54866982
54867024
54867783
54867846
54867921
54867963
54868846
54868910
54868986
54869029
54869803
54869863
54869941
54869984
54870849
54870912
54870985
54871059
54871119
54871195
54871237
54871827
54871887
54871963
54872005
54872840
54872902
54872978
54873020
54873841
54873904
54873979
54874021
54874833
54874902
54874973
54875015
54875807
54875867
54875941
54876014
54876075
54876150
54876192
54876831
54876894
54876971
54877012
54877784
54877847
54877924
54877967
54878793
54878856
54878932
54878976
54879771
54879835
54879911
54879954
54880773
54880834
54880908
54880982
54881028
54881106
54881145
54881837
54881901
54881976
54882018
54882825
54882888
54882964
54883006
54883829
54883891
54883966
54884008
54884828
54884889
54884965
54885007
54885835
54885906
54885971
54886045
54886092
54886168
54886210
54886821
54886885
54886961
54887003
54887783
54887846
54887922
54887964
54888780
54888843
54888921
54888964
54889837
54889901
54889976
54890018
54890839
54890902
54890976
54891049
54891100
54891171
54891213
54891787
54891850
54891926
54891968
54892806
54892867
54892943
54892985
54893829
54893889
54893965
54894007
54894802
54894863
54894939
54894981
54895838
54895904
54895974
54896048
54896104
54896172
54896215
54896780
54896843
54896920
54896963
54897826
54897887
54897963
54898004
54898784
54898846
54898922
54898964
54899778
54899842
54899918
54899961
54900787
54900850
54900924
54901004
54901044
54901121
54901165
