54001700
54001894
54001902
54002000
54002100
54002200
54002300
54002400
54002500
54002599
54002700
54002800
54002899
54003000
54003100
54003200
54003300
54003400
54003500
54003600
54003699
54003800
54003900
54003999
54004100
54004200
54004299
54004400
54004500
54004599
54004700
54004800
54004899
54005000
54005101
54005199
54005300
54005399
54005499
54005600
54005699
54005799
54005900
54005999
54006099
54006200
54006299
54006400
54006500
54006599
54006700
54006799
54006899
54007000
54007199
54007300
54007399
54007499
54007600
54007699
54007799
54007900
54007999
54008099
54008199
54008299
54008399
54008499
54008599
54008699
54008799
54008899
54008999
54009099
54009199
54009299
54009399
54009499
54009600
54009699
54009799
54009899
54009999
54010099
54010199
54010299
54010399
54010499
54010599
54010699
54010799
54010899
54010999
54011099
54011202
54011299
54011399
54011499
54011598
54011699
54011799
54011898
54011999
54012099
54012198
54012299
54012399
54012498
54012599
54012698
54012798
54012899
54012998
54013099
54013199
54013298
54013399
54013499
54013598
54013699
54013799
54013898
54013999
54014099
54014198
54014299
54014398
54014498
54014599
54014698
54014798
54014899
54014998
54015098
54015199
54015298
54015398
54015499
54015598
54015698
54015798
54015898
54015998
54016104
54016198
54016299
54016398
54016498
54016599
54016698
54016798
54016899
54016998
54017098
54017199
54017298
54017398
54017498
54017598
54017698
54017798
54017898
54017998
54018098
54018198
54018298
54018398
54018498
54018598
54018698
54018798
54018897
54018998
54019098
54019197
54019298
54019398
54019497
54019598
54019698
54019798
54019898
54019998
54020098
54020198
54020298
54020398
54020498
54020597
54020698
54020798
54020897
54020998
54021098
54021197
54021298
54021398
54021497
54021598
54021698
54021797
54021899
54021997
54022097
54022198
54022297
54022397
54022498
54022597
54022697
54022798
54022897
54022998
54023098
54023197
54023298
54023397
54023497
54023598
54023697
54023797
54023898
54023997
54024097
54024198
54024297
54024397
54024498
54024597
54024697
54024797
54024897
54024997
54025097
54025197
54025297
54025397
54025497
54025597
54025697
54025797
54025897
54025997
54026097
54026198
54026297
54026397
54026497
54026597
54026697
54026797
54026897
54026997
54027097
54027197
54027297
54027397
54027497
54027597
54027697
54027797
54027896
54027997
54028097
54028196
54028297
54028397
54028496
54028597
54028697
54028796
54028897
54028997
54029096
54029197
54029297
54029396
54029497
54029596
54029697
54029797
54029896
54029997
54030097
54030196
54030297
54030397
54030496
54030597
54030697
54030796
54030897
54030996
54031096
54031197
54031296
54031497
54031596
54031696
54031797
54031896
54031996
54032097
54032196
54032296
54032396
54032496
54032596
54032696
54032796
54032897
54032996
54033096
54033197
54033296
54033396
54033497
54033596
54033696
54033797
54033896
54033996
54034096
54034196
54034296
54034396
54034496
54034596
54034696
54034796
54034896
54034996
54035100
54035196
54035296
54035396
54035495
54035596
54035696
54035795
54035896
54035996
54036096
54036196
54036296
54036396
54036496
54036596
54036696
54036796
54036896
54036996
54037096
54037195
54037296
54037396
54037495
54037596
54037696
54037795
54037896
54037996
54038095
54038196
54038296
54038395
54038497
54038595
54038695
54038796
54038895
54038995
54039096
54039195
54039296
54039396
54039495
54039596
54039696
54039795
54039896
54039995
54040095
54040196
54040295
54040395
54040496
54040595
54040695
54040796
54040895
54040995
54041104
54041195
54041295
54041395
54041495
54041595
54041695
54041795
54041895
54041995
54042097
54042195
54042295
54042395
54042496
54042595
54042695
54042796
54042895
54042995
54043095
54043195
54043295
54043395
54043495
54043595
54043695
54043795
54043899
54043995
54044095
54044195
54044295
54044395
54044495
54044595
54044695
54044794
54044895
54044995
54045095
54045195
54045295
54045394
54045495
54045595
54045694
54045795
54045895
54045995
54046095
54046194
54046295
54046395
54046494
54046595
54046695
54046794
54046895
54046995
54047095
54047195
54047295
54047394
54047495
54047594
54047694
54047795
54047894
54047994
54048095
54048194
54048294
54048395
54048494
54048594
54048695
54048794
54048894
54048994
54049094
54049195
54049294
54049394
54049495
54049594
54049694
54049795
54049894
54049994
54050095
54050194
54050294
54050395
54050494
54050594
54050694
54050794
54050894
54050999
54051094
54051194
54051294
54051394
54051494
54051594
54051694
54051794
54051894
54051994
54052094
54052194
54052294
54052393
54052494
54052594
54052694
54052794
54052894
54052994
54053094
54053194
54053294
54053394
54053493
54053594
54053694
54053793
54053895
54053994
54054093
54054194
54054294
54054393
54054494
54054594
54054693
54054794
54054894
54054993
54055096
54055193
54055293
54055394
54055493
54055593
54055694
54055793
54055894
54055994
54056093
54056194
54056294
54056393
54056494
54056593
54056693
54056794
54056893
54056993
54057097
54057193
54057293
54057394
54057493
54057593
54057694
54057793
54057893
54057997
54058093
54058193
54058293
54058393
54058493
54058593
54058693
54058793
54058893
54058993
54059100
54059193
54059293
54059394
54059493
54059593
54059694
54059793
54059893
54059993
54060093
54060193
54060293
54060393
54060493
54060593
54060693
54060793
54060893
54060993
54061093
54061199
54061293
54061392
54061493
54061593
54061692
54061793
54061893
54061992
54062093
54062193
54062292
54062393
54062493
54062593
54062693
54062792
54062902
54062993
54063092
54063193
54063293
54063392
54063493
54063593
54063692
54063793
54063893
54064003
54064093
54064192
54064292
54064393
54064492
54064592
54064693
54064792
54064892
54064993
54065092
54065192
54065293
54065392
54065492
54065592
54065692
54065793
54065892
54065992
54066096
54066192
54066292
54066393
54066492
54066592
54066693
54066792
54066892
54066992
54067097
54067192
54067292
54067392
54067492
54067692
54067792
54067892
54067992
54068092
54068192
54068292
54068392
54068492
54068592
54068691
54068792
54068892
54068992
54069094
54069192
54069292
54069392
54069492
54069592
54069692
54069792
54069892
54069992
54070099
54070192
54070292
54070391
54070492
54070592
54070691
54070792
54070892
54070991
54071092
54071192
54071291
54071392
54071492
54071591
54071692
54071791
54071891
54071992
54072091
54072192
54072292
54072391
54072492
54072592
54072691
54072792
54072892
54072991
54073092
54073191
54073291
54073392
54073491
54073591
54073692
54073791
54073891
54073992
54074091
54074191
54074292
54074391
54074491
54074591
54074691
54074791
54074891
54074991
54075091
54075191
54075291
54075392
54075491
54075591
54075692
54075791
54075891
54075992
54076091
54076195
54076291
54076391
54076491
54076591
54076691
54076791
54076891
54076993
54077091
54077191
54077291
54077391
54077491
54077591
54077691
54077791
54077891
54077995
54078091
54078191
54078290
54078391
54078491
54078590
54078691
54078791
54078891
54078991
54079090
54079191
54079291
54079390
54079491
54079591
54079690
54079791
54079895
54079990
54080091
54080191
54080290
54080391
54080491
54080590
54080691
54080790
54080890
54080991
54081090
54081190
54081292
54081390
54081490
54081591
54081690
54081790
54081898
54081990
54082091
54082190
54082290
54082391
54082490
54082590
54082691
54082790
54082890
54082991
54083090
54083190
54083291
54083390
54083490
54083591
54083690
54083790
54083890
54083990
54084090
54084190
54084290
54084390
54084490
54084590
54084690
54084790
54084890
54084990
54085091
54085190
54085291
54085390
54085490
54085590
54085690
54085790
54085890
54085990
54086090
54086190
54086290
54086390
54086490
54086590
54086690
54086790
54086890
54086989
54087091
54087190
54087289
54087390
54087490
54087589
54087690
54087790
54087889
54087990
54088090
54088189
54088290
54088389
54088489
54088590
54088689
54088790
54088890
54088989
54089090
54089190
54089289
54089390
54089490
54089589
54089690
54089789
54089889
54089990
54090089
54090189
54090290
54090389
54090489
54090590
54090689
54090789
54090890
54090989
54091089
54091189
54091289
54091389
54091489
54091589
54091689
54091789
54091889
54091990
54092089
54092189
54092290
54092389
54092489
54092590
54092689
54092789
54092890
54092989
54093089
54093189
54093289
54093389
54093489
54093589
54093689
54093789
54093889
54093989
54094089
54094189
54094289
54094389
54094489
54094588
54094689
54094789
54094888
54094989
54095089
54095188
54095289
54095389
54095489
54095589
54095689
54095789
54095889
54095988
54096092
54096189
54096288
54096389
54096489
54096588
54096689
54096789
54096888
54096989
54097089
54097188
54097289
54097388
54097488
54097589
54097688
54097788
54097889
54097988
54098094
54098189
54098288
54098388
54098489
54098588
54098689
54098788
54098888
54098989
54099088
54099188
54099289
54099388
54099488
54099589
54099688
54099788
54099889
54099988
54100088
54100189
54100288
54100388
54100489
54100588
54100688
54100788
54100888
54100988
54101092
54101188
54101288
54101388
54101488
54101588
54101688
54101788
54101888
54101988
54102088
54102188
54102288
54102388
54102488
54102588
54102688
54102788
54102888
54102991
54103088
54103188
54103288
54103388
54103488
54103587
54103688
54103788
54103889
54103988
54104088
54104187
54104288
54104388
54104487
54104588
54104688
54104787
54104895
54104987
54105088
54105188
54105287
54105388
54105488
54105587
54105688
54105887
54105988
54106088
54106187
54106298
54106387
54106487
54106588
54106687
54106787
54106899
54106987
54107087
54107188
54107287
54107387
54107488
54107587
54107687
54107788
54107887
54107987
54108088
54108187
54108288
54108387
54108487
54108588
54108687
54108787
54108888
54108987
54109087
54109188
54109287
54109387
54109487
54109587
54109687
54109787
54109887
54109987
54110087
54110187
54110287
54110387
54110487
54110587
54110687
54110787
54110887
54110987
54111087
54111186
54111287
54111387
54111486
54111587
54111687
54111887
54111987
54112104
54112187
54112287
54112387
54112487
54112586
54112687
54112787
54112886
54112987
54113087
54113186
54113287
54113387
54113486
54113587
54113687
54113786
54113887
54113986
54114088
54114187
54114286
54114386
54114487
54114586
54114686
54114787
54114886
54114987
54115087
54115186
54115287
54115387
54115486
54115587
54115687
54115786
54115887
54115986
54116086
54116187
54116286
54116386
54116487
54116586
54116686
54116787
54116886
54116986
54117086
54117186
54117286
54117386
54117486
54117586
54117686
54117786
54117886
54117986
54118086
54118187
54118286
54118386
54118487
54118586
54118686
54118786
54118886
54118986
54119086
54119186
54119286
54119386
54119486
54119586
54119686
54119786
54119886
54119986
54120086
54120185
54120286
54120386
54120485
54120586
54120686
54120785
54120889
54120986
54121085
54121186
54121286
54121385
54121486
54121585
54121686
54121786
54121885
54121986
54122086
54122185
54122286
54122386
54122485
54122586
54122686
54122785
54122886
54122986
54123085
54123186
54123286
54123385
54123486
54123585
54123685
54123786
54123885
54123985
54124086
54124185
54124285
54124386
54124485
54124585
54124685
54124785
54124886
54124985
54125087
54125186
54125285
54125385
54125486
54125585
54125685
54125786
54125885
54125985
54126086
54126185
54126285
54126385
54126485
54126585
54126685
54126785
54126885
54126985
54127085
54127185
54127285
54127385
54127484
54127585
54127685
54127784
54127885
54127985
54128084
54128185
54128285
54128385
54128485
54128585
54128685
54128785
54128885
54128985
54129085
54129184
54129285
54129385
54129484
54129585
54129685
54129784
54129885
54129985
54130084
54130185
54130285
54130384
54130485
54130584
54130684
54130785
54130884
54130984
54131085
54131184
54131284
54131385
54131484
54131585
54131685
54131784
54131885
54131984
54132084
54132185
54132284
54132384
54132485
54132584
54132684
54132785
54132884
54132984
54133085
54133184
54133284
54133385
54133484
54133584
54133685
54133784
54133889
54133984
54134084
54134184
54134284
54134384
54134484
54134584
54134684
54134785
54134884
54134989
54135084
54135184
54135284
54135384
54135484
54135584
54135684
54135784
54135884
54135984
54136084
54136184
54136284
54136384
54136484
54136584
54136684
54136783
54136884
54136984
54137083
54137184
54137284
54137383
54137484
54137584
54137683
54137784
54137884
54137984
54138084
54138183
54138284
54138384
54138483
54138584
54138684
54138783
54138884
54138984
54139083
54139184
54139284
54139383
54139484
54139583
54139683
54139784
54139883
54139983
54140088
54140183
54140283
54140384
54140483
54140583
54140684
54140783
54140883
54140984
54141083
54141184
54141284
54141383
54141484
54141583
54141683
54141784
54141883
54141983
54142084
54142183
54142283
54142384
54142483
54142583
54142683
54142783
54142883
54142983
54143083
54143183
54143283
54143383
54143483
54143583
54143683
54143783
54143883
54143983
54144082
54144183
54144283
54144382
54144483
54144583
54144683
54144783
54144883
54144983
54145083
54145183
54145283
54145383
54145483
54145583
54145683
54145782
54145883
54145983
54146082
54146183
54146283
54146382
54146483
54146583
54146682
54146783
54146883
54146982
54147083
54147182
54147282
54147383
54147482
54147582
54147683
54147782
54147883
54147983
54148082
54148183
54148283
54148382
54148483
54148583
54148682
54148783
54148882
54148982
54149083
54149182
54149282
54149383
54149482
54149582
54149683
54149782
54149882
54149983
54150082
54150182
54150282
54150382
54150482
54150682
54150782
54150882
54150984
54151083
54151182
54151282
54151383
54151482
54151582
54151682
54151782
54151882
54151982
54152082
54152182
54152282
54152382
54152482
54152582
54152682
54152782
54152882
54152982
54153081
54153182
54153282
54153381
54153482
54153582
54153681
54153782
54153882
54153981
54154082
54154182
54154281
54154382
54154482
54154582
54154682
54154781
54154883
54154982
54155081
54155182
54155282
54155381
54155482
54155582
54155681
54155782
54155882
54155981
54156082
54156182
54156281
54156382
54156481
54156581
54156682
54156781
54156886
54156982
54157081
54157181
54157282
54157381
54157481
54157581
54157681
54157782
54157886
54157981
54158082
54158181
54158281
54158382
54158481
54158581
54158682
54158781
54158881
54158982
54159081
54159181
54159281
54159381
54159481
54159581
54159681
54159781
54159881
54159981
54160081
54160181
54160281
54160381
54160481
54160581
54160680
54160781
54160881
54160980
54161081
54161181
54161281
54161381
54161481
54161581
54161681
54161781
54161881
54161981
54162091
54162181
54162281
54162380
54162481
54162581
54162680
54162781
54162886
54162980
54163081
54163181
54163280
54163381
54163481
54163580
54163681
54163781
54163880
54163981
54164080
54164180
54164281
54164380
54164481
54164581
54164680
54164781
54164881
54164980
54165081
54165180
54165280
54165381
54165480
54165580
54165681
54165780
54165880
54165981
54166082
54166180
54166281
54166380
54166480
54166581
54166680
54166780
54166880
54166980
54167080
54167180
54167280
54167380
54167480
54167580
54167681
54167780
54167880
54167981
54168081
54168180
54168281
54168380
54168480
54168580
54168680
54168780
54168880
54168980
54169080
54169180
54169280
54169380
54169480
54169580
54169680
54169780
54169880
54169979
54170080
54170180
54170279
54170380
54170480
54170579
54170680
54170780
54170880
54170980
54171080
54171180
54171280
54171380
54171480
54171580
54171679
54171780
54171880
54171979
54172080
54172180
54172279
54172380
54172480
54172579
54172680
54172780
54172879
54172980
54173079
54173179
54173280
54173379
54173479
54173580
54173679
54173779
54173880
54173979
54174080
54174180
54174279
54174380
54174479
54174579
54174680
54174779
54174879
54174980
54175082
54175179
54175280
54175379
54175479
54175580
54175679
54175779
54175879
54175979
54176079
54176179
54176281
54176379
54176479
54176579
54176679
54176779
54176879
54176979
54177079
54177179
54177280
54177379
54177479
54177579
54177679
54177779
54177879
54177979
54178079
54178179
54178279
54178379
54178479
54178579
54178679
54178779
54178879
54178979
54179079
54179179
54179278
54179379
54179479
54179578
54179679
54179779
54179878
54179979
54180079
54180178
54180279
54180378
54180478
54180579
54180678
54180779
54180879
54180978
54181079
54181179
54181278
54181379
54181479
54181578
54181679
54181779
54181878
54181979
54182078
54182178
54182279
54182378
54182478
54182579
54182678
54182778
54182879
54182978
54183078
54183179
54183278
54183378
54183478
54183578
54183678
54183778
54183878
54183980
54184078
54184178
54184279
54184378
54184478
54184579
54184678
54184878
54184978
54185078
54185178
54185278
54185378
54185478
54185578
54185678
54185778
54185878
54185978
54186078
54186178
54186278
54186378
54186478
54186578
54186678
54186778
54186877
54186978
54187078
54187177
54187278
54187378
54187478
54187578
54187678
54187778
54187883
54187977
54188078
54188178
54188277
54188378
54188478
54188577
54188678
54188778
54188877
54188978
54189078
54189177
54189377
54189477
54189578
54189677
54189777
54189878
54189977
54190077
54190178
54190277
54190377
54190478
54190577
54190678
54190777
54190877
54190978
54191077
54191180
54191278
54191377
54191477
54191578
54191677
54191777
54191878
54191977
54192081
54192178
54192277
54192377
54192477
54192577
54192677
54192777
54192877
54192977
54193077
54193177
54193277
54193377
54193477
54193577
54193677
54193777
54193882
54193977
54194077
54194177
54194277
54194377
54194477
54194577
54194677
54194777
54194877
54194977
54195077
54195177
54195277
54195377
54195477
54195576
54195677
54195777
54195876
54195977
54196077
54196176
54196277
54196377
54196476
54196577
54196677
54196776
54196877
54196977
54197076
54197177
54197276
54197377
54197477
54197576
54197677
54197777
54197876
54197977
54198077
54198176
54198277
54198377
54198476
54198577
54198676
54198776
54198877
54198976
54199076
54199177
54199276
54199376
54199477
54199576
54199676
54199777
54199882
54199976
54200076
54200176
54200276
54200376
54200476
54200577
54200676
54200776
54200877
54200976
54201076
54201177
54201276
54201376
54201476
54201576
54201676
54201776
54201876
54201976
54202076
54202176
54202276
54202376
54202476
54202576
54202676
54202776
54202875
54202976
54203076
54203175
54203276
54203376
54203475
54203576
54203776
54203876
54203976
54204076
54204176
54204276
54204376
54204476
54204576
54204676
54204776
54204875
54204976
54205076
54205175
54205276
54205376
54205475
54205576
54205676
54205775
54205876
54205975
54206075
54206176
54206275
54206375
54206476
54206575
54206675
54206776
54206875
54206976
54207076
54207175
54207276
54207376
54207475
54207576
54207675
54207775
54207876
54207975
54208075
54208176
54208275
54208375
54208476
54208575
54208675
54208776
54208875
54208975
54209082
54209175
54209275
54209375
54209475
54209575
54209675
54209775
54209875
54209975
54210075
54210176
54210275
54210375
54210475
54210575
54210675
54210775
54210875
54210975
54211075
54211175
54211275
54211375
54211475
54211575
54211675
54211775
54211875
54211975
54212075
54212174
54212275
54212375
54212474
54212575
54212675
54212774
54212875
54212975
54213074
54213175
54213275
54213374
54213475
54213574
54213675
54213775
54213874
54213975
54214075
54214174
54214275
54214375
54214474
54214575
54214675
54214774
54214875
54214974
54215074
54215175
54215274
54215374
54215475
54215574
54215674
54215775
54215874
54215974
54216075
54216174
54216274
54216375
54216474
54216574
54216674
54216774
54216875
54216974
54217082
54217175
54217274
54217374
54217475
54217574
54217674
54217775
54217874
54217974
54218074
54218174
54218274
54218374
54218474
54218574
54218674
54218774
54218874
54218977
54219074
54219174
54219274
54219374
54219474
54219574
54219674
54219773
54219874
54219974
54220073
54220174
54220274
54220374
54220474
54220574
54220674
54220774
54220874
54220974
54221074
54221173
54221274
54221374
54221473
54221574
54221674
54221773
54221874
54221974
54222073
54222174
54222274
54222373
54222474
54222573
54222673
54222774
54222878
54222973
54223074
54223173
54223273
54223374
54223473
54223574
54223674
54223773
54223874
54223974
54224073
54224174
54224274
54224373
54224474
54224573
54224673
54224774
54224873
54224973
54225074
54225173
54225273
54225374
54225473
54225573
54225673
54225773
54225873
54225974
54226073
54226173
54226273
54226373
54226473
54226573
54226673
54226774
54226873
54226973
54227074
54227173
54227273
54227373
54227473
54227573
54227673
54227773
54227873
54227973
54228073
54228173
54228273
54228373
54228472
54228573
54228673
54228772
54228873
54228973
54229072
54229173
54229273
54229372
54229473
54229573
54229672
54229773
54229873
54229972
54230073
54230172
54230273
54230373
54230472
54230573
54230673
54230772
54230873
54230973
54231072
54231173
54231273
54231372
54231473
54231573
54231672
54231773
54231872
54231972
54232073
54232172
54232272
54232373
54232472
54232572
54232673
54232772
54232872
54232972
54233072
54233172
54233272
54233372
54233473
54233572
54233672
54233773
54233872
54233972
54234073
54234172
54234272
54234373
54234472
54234572
54234673
54234772
54234872
54234972
54235076
54235172
54235272
54235372
54235472
54235572
54235672
54235772
54235872
54235972
54236072
54236172
54236272
54236371
54236472
54236572
54236672
54236772
54236872
54236972
54237077
54237172
54237272
54237372
54237472
54237572
54237672
54237771
54237872
54237972
54238071
54238172
54238272
54238371
54238472
54238572
54238671
54238772
54238872
54238979
54239072
54239171
54239271
54239372
54239471
54239571
54239672
54239771
54239872
54239972
54240071
54240172
54240272
54240371
54240472
54240571
54240671
54240772
54240971
54241075
54241171
54241273
54241372
54241471
54241571
54241672
54241771
54241879
54241972
54242071
54242171
54242272
54242371
54242471
54242571
54242671
54242771
54242871
54242971
54243072
54243171
54243271
54243372
54243471
54243571
54243672
54243771
54243871
54243971
54244074
54244171
54244271
54244371
54244471
54244571
54244671
54244771
54244871
54244971
54245071
54245171
54245271
54245370
54245471
54245571
54245670
54245771
54245871
54245970
54246071
54246172
54246270
54246371
54246471
54246571
54246671
54246771
54246871
54246971
54247070
54247171
54247271
54247370
54247471
54247571
54247670
54247771
54247871
54247970
54248071
54248170
54248270
54248371
54248470
54248570
54248671
54248770
54248870
54248971
54249070
54249170
54249271
54249370
54249470
54249571
54249670
54249771
54249870
54249976
54250071
54250170
54250270
54250371
54250470
54250570
54250671
54250770
54250870
54250971
54251170
54251271
54251370
54251470
54251570
54251670
54251770
54251870
54251970
54252070
54252170
54252270
54252370
54252470
54252570
54252670
54252770
54252877
54252969
54253070
54253170
54253270
54253370
54253470
54253570
54253670
54253770
54253870
54253970
54254070
54254170
54254270
54254369
54254470
54254570
54254669
54254770
54254870
54254969
54255070
54255170
54255269
54255370
54255470
54255569
54255670
54255769
54255869
54255970
54256069
54256169
54256270
54256369
54256470
54256570
54256669
54256770
54256870
54256969
54257070
54257170
54257269
54257370
54257469
54257569
54257670
54257769
54257869
54257970
54258069
54258169
54258270
54258369
54258469
54258570
54258669
54258769
54258869
54258969
54259070
54259169
54259269
54259369
54259469
54259569
54259670
54259769
54259869
54259970
54260069
54260169
54260270
54260369
54260469
54260569
54260669
54260769
54260869
54260969
54261069
54261169
54261269
54261369
54261469
54261569
54261669
54261769
54261869
54261968
54262069
54262169
54262268
54262369
54262469
54262568
54262669
54262769
54262868
54262969
54263069
54263169
54263269
54263368
54263469
54263569
54263668
54263769
54263869
54263968
54264069
54264169
54264268
54264369
54264469
54264568
54264669
54264769
54264868
54264969
54265068
54265168
54265269
54265368
54265468
54265569
54265668
54265768
54265875
54265968
54266068
54266169
54266268
54266369
54266468
54266568
54266669
54266768
54266868
54266969
54267068
54267168
54267269
54267368
54267468
54267569
54267668
54267768
54267868
54267968
54268068
54268168
54268268
54268368
54268468
54268568
54268668
54268768
54268868
54268968
54269073
54269168
54269268
54269368
54269468
54269568
54269668
54269768
54269868
54269968
54270068
54270168
54270268
54270368
54270468
54270568
54270668
54270768
54270868
54270967
54271068
54271168
54271267
54271368
54271468
54271567
54271668
54271768
54271867
54271968
54272068
54272167
54272268
54272368
54272467
54272568
54272667
54272768
54272868
54272967
54273068
54273168
54273267
54273368
54273468
54273567
54273668
54273767
54273867
54273968
54274067
54274167
54274268
54274367
54274467
54274568
54274667
54274767
54274868
54274967
54275067
54275168
54275267
54275367
54275468
54275567
54275667
54275767
54275867
54275968
54276067
54276167
54276268
54276367
54276467
54276568
54276667
54276767
54276867
54276967
54277067
54277167
54277267
54277367
54277467
54277567
54277667
54277767
54277867
54277967
54278067
54278167
54278267
54278367
54278467
54278566
54278667
54278767
54278866
54278967
54279067
54279166
54279267
54279367
54279467
54279567
54279667
54279767
54279867
54279967
54280067
54280167
54280266
54280367
54280467
54280566
54280667
54280767
54280866
54280967
54281067
54281166
54281271
54281366
54281466
54281567
54281666
54281766
54281867
54281966
54282066
54282167
54282266
54282366
54282467
54282566
54282667
54282767
54282866
54282967
54283066
54283166
54283267
54283366
54283466
54283567
54283666
54283766
54283867
54283966
54284066
54284167
54284266
54284366
54284466
54284566
54284666
54284766
54284866
54284966
54285066
54285166
54285266
54285466
54285566
54285666
54285766
54285867
54285966
54286066
54286166
54286266
54286366
54286466
54286566
54286666
54286766
54286866
54286966
54287066
54287166
54287266
54287366
54287466
54287566
54287666
54287766
54287865
54287966
54288068
54288165
54288266
54288366
54288465
54288566
54288666
54288765
54288866
54288965
54289065
54289166
54289265
54289366
54289466
54289565
54289666
54289766
54289865
54289966
54290066
54290165
54290266
54290365
54290465
54290566
54290665
54290765
54290870
54290965
54291065
54291166
54291265
54291365
54291466
54291565
54291665
54291766
54291865
54291969
54292065
54292165
54292265
54292365
54292465
54292566
54292665
54292765
54292866
54292965
54293065
54293166
54293265
54293365
54293465
54293565
54293665
54293765
54293865
54293965
54294065
54294165
54294265
54294365
54294465
54294565
54294665
54294765
54294865
54295065
54295164
54295265
54295365
54295464
54295565
54295665
54295764
54295874
54295965
54296065
54296165
54296265
54296365
54296465
54296564
54296665
54296765
54296864
54296965
54297065
54297164
54297265
54297365
54297464
54297565
54297665
54297764
54297865
54297964
54298064
54298165
54298264
54298364
54298465
54298564
54298664
54298765
54298864
54298969
54299065
54299164
54299265
54299365
54299464
54299565
54299664
54299764
54299873
54299964
54300064
54300165
54300264
54300364
54300465
54300564
54300664
54300765
54300864
54300964
54301064
54301164
54301264
54301364
54301564
54301664
54301764
54301869
54301964
54302064
54302164
54302264
54302364
54302465
54302564
54302764
54302864
54302964
54303064
54303164
54303264
54303364
54303464
54303564
54303664
54303764
54303863
54303964
54304068
54304163
54304264
54304364
54304463
54304564
54304664
54304763
54304864
54304969
54305063
54305164
54305264
54305363
54305464
54305563
54305664
54305764
54305863
54305964
54306064
54306163
54306264
54306364
54306463
54306564
54306664
54306763
54306864
54306963
54307066
54307164
54307263
54307363
54307464
54307563
54307663
54307764
54307863
54307969
54308064
54308163
54308263
54308364
54308463
54308563
54308663
54308763
54308864
54308963
54309063
54309164
54309263
54309363
54309464
54309563
54309663
54309764
54309863
54309963
54310064
54310163
54310263
54310363
54310463
54310563
54310663
54310763
54310863
54310963
54311063
54311163
54311263
54311363
54311462
54311563
54311663
54311762
54311863
54311963
54312062
54312163
54312263
54312363
54312463
54312563
54312663
54312763
54312863
54312963
54313063
54313162
54313263
54313363
54313462
54313563
54313663
54313762
54313863
54313963
54314062
54314163
54314263
54314362
54314463
54314562
54314662
54314763
54314862
54314962
54315063
54315162
54315262
54315363
54315462
54315563
54315663
54315762
54315863
54315963
54316062
54316163
54316262
54316362
54316463
54316562
54316662
54316763
54316862
54316962
54317063
54317162
54317262
54317363
54317462
54317562
54317663
54317762
54317862
54317962
54318062
54318162
54318262
54318362
54318462
54318562
54318662
54318763
54318862
54318962
54319062
54319162
54319262
54319362
54319462
54319562
54319662
54319762
54319862
54319962
54320062
54320162
54320262
54320362
54320462
54320562
54320662
54320761
54320862
54320962
54321061
54321163
54321262
54321361
54321462
54321562
54321661
54321762
54321862
54321961
54322062
54322161
54322262
54322362
54322461
54322562
54322662
54322761
54322862
54322962
54323061
54323162
54323262
54323361
54323462
54323561
54323661
54323762
54323861
54323961
54324062
54324161
54324261
54324362
54324461
54324561
54324662
54324761
54324865
54324962
54325061
54325161
54325262
54325361
54325462
54325561
54325661
54325762
54325861
54325961
54326062
54326161
54326261
54326362
54326461
54326561
54326662
54326761
54326861
54326961
54327061
54327161
54327261
54327361
54327461
54327561
54327661
54327761
54327861
54327961
54328061
54328161
54328261
54328360
54328461
54328561
54328660
54328761
54328861
54328961
54329061
54329161
54329261
54329361
54329461
54329561
54329661
54329760
54329861
54329961
54330064
54330161
54330261
54330360
54330461
54330561
54330660
54330761
54330861
54330960
54331061
54331161
54331260
54331361
54331460
54331560
54331661
54331760
54331860
54331965
54332060
54332161
54332261
54332360
54332461
54332561
54332660
54332761
54332861
54332960
54333061
54333160
54333260
54333361
54333460
54333560
54333661
54333760
54333860
54333962
54334060
54334160
54334261
54334360
54334460
54334560
54334660
54334760
54334860
54334960
54335060
54335160
54335260
54335361
54335460
54335560
54335661
54335760
54335860
54335960
54336060
54336160
54336260
54336360
54336460
54336560
54336660
54336760
54336860
54336960
54337060
54337160
54337260
54337359
54337460
54337560
54337659
54337760
54337860
54337959
54338060
54338160
54338259
54338360
54338460
54338560
54338660
54338760
54338866
54338960
54339059
54339160
54339260
54339359
54339460
54339560
54339659
54339760
54339860
54339964
54340060
54340160
54340259
54340360
54340460
54340559
54340660
54340759
54340859
54340960
54341059
54341159
54341260
54341359
54341459
54341560
54341659
54341760
54341859
54341959
54342060
54342159
54342259
54342360
54342459
54342559
54342660
54342759
54342859
54342960
54343059
54343159
54343260
54343359
54343459
54343559
54343659
54343759
54343859
54343959
54344059
54344159
54344259
54344359
54344459
54344559
54344659
54344759
54344859
54344958
54345059
54345159
54345259
54345359
54345459
54345559
54345659
54345759
54345859
54345959
54346059
54346159
54346259
54346358
54346459
54346559
54346759
54346859
54346958
54347059
54347159
54347258
54347359
54347459
54347558
54347659
54347759
54347864
54347959
54348058
54348158
54348259
54348358
54348459
54348559
54348658
54348759
54348859
54348958
54349059
54349159
54349258
54349359
54349458
54349558
54349659
54349758
54349858
54349959
54350058
54350158
54350259
54350358
54350458
54350559
54350658
54350758
54350859
54350958
54351058
54351158
54351258
54351358
54351458
54351558
54351659
54351758
54351860
54351959
54352058
54352158
54352259
54352358
54352458
54352558
54352658
54352758
54352858
54352958
54353058
54353158
54353258
54353358
54353458
54353558
54353658
54353758
54353858
54353957
54354058
54354158
54354257
54354358
54354458
54354557
54354658
54354758
54354857
54354958
54355058
54355158
54355258
54355357
54355458
54355558
54355658
54355758
54355861
54355957
54356058
54356158
54356257
54356358
54356458
54356557
54356658
54356758
54356857
54356958
54357057
54357157
54357258
54357357
54357457
54357558
54357657
54357757
54357858
54357957
54358057
54358158
54358257
54358358
54358458
54358557
54358658
54358757
54358857
54358958
54359057
54359157
54359258
54359357
54359457
54359558
54359657
54359757
54359858
54359957
54360057
54360157
54360257
54360357
54360457
54360557
54360657
54360757
54360857
54360957
54361057
54361157
54361257
54361357
54361457
54361556
54361657
54361757
54361857
54361957
54362057
54362157
54362257
54362357
54362457
54362557
54362657
54362757
54362857
54362957
54363057
54363257
54363357
54363457
54363556
54363657
54363757
54363856
54363957
54364057
54364156
54364257
54364356
54364456
54364557
54364656
54364756
54364857
54364956
54365057
54365157
54365256
54365357
54365457
54365556
54365657
54365757
54365856
54365957
54366057
54366156
54366257
54366356
54366456
54366557
54366656
54366756
54366857
54366956
54367056
54367157
54367256
54367356
54367456
54367556
54367656
54367756
54367856
54367956
54368056
54368156
54368257
54368356
54368456
54368557
54368656
54368756
54368857
54368956
54369056
54369156
54369256
54369356
54369456
54369556
54369656
54369756
54369856
54369956
54370056
54370156
54370256
54370356
54370456
54370556
54370656
54370756
54370855
54370956
54371057
54371155
54371256
54371356
54371456
54371556
54371656
54371756
54371856
54371955
54372056
54372156
54372255
54372356
54372456
54372555
54372656
54372756
54372855
54372956
54373056
54373155
54373256
54373356
54373455
54373556
54373655
54373755
54373856
54373955
54374055
54374156
54374255
54374355
54374456
54374555
54374656
54374756
54374855
54374956
54375055
54375155
54375256
54375355
54375455
54375556
54375655
54375755
54375856
54375955
54376055
54376156
54376255
54376355
54376455
54376555
54376655
54376755
54376855
54376955
54377055
54377155
54377255
54377355
54377455
54377555
54377655
54377755
54377856
54377960
54378055
54378155
54378255
54378355
54378455
54378555
54378655
54378755
54378855
54378955
54379055
54379155
54379255
54379355
54379455
54379554
54379655
54379755
54379854
54379955
54380055
54380154
54380255
54380355
54380454
54380555
54380655
54380754
54380855
54380955
54381054
54381155
54381261
54381355
54381455
54381554
54381655
54381755
54381854
54381955
54382055
54382154
54382255
54382355
54382454
54382555
54382654
54382754
54382855
54382954
54383054
54383155
54383254
54383354
54383455
54383554
54383654
54383755
54383854
54383954
54384054
54384154
54384254
54384354
54384454
54384555
54384654
54384754
54384855
54384954
54385054
54385155
54385254
54385354
54385454
54385554
54385654
54385754
54385854
54385959
54386054
54386154
54386254
54386354
54386454
54386554
54386654
54386754
54386854
54386954
54387057
54387153
54387254
54387354
54387453
54387554
54387654
54387753
54387854
54387954
54388054
54388154
54388254
54388354
54388454
54388554
54388654
54388754
54388853
54388954
54389054
54389153
54389254
54389354
54389453
54389554
54389654
54389753
54389854
54389953
54390053
54390154
54390253
54390353
54390454
54390553
54390653
54390754
54390854
54390953
54391054
54391153
54391254
54391354
54391453
54391554
54391653
54391753
54391854
54391959
54392053
54392154
54392253
54392353
54392454
54392553
54392653
54392754
54392853
54392953
54393054
54393153
54393253
54393353
54393453
54393553
54393653
54393753
54393853
54393953
54394053
54394153
54394253
54394353
54394454
54394553
54394653
54394753
54394853
54394957
54395053
54395153
54395253
54395353
54395453
54395553
54395653
54395753
54395858
54395953
54396053
54396153
54396253
54396353
54396452
54396553
54396653
54396752
54396853
54396953
54397052
54397153
54397253
54397352
54397453
54397553
54397652
54397753
54397852
54397953
54398053
54398152
54398253
54398353
54398452
54398553
54398653
54398752
54398853
54398953
54399054
54399153
54399252
54399352
54399453
54399552
54399652
54399753
54399852
54399952
54400053
54400152
54400252
54400353
54400452
54400552
54400652
54400752
54400854
54400952
54401052
54401153
54401252
54401352
54401453
54401552
54401652
54401753
54401852
54401952
54402053
54402152
54402252
54402352
54402452
54402552
54402652
54402752
54402852
54402952
54403052
54403152
54403252
54403352
54403452
54403552
54403652
54403751
54403852
54403952
54404051
54404152
54404252
54404352
54404452
54404552
54404652
54404752
54404852
54404961
54405052
54405151
54405252
54405352
54405451
54405552
54405652
54405751
54405852
54405952
54406051
54406152
54406252
54406351
54406452
54406551
54406651
54406752
54406851
54406951
54407056
54407151
54407251
54407352
54407451
54407552
54407652
54407751
54407856
54407952
54408051
54408152
54408251
54408351
54408452
54408551
54408651
54408752
54408851
54408951
54409052
54409151
54409251
54409352
54409451
54409551
54409651
54409751
54409858
54409951
54410051
54410151
54410251
54410351
54410451
54410551
54410651
54410752
54410851
54410951
54411052
54411151
54411252
54411351
54411451
54411551
54411651
54411751
54411851
54411951
54412051
54412151
54412251
54412351
54412451
54412551
54412651
54412750
54412851
54412951
54413051
54413151
54413251
54413350
54413451
54413551
54413650
54413751
54413851
54413950
54414051
54414151
54414251
54414351
54414450
54414551
54414651
54414750
54414851
54414951
54415050
54415151
54415251
54415350
54415451
54415551
54415650
54415751
54415854
54415950
54416051
54416150
54416250
54416351
54416450
54416550
54416651
54416750
54416850
54416951
54417050
54417150
54417251
54417350
54417451
54417550
54417650
54417751
54417850
54417950
54418051
54418150
54418250
54418351
54418450
54418550
54418651
54418750
54418850
54418950
54419054
54419150
54419250
54419350
54419450
54419550
54419650
54419750
54419854
54419950
54420050
54420150
54420250
54420349
54420450
54420550
54420649
54420750
54420850
54420950
54421050
54421150
54421250
54421350
54421450
54421550
54421650
54421750
54421850
54421950
54422049
54422150
54422250
54422349
54422450
54422550
54422649
54422750
54422850
54422949
54423050
54423150
54423249
54423350
54423449
54423549
54423650
54423749
54423849
54423950
54424049
54424150
54424250
54424349
54424450
54424550
54424649
54424750
54424849
54424949
54425050
54425149
54425249
54425350
54425449
54425549
54425650
54425749
54425849
54425950
54426049
54426149
54426250
54426349
54426449
54426549
54426649
54426749
54426849
54426949
54427049
54427149
54427249
54427350
54427449
54427549
54427650
54427749
54427849
54427949
54428049
54428149
54428249
54428349
54428449
54428549
54428649
54428749
54428950
54429049
54429149
54429249
54429349
54429449
54429549
54429648
54429749
54429849
54429953
54430049
54430149
54430248
54430349
54430449
54430548
54430649
54430749
54430849
54430949
54431048
54431149
54431249
54431348
54431449
54431549
54431648
54431749
54431849
54431968
54432054
54432149
54432248
54432349
54432448
54432548
54432748
54432848
54432949
54433048
54433148
54433249
54433348
54433448
54433549
54433648
54433748
54433849
54433953
54434049
54434148
54434248
54434349
54434448
54434548
54434649
54434748
54434848
54434949
54435048
54435148
54435249
54435348
54435448
54435548
54435648
54435748
54435851
54435948
54436048
54436148
54436248
54436348
54436448
54436548
54436648
54436748
54436848
54436947
54437048
54437148
54437248
54437348
54437448
54437548
54437648
54437748
54437848
54437948
54438048
54438148
54438248
54438347
54438448
54438548
54438647
54438748
54438848
54438947
54439048
54439148
54439247
54439348
54439448
54439547
54439648
54439748
54439847
54439948
54440048
54440147
54440248
54440347
54440448
54440548
54440647
54440748
54440848
54440951
54441048
54441148
54441247
54441348
54441448
54441547
54441648
54441747
54441847
54441949
54442047
54442147
54442248
54442347
54442447
54442548
54442647
54442747
54442847
54442947
54443049
54443147
54443247
54443347
54443447
54443547
54443648
54443747
54443847
54443948
54444047
54444147
54444248
54444347
54444447
54444547
54444647
54444747
54444847
54444947
54445050
54445147
54445247
54445347
54445447
54445547
54445647
54445747
54445847
54445946
54446047
54446147
54446246
54446347
54446447
54446546
54446647
54446747
54446846
54446947
54447047
54447147
54447247
54447347
54447447
54447547
54447646
54447747
54447847
54447946
54448047
54448147
54448246
54448347
54448447
54448546
54448647
54448747
54448846
54448947
54449047
54449146
54449247
54449346
54449446
54449547
54449646
54449746
54449847
54449946
54450046
54450147
54450246
54450347
54450446
54450546
54450647
54450746
54450846
54450950
54451046
54451146
54451247
54451346
54451446
54451547
54451646
54451746
54451847
54451946
54452046
54452146
54452246
54452346
54452446
54452546
54452646
54452746
54452846
54452946
54453046
54453146
54453246
54453346
54453446
54453545
54453646
54453746
54453846
54453946
54454046
54454146
54454246
54454346
54454446
54454546
54454646
54454746
54454846
54454950
54455046
54455146
54455245
54455346
54455446
54455545
54455646
54455746
54455845
54455952
54456046
54456145
54456246
54456346
54456445
54456546
54456646
54456745
54456846
54456945
54457046
54457146
54457245
54457346
54457446
54457545
54457646
54457746
54457845
54457946
54458045
54458145
54458246
54458345
54458445
54458546
54458645
54458745
54458846
54458945
54459045
54459146
54459245
54459345
54459445
54459545
54459645
54459745
54459845
54459945
54460050
54460145
54460246
54460345
54460445
54460546
54460645
54460745
54460846
54460945
54461045
54461145
54461245
54461345
54461445
54461545
54461645
54461745
54461845
54461945
54462045
54462145
54462245
54462345
54462445
54462544
54462645
54462745
54462844
54462945
54463045
54463144
54463245
54463345
54463444
54463545
54463645
54463745
54463845
54463945
54464045
54464145
54464245
54464345
54464445
54464544
54464645
54464745
54464846
54464945
54465045
54465144
54465245
54465345
54465444
54465545
54465644
54465744
54465845
54465944
54466044
54466145
54466244
54466344
54466445
54466544
54466644
54466745
54466844
54467044
54467144
54467245
54467344
54467444
54467545
54467644
54467744
54467845
54467944
54468044
54468145
54468244
54468344
54468445
54468544
54468644
54468744
54468844
54468944
54469044
54469144
54469244
54469344
54469544
54469644
54469744
54469844
54469944
54470044
54470144
54470244
54470344
54470444
54470544
54470644
54470744
54470844
54470944
54471044
54471144
54471244
54471444
54471544
54471644
54471744
54471843
54471946
54472044
54472143
54472244
54472344
54472443
54472544
54472644
54472743
54472844
54472944
54473043
54473144
54473243
54473344
54473444
54473543
54473644
54473744
54473843
54473944
54474044
54474143
54474244
54474344
54474443
54474544
54474643
54474743
54474844
54474943
54475043
54475144
54475243
54475343
54475444
54475543
54475643
54475744
54475843
54475943
54476044
54476143
54476243
54476343
54476443
54476544
54476643
54476743
54476844
54476943
54477043
54477144
54477243
54477343
54477444
54477543
54477643
54477743
54477843
54477943
54478043
54478143
54478243
54478343
54478443
54478543
54478643
54478743
54478943
54479043
54479143
54479243
54479343
54479442
54479543
54479643
54479742
54479843
54479943
54480047
54480143
54480243
54480343
54480443
54480543
54480643
54480743
54480842
54480943
54481043
54481142
54481243
54481343
54481442
54481543
54481643
54481742
54481843
54481943
54482042
54482143
54482242
54482342
54482443
54482542
54482642
54482743
54482842
54482942
54483142
54483243
54483343
54483442
54483543
54483643
54483742
54483843
54483942
54484042
54484143
54484242
54484342
54484443
54484542
54484642
54484743
54484842
54484942
54485043
54485142
54485242
54485342
54485442
54485542
54485642
54485742
54485847
54485942
54486042
54486142
54486242
54486342
54486443
54486542
54486642
54486743
54486842
54486942
54487042
54487142
54487242
54487342
54487442
54487542
54487642
54487742
54487842
54487942
54488042
54488141
54488242
54488342
54488441
54488542
54488642
54488741
54488842
54488942
54489041
54489142
54489242
54489341
54489442
54489542
54489641
54489742
54489841
54489949
54490042
54490141
54490242
54490342
54490441
54490542
54490642
54490741
54490842
54490947
54491041
54491142
54491242
54491341
54491442
54491541
54491641
54491742
54491841
54491941
54492046
54492141
54492241
54492342
54492441
54492541
54492641
54492741
54492841
54492941
54493041
54493142
54493241
54493341
54493442
54493541
54493641
54493742
54493841
54493941
54494042
54494141
54494241
54494342
54494441
54494541
54494641
54494741
54494841
54494941
54495050
54495141
54495241
54495341
54495441
54495541
54495641
54495740
54495841
54495941
54496040
54496141
54496241
54496340
54496441
54496541
54496641
54496741
54496841
54496941
54497041
54497141
54497241
54497341
54497440
54497541
54497641
54497740
54497841
54497941
54498041
54498141
54498241
54498340
54498441
54498541
54498640
54498741
54498840
54498940
54499041
54499140
54499240
54499341
54499440
54499540
54499641
54499740
54499841
54499941
54500041
54500141
54500241
54500340
54500441
54500540
54500640
54500741
54500840
54500940
54501041
54501140
54501240
54501341
54501440
54501540
54501641
54501740
54501840
54501941
54502040
54502140
54502240
54502340
54502440
54502540
54502640
54502740
54502840
54502940
54503041
54503140
54503240
54503340
54503440
54503540
54503640
54503740
54503840
54503940
54504040
54504140
54504240
54504340
54504440
54504540
54504640
54504740
54504840
54504940
54505039
54505140
54505240
54505339
54505440
54505540
54505639
54505740
54505840
54505939
54506040
54506140
54506240
54506340
54506439
54506540
54506640
54506739
54506840
54506945
54507039
54507140
54507240
54507339
54507440
54507540
54507639
54507740
54507839
54507961
54508040
54508139
54508340
54508439
54508539
54508640
54508739
54508839
54508946
54509039
54509139
54509240
54509339
54509440
54509540
54509639
54509740
54509839
54509939
54510040
54510139
54510239
54510340
54510439
54510539
54510640
54510739
54510839
54510939
54511039
54511139
54511245
54511339
54511439
54511539
54511639
54511739
54511839
54511944
54512039
54512139
54512239
54512339
54512439
54512539
54512638
54512739
54512839
54512939
54513039
54513139
54513239
54513339
54513439
54513539
54513639
54513739
54513839
54513939
54514041
54514139
54514239
54514338
54514439
54514539
54514638
54514739
54514839
54514938
54515039
54515139
54515238
54515339
54515439
54515538
54515639
54515738
54515838
54515939
54516038
54516139
54516239
54516338
54516439
54516539
54516638
54516739
54516839
54516959
54517039
54517138
54517238
54517339
54517438
54517538
54517639
54517738
54517839
54517939
54518038
54518138
54518239
54518338
54518438
54518538
54518638
54518738
54518838
54518938
54519038
54519138
54519238
54519339
54519438
54519538
54519639
54519738
54519838
54519939
54520038
54520138
54520238
54520338
54520438
54520538
54520638
54520738
54520838
54520938
54521039
54521138
54521238
54521338
54521438
54521538
54521637
54521738
54521838
54521937
54522040
54522138
54522237
54522338
54522438
54522537
54522638
54522738
54522838
54522938
54523037
54523138
54523238
54523337
54523438
54523538
54523637
54523738
54523838
54523943
54524038
54524138
54524237
54524338
54524437
54524537
54524638
54524737
54524837
54524938
54525037
54525137
54525238
54525337
54525437
54525538
54525637
54525737
54525837
54525943
54526038
54526137
54526237
54526338
54526437
54526537
54526638
54526737
54526837
54526938
54527037
54527137
54527238
54527337
54527437
54527538
54527637
54527737
54527837
54527937
54528037
54528137
54528237
54528337
54528437
54528537
54528637
54528737
54528837
54528937
54529037
54529137
54529236
54529337
54529437
54529537
54529637
54529737
54529837
54529939
54530037
54530137
54530237
54530337
54530437
54530537
54530636
54530737
54530837
54530936
54531037
54531137
54531236
54531337
54531437
54531536
54531637
54531737
54531836
54531937
54532036
54532136
54532237
54532336
54532436
54532537
54532636
54532737
54532837
54532936
54533037
54533137
54533236
54533337
54533437
54533536
54533637
54533736
54533836
54533937
54534036
54534136
54534237
54534336
54534436
54534537
54534636
54534736
54534837
54534937
54535036
54535137
54535236
54535336
54535436
54535536
54535636
54535736
54535836
54535937
54536036
54536136
54536237
54536336
54536436
54536536
54536636
54536736
54536836
54536936
54537036
54537136
54537236
54537336
54537436
54537536
54537636
54537736
54537836
54537939
54538036
54538136
54538235
54538336
54538436
54538535
54538636
54538736
54538835
54538937
54539036
54539136
54539236
54539336
54539436
54539536
54539635
54539736
54539836
54539935
54540036
54540136
54540235
54540336
54540436
54540535
54540636
54540736
54540835
54540936
54541036
54541135
54541236
54541335
54541435
54541536
54541635
54541735
54541836
54541935
54542035
54542136
54542235
54542336
54542436
54542535
54542636
54542735
54542835
54542936
54543035
54543135
54543236
54543335
54543435
54543536
54543635
54543735
54543836
54543935
54544035
54544135
54544235
54544335
54544435
54544535
54544635
54544735
54544835
54544935
54545035
54545135
54545235
54545335
54545435
54545534
54545635
54545735
54545835
54545935
54546035
54546135
54546236
54546335
54546435
54546535
54546635
54546735
54546835
54546937
54547035
54547135
54547234
54547335
54547435
54547534
54547635
54547735
54547834
54547935
54548035
54548134
54548235
54548335
54548434
54548535
54548634
54548734
54548839
54548934
54549035
54549135
54549234
54549335
54549435
54549534
54549635
54549735
54549834
54549935
54550035
54550134
54550235
54550334
54550434
54550535
54550634
54550734
54550835
54550934
54551034
54551136
54551234
54551334
54551435
54551534
54551634
54551734
54551834
54551934
54552034
54552134
54552235
54552334
54552434
54552535
54552634
54552734
54552835
54552934
54553034
54553135
54553234
54553334
54553434
54553534
54553634
54553734
54553834
54553935
54554034
54554134
54554234
54554334
54554434
54554534
54554635
54554734
54554833
54554935
54555034
54555133
54555234
54555334
54555433
54555534
54555634
54555734
54555834
54555934
54556034
54556137
54556233
54556334
54556434
54556533
54556634
54556734
54556833
54556934
54557036
54557133
54557234
54557334
54557433
54557534
54557634
54557733
54557837
54557933
54558033
54558134
54558233
54558333
54558434
54558533
54558633
54558734
54558833
54558934
54559034
54559133
54559234
54559333
54559433
54559534
54559633
54559733
54559839
54559933
54560033
54560134
54560233
54560333
54560434
54560533
54560633
54560733
54560833
54560933
54561033
54561133
54561233
54561333
54561433
54561533
54561633
54561733
54561833
54561938
54562033
54562132
54562233
54562333
54562433
54562533
54562633
54562733
54562833
54562933
54563033
54563133
54563233
54563333
54563433
54563533
54563633
54563733
54563834
54563933
54564033
54564132
54564233
54564333
54564432
54564533
54564633
54564732
54564833
54564933
54565032
54565133
54565233
54565332
54565433
54565532
54565633
54565733
54565832
54565933
54566033
54566132
54566238
54566333
54566432
54566533
54566633
54566732
54566833
54566932
54567032
54567133
54567232
54567332
54567433
54567532
54567632
54567733
54567833
54567932
54568033
54568132
54568232
54568332
54568432
54568532
54568632
54568732
54568833
54568979
54569032
54569133
54569232
54569332
54569433
54569532
54569632
54569733
54569832
54569932
54570032
54570132
54570232
54570332
54570432
54570532
54570632
54570732
54570832
54570932
54571032
54571132
54571232
54571332
54571431
54571532
54571632
54571731
54571832
54571932
54572032
54572132
54572232
54572332
54572432
54572532
54572632
54572732
54572832
54572949
54573032
54573131
54573232
54573332
54573431
54573532
54573632
54573731
54573832
54573932
54574031
54574132
54574232
54574331
54574432
54574531
54574631
54574732
54574831
54574931
54575032
54575131
54575232
54575332
54575431
54575532
54575632
54575731
54575832
54575931
54576031
54576132
54576231
54576331
54576432
54576531
54576631
54576732
54576831
54576931
54577032
54577131
54577231
54577332
54577431
54577531
54577631
54577731
54577836
54577931
54578031
54578131
54578231
54578331
54578432
54578531
54578631
54578732
54578831
54578931
54579031
54579131
54579231
54579331
54579431
54579531
54579631
54579731
54579831
54579936
54580031
54580131
54580231
54580331
54580431
54580531
54580631
54580730
54580831
54580931
54581030
54581131
54581231
54581330
54581431
54581531
54581630
54581731
54581830
54581931
54582031
54582130
54582231
54582331
54582430
54582531
54582631
54582730
54582833
54582931
54583030
54583131
54583231
54583330
54583431
54583530
54583630
54583731
54583830
54583930
54584031
54584130
54584230
54584331
54584430
54584530
54584631
54584730
54584830
54584930
54585030
54585131
54585230
54585330
54585431
54585530
54585630
54585731
54585830
54585930
54586031
54586130
54586230
54586330
54586430
54586530
54586630
54586730
54586830
54586930
54587030
54587130
54587230
54587330
54587430
54587530
54587630
54587730
54587830
54587930
54588029
54588130
54588230
54588329
54588430
54588530
54588630
54588730
54588830
54588930
54589030
54589130
54589230
54589330
54589429
54589530
54589630
54589729
54589830
54589930
54590029
54590130
54590230
54590329
54590430
54590530
54590629
54590730
54590829
54590929
54591030
54591129
54591229
54591330
54591429
54591529
54591630
54591729
54591830
54591930
54592029
54592130
54592230
54592329
54592430
54592529
54592629
54592730
54592829
54592932
54593030
54593129
54593229
54593330
54593429
54593529
54593630
54593729
54593829
54593929
54594029
54594129
54594229
54594329
54594429
54594529
54594629
54594729
54594829
54594929
54595030
54595129
54595229
54595330
54595429
54595529
54595629
54595729
54595829
54595929
54596029
54596129
54596229
54596329
54596429
54596529
54596629
54596729
54596829
54596929
54597028
54597129
54597229
54597328
54597429
54597529
54597628
54597729
54597829
54597928
54598029
54598129
54598228
54598329
54598428
54598529
54598629
54598728
54598829
54598929
54599028
54599129
54599229
54599328
54599429
54599529
54599628
54599729
54599829
54599928
54600029
54600128
54600228
54600329
54600428
54600528
54600629
54600728
54600828
54600934
54601028
54601128
54601229
54601328
54601428
54601528
54601628
54601729
54601828
54601928
54602029
54602128
54602228
54602329
54602428
54602528
54602629
54602728
54602828
54602929
54603028
54603128
54603229
54603328
54603428
54603528
54603628
54603728
54603828
54603928
54604028
54604128
54604228
54604328
54604428
54604528
54604627
54604728
54604828
54604928
54605028
54605128
54605228
54605328
54605428
54605528
54605628
54605728
54605828
54605928
54606028
54606128
54606234
54606327
54606428
54606528
54606627
54606728
54606828
54606929
54607028
54607128
54607227
54607328
54607427
54607527
54607628
54607727
54607827
54607928
54608027
54608128
54608228
54608327
54608428
54608528
54608627
54608728
54608828
54608927
54609028
54609127
54609227
54609328
54609427
54609527
54609628
54609727
54609827
54609928
54610027
54610127
54610228
54610327
54610427
54610528
54610627
54610727
54610827
54610927
54611027
54611127
54611227
54611328
54611427
54611527
54611628
54611727
54611827
54611927
54612027
54612127
54612227
54612327
54612427
54612527
54612627
54612727
54612827
54612932
54613027
54613127
54613227
54613327
54613427
54613527
54613626
54613727
54613827
54613926
54614027
54614127
54614226
54614327
54614427
54614526
54614627
54614727
54614827
54614927
54615026
54615127
54615227
54615326
54615427
54615527
54615626
54615727
54615831
54615926
54616027
54616127
54616226
54616327
54616427
54616526
54616627
54616726
54616826
54616927
54617026
54617126
54617227
54617326
54617426
54617527
54617626
54617726
54617827
54617926
54618027
54618126
54618226
54618327
54618426
54618526
54618627
54618726
54618826
54618927
54619030
54619126
54619227
54619326
54619426
54619526
54619626
54619726
54619826
54619926
54620026
54620126
54620226
54620326
54620426
54620526
54620626
54620726
54620826
54620925
54621026
54621129
54621227
54621326
54621426
54621526
54621626
54621726
54621826
54621926
54622026
54622126
54622226
54622326
54622426
54622526
54622625
54622726
54622826
54622925
54623026
54623126
54623225
54623326
54623426
54623525
54623626
54623726
54623830
54623926
54624026
54624125
54624226
54624325
54624425
54624526
54624625
54624726
54624826
54624925
54625026
54625126
54625225
54625326
54625426
54625525
54625626
54625725
54625825
54625926
54626025
54626125
54626226
54626325
54626425
54626526
54626625
54626725
54626826
54626925
54627025
54627125
54627225
54627325
54627425
54627525
54627625
54627725
54627825
54627926
54628025
54628125
54628226
54628325
54628425
54628526
54628625
54628725
54628825
54628925
54629025
54629125
54629225
54629325
54629425
54629525
54629625
54629725
54629825
54629925
54630025
54630125
54630224
54630325
54630425
54630524
54630625
54630725
54630824
54630925
54631025
54631124
54631225
54631325
54631425
54631525
54631624
54631725
54631825
54631924
54632025
54632125
54632224
54632325
54632425
54632524
54632625
54632725
54632824
54632925
54633024
54633124
54633225
54633324
54633424
54633525
54633624
54633724
54633825
54633924
54634024
54634125
54634224
54634324
54634425
54634524
54634625
54634724
54634824
54634925
54635024
54635124
54635225
54635324
54635424
54635525
54635624
54635724
54635825
54635924
54636024
54636125
54636224
54636324
54636424
54636524
54636624
54636724
54636824
54636924
54637024
54637124
54637224
54637324
54637424
54637523
54637624
54637724
54637824
54637924
54638024
54638124
54638224
54638324
54638424
54638524
54638624
54638724
54638824
54638924
54639025
54639124
54639224
54639324
54639424
54639523
54639624
54639724
54639823
54639924
54640024
54640123
54640224
54640324
54640423
54640524
54640623
54640723
54640824
54640923
54641024
54641124
54641223
54641324
54641424
54641523
54641624
54641724
54641823
54641928
54642024
54642123
54642224
54642323
54642423
54642524
54642623
54642723
54642824
54642923
54643023
54643124
54643223
54643323
54643424
54643523
54643623
54643724
54643823
54643923
54644023
54644123
54644224
54644323
54644423
54644524
54644623
54644723
54644824
54644923
54645023
54645123
54645223
54645323
54645423
54645523
54645623
54645723
54645823
54645924
54646023
54646123
54646223
54646323
54646423
54646523
54646623
54646723
54646822
54646923
54647023
54647122
54647223
54647323
54647422
54647523
54647623
54647723
54647823
54647924
54648023
54648123
54648222
54648323
54648423
54648522
54648623
54648723
54648822
54648923
54649023
54649122
54649223
54649323
54649422
54649523
54649622
54649722
54649823
54649922
54650022
54650123
54650222
54650322
54650423
54650522
54650622
54650723
54650822
54650923
54651023
54651122
54651223
54651323
54651422
54651523
54651622
54651722
54651823
54651922
54652022
54652123
54652222
54652322
54652423
54652522
54652622
54652722
54652822
54652922
54653022
54653122
54653222
54653322
54653522
54653622
54653722
54653822
54653927
54654022
54654123
54654222
54654322
54654422
54654522
54654622
54654722
54654822
54654926
54655022
54655122
54655222
54655322
54655422
54655522
54655622
54655722
54655821
54655922
54656023
54656121
54656222
54656322
54656421
54656522
54656622
54656721
54656822
54656922
54657021
54657122
54657222
54657321
54657422
54657521
54657622
54657722
54657821
54657922
54658022
54658121
54658222
54658322
54658421
54658522
54658622
54658721
54658822
54658921
54659021
54659122
54659221
54659321
54659422
54659521
54659621
54659722
54659821
54659921
54660022
54660121
54660221
54660321
54660421
54660521
54660621
54660721
54660822
54660921
54661021
54661122
54661221
54661321
54661422
54661521
54661621
54661722
54661821
54661921
54662021
54662121
54662221
54662321
54662421
54662521
54662621
54662721
54662821
54662921
54663021
54663121
54663221
54663321
54663420
54663521
54663621
54663720
54663821
54663921
54664020
54664121
54664221
54664321
54664421
54664521
54664621
54664721
54664820
54664921
54665021
54665120
54665221
54665321
54665420
54665521
54665621
54665720
54665821
54665921
54666020
54666121
54666221
54666320
54666421
54666521
54666620
54666721
54666820
54666920
54667021
54667120
54667220
54667321
54667420
54667521
54667621
54667720
54667823
54667920
54668020
54668121
54668220
54668320
54668421
54668520
54668620
54668721
54668820
54668920
54669021
54669120
54669220
54669320
54669420
54669520
54669620
54669720
54669820
54669920
54670020
54670120
54670220
54670320
54670420
54670520
54670620
54670721
54670820
54670920
54671020
54671120
54671223
54671320
54671420
54671520
54671620
54671720
54671820
54671920
54672020
54672120
54672220
54672320
54672419
54672520
54672620
54672719
54672820
54672920
54673019
54673120
54673220
54673319
54673420
54673520
54673619
54673720
54673820
54673920
54674020
54674119
54674220
54674320
54674419
54674520
54674620
54674719
54674820
54674920
54675019
54675120
54675220
54675319
54675420
54675519
54675619
54675720
54675819
54675919
54676020
54676119
54676219
54676320
54676419
54676519
54676620
54676719
54676819
54676919
54677019
54677120
54677219
54677319
54677420
54677519
54677619
54677720
54677819
54677919
54678020
54678119
54678219
54678320
54678419
54678519
54678619
54678719
54678819
54678919
54679019
54679119
54679219
54679319
54679419
54679519
54679719
54679819
54679919
54680018
54680119
54680219
54680318
54680419
54680519
54680619
54680719
54680819
54680919
54681019
54681119
54681224
54681319
54681419
54681519
54681619
54681719
54681819
54681919
54682018
54682119
54682219
54682318
54682419
54682519
54682618
54682719
54682819
54682918
54683019
54683118
54683218
54683319
54683418
54683518
54683619
54683718
54683819
54683923
54684018
54684119
54684219
54684318
54684419
54684519
54684618
54684719
54684818
54684918
54685019
54685118
54685218
54685319
54685418
54685518
54685619
54685718
54685818
54685918
54686018
54686118
54686218
54686318
54686418
54686518
54686618
54686718
54686818
54686918
54687019
54687118
54687218
54687319
54687418
54687518
54687618
54687718
54687818
54687918
54688018
54688118
54688218
54688318
54688418
54688518
54688618
54688718
54688818
54688918
54689017
54689118
54689218
54689317
54689418
54689518
54689617
54689718
54689818
54689917
54690018
54690118
54690217
54690318
54690417
54690518
54690618
54690717
54690818
54690918
54691017
54691118
54691218
54691317
54691418
54691518
54691617
54691718
54691818
54691917
54692018
54692118
54692217
54692318
54692417
54692517
54692618
54692717
54692817
54692918
54693017
54693117
54693218
54693317
54693417
54693517
54693617
54693718
54693817
54693917
54694018
54694117
54694217
54694318
54694417
54694517
54694618
54694717
54694817
54694917
54695017
54695117
54695217
54695317
54695417
54695517
54695617
54695717
54695817
54695917
54696017
54696117
54696217
54696317
54696417
54696517
54696616
54696717
54696817
54696916
54697017
54697117
54697217
54697317
54697417
54697517
54697617
54697717
54697817
54697917
54698016
54698117
54698217
54698316
54698417
54698517
54698616
54698717
54698817
54698917
54699017
54699117
54699216
54699317
54699417
54699516
54699617
54699717
54699816
54699917
54700016
54700116
54700217
54700316
54700417
54700517
54700616
54700717
54700822
54700916
54701017
54701116
54701216
54701317
54701416
54701516
54701617
54701716
54701816
54701917
54702016
54702116
54702217
54702316
54702416
54702516
54702616
54702716
54702816
54702916
54703016
54703116
54703216
54703316
54703416
54703516
54703617
54703716
54703816
54703917
54704016
54704116
54704216
54704316
54704416
54704516
54704616
54704716
54704816
54704917
54705016
54705116
54705216
54705316
54705416
54705516
54705615
54705716
54705816
54705915
54706016
54706119
54706215
54706316
54706416
54706515
54706616
54706716
54706816
54706916
54707016
54707116
54707216
54707315
54707416
54707516
54707615
54707716
54707816
54707915
54708016
54708116
54708215
54708316
54708416
54708515
54708616
54708715
54708815
54708916
54709015
54709115
54709216
54709315
54709415
54709516
54709615
54709715
54709816
54709915
54710016
54710115
54710215
54710316
54710415
54710515
54710616
54710715
54710820
54710916
54711015
54711115
54711216
54711315
54711415
54711515
54711615
54711715
54711815
54711915
54712015
54712115
54712215
54712315
54712415
54712515
54712615
54712715
54712815
54712920
54713015
54713115
54713214
54713315
54713415
54713515
54713615
54713715
54713815
54713915
54714015
54714115
54714215
54714315
54714415
54714515
54714615
54714715
54714815
54714914
54715015
54715115
54715214
54715315
54715415
54715514
54715615
54715715
54715814
54715915
54716014
54716114
54716219
54716314
54716414
54716515
54716614
54716715
54716815
54716914
54717015
54717115
54717214
54717315
54717415
54717514
54717615
54717714
54717814
54717915
54718014
54718114
54718215
54718314
54718414
54718515
54718614
54718714
54718815
54718914
54719014
54719114
54719214
54719314
54719414
54719514
54719614
54719714
54719814
54719915
54720014
54720114
54720215
54720314
54720414
54720514
54720614
54720714
54720814
54720914
54721014
54721120
54721214
54721314
54721414
54721514
54721614
54721714
54721914
54722014
54722114
54722214
54722314
54722414
54722513
54722614
54722714
54722813
54722919
54723014
54723113
54723214
54723314
54723414
54723514
54723613
54723714
54723814
54723913
54724014
54724114
54724213
54724314
54724414
54724513
54724614
54724714
54724813
54724918
54725014
54725113
54725214
54725313
54725413
54725514
54725613
54725713
54725814
54725913
54726013
54726114
54726218
54726313
54726414
54726513
54726614
54726713
54726813
54726921
54727013
54727113
54727214
54727313
54727413
54727514
54727613
54727713
54727814
54727918
54728013
54728113
54728213
54728313
54728413
54728513
54728613
54728713
54728813
54728913
54729013
54729113
54729213
54729313
54729413
54729513
54729613
54729713
54729814
54729913
54730013
54730113
54730213
54730313
54730413
54730513
54730613
54730713
54730813
54730913
54731013
54731113
54731212
54731313
54731413
54731512
54731613
54731713
54731812
54731913
54732013
54732112
54732213
54732313
54732412
54732513
54732613
54732712
54732813
54732912
54733012
54733113
54733212
54733313
54733413
54733512
54733613
54733713
54733812
54733913
54734013
54734112
54734213
54734312
54734412
54734513
54734612
54734712
54734813
54734912
54735012
54735113
54735212
54735312
54735413
54735512
54735612
54735712
54735812
54735912
54736013
54736112
54736212
54736312
54736412
54736513
54736612
54736712
54736813
54736916
54737012
54737113
54737212
54737312
54737413
54737512
54737612
54737712
54737812
54737912
54738012
54738112
54738212
54738312
54738412
54738512
54738612
54738712
54738811
54738912
54739012
54739111
54739212
54739312
54739411
54739512
54739612
54739712
54739812
54739912
54740012
54740112
54740212
54740312
54740412
54740511
54740612
54740712
54740811
54740912
54741012
54741111
54741212
54741312
54741411
54741512
54741611
54741711
54741812
54741911
54742011
54742112
54742211
54742311
54742412
54742511
54742611
54742712
54742811
54742912
54743012
54743111
54743212
54743311
54743411
54743512
54743611
54743711
54743812
54743911
54744011
54744112
54744211
54744311
54744412
54744511
54744611
54744712
54744811
54744911
54745012
54745111
54745211
54745311
54745411
54745511
54745611
54745711
54745811
54745911
54746011
54746110
54746211
54746311
54746411
54746511
54746611
54746711
54746811
54746911
54747011
54747111
54747211
54747311
54747411
54747511
54747611
54747711
54747811
54747911
54748011
54748110
54748211
54748311
54748410
54748511
54748611
54748710
54748811
54748911
54749010
54749111
54749211
54749310
54749411
54749510
54749611
54749711
54749812
54749911
54750011
54750110
54750211
54750311
54750410
54750511
54750611
54750710
54750811
54750910
54751010
54751111
54751310
54751411
54751510
54751610
54751711
54751810
54751910
54752011
54752110
54752210
54752310
54752410
54752510
54752610
54752710
54752811
54752910
54753010
54753111
54753210
54753310
54753411
54753510
54753610
54753710
54753810
54753910
54754010
54754110
54754210
54754310
54754410
54754510
54754610
54754710
54754813
54754910
54755010
54755110
54755210
54755310
54755410
54755510
54755610
54755709
54755810
54755911
54756009
54756110
54756210
54756310
54756410
54756510
54756610
54756710
54756809
54756910
54757010
54757109
54757210
54757310
54757409
54757510
54757610
54757709
54757810
54757910
54758009
54758110
54758210
54758309
54758410
54758509
54758609
54758710
54758809
54758909
54759010
54759109
54759209
54759310
54759409
54759510
54759610
54759709
54759810
54759909
54760009
54760110
54760209
54760309
54760410
54760509
54760609
54760710
54760809
54760909
54761010
54761110
54761209
54761309
54761409
54761509
54761609
54761709
54761809
54761909
54762009
54762109
54762209
54762309
54762409
54762509
54762609
54762710
54762809
54762917
54763009
54763109
54763209
54763309
54763409
54763509
54763609
54763709
54763809
54763909
54764009
54764109
54764209
54764309
54764408
54764509
54764609
54764708
54764809
54764910
54765008
54765109
54765209
54765308
54765409
54765509
54765608
54765709
54765808
54765908
54766009
54766108
54766211
54766309
54766408
54766509
54766609
54766708
54766809
54766909
54767008
54767109
54767209
54767308
54767409
54767508
54767608
54767709
54767808
54767908
54768009
54768108
54768208
54768309
54768408
54768508
54768609
54768708
54768808
54768908
54769008
54769108
54769208
54769308
54769409
54769508
54769608
54769709
54769808
54769908
54770009
54770108
54770208
54770308
54770408
54770508
54770608
54770708
54770808
54770908
54771008
54771108
54771211
54771308
54771408
54771508
54771608
54771708
54771808
54771912
54772007
54772108
54772208
54772307
54772408
54772508
54772608
54772708
54772808
54772917
54773008
54773108
54773208
54773308
54773407
54773508
54773608
54773707
54773808
54773908
54774007
54774108
54774208
54774307
54774408
54774508
54774607
54774708
54774808
54774907
54775008
54775107
54775207
54775308
54775407
54775507
54775608
54775707
54775808
54775908
54776007
54776108
54776208
54776307
54776408
54776507
54776607
54776708
54776807
54776907
54777008
54777107
54777207
54777308
54777407
54777507
54777608
54777707
54777807
54777907
54778007
54778107
54778207
54778307
54778407
54778507
54778607
54778707
54778807
54778907
54779008
54779107
54779207
54779307
54779407
54779507
54779607
54779707
54779807
54779907
54780007
54780107
54780207
54780307
54780407
54780507
54780607
54780707
54780807
54780907
54781006
54781107
54781207
54781306
54781407
54781507
54781606
54781707
54781807
54781913
54782007
54782107
54782206
54782307
54782406
54782507
54782607
54782706
54782807
54782907
54783006
54783107
54783207
54783306
54783407
54783507
54783606
54783707
54783807
54783906
54784007
54784106
54784206
54784307
54784406
54784506
54784607
54784706
54784806
54784907
54785006
54785106
54785207
54785306
54785406
54785506
54785606
54785707
54785806
54785906
54786007
54786106
54786206
54786307
54786406
54786506
54786607
54786706
54786806
54786906
54787006
54787106
54787206
54787306
54787406
54787506
54787606
54787706
54787806
54787906
54788006
54788106
54788206
54788306
54788406
54788506
54788605
54788706
54788806
54788905
54789011
54789106
54789206
54789306
54789406
54789506
54789606
54789706
54789811
54789906
54790005
54790106
54790206
54790305
54790406
54790506
54790605
54790706
54790806
54790905
54791006
54791108
54791205
54791306
54791405
54791505
54791606
54791705
54791812
54791906
54792005
54792105
54792206
54792305
54792406
54792506
54792605
54792706
54792806
54792905
54793006
54793105
54793205
54793306
54793405
54793505
54793606
54793705
54793805
54793907
54794005
54794105
54794206
54794305
54794405
54794505
54794605
54794705
54794808
54794905
54795005
54795105
54795205
54795305
54795405
54795505
54795606
54795805
54795907
54796005
54796105
54796205
54796305
54796405
54796505
54796605
54796705
54796806
54796905
54797005
54797105
54797205
54797305
54797405
54797505
54797604
54797705
54797805
54797908
54798005
54798105
54798204
54798305
54798405
54798504
54798605
54798705
54798804
54798905
54799004
54799105
54799205
54799304
54799405
54799505
54799604
54799705
54799805
54799904
54800005
54800105
54800204
54800305
54800405
54800504
54800605
54800704
54800804
54800905
54801004
54801104
54801205
54801304
54801404
54801505
54801604
54801704
54801805
54801909
54802004
54802104
54802204
54802305
54802404
54802504
54802605
54802704
54802804
54802905
54803004
54803104
54803205
54803304
54803404
54803504
54803604
54803704
54803804
54803904
54804004
54804104
54804204
54804304
54804404
54804504
54804604
54804704
54804804
54804904
54805004
54805104
54805203
54805304
54805404
54805504
54805604
54805704
54805804
54805904
54806004
54806104
54806204
54806304
54806404
54806504
54806603
54806704
54806804
54806903
54807004
54807104
54807203
54807304
54807404
54807503
54807604
54807704
54807803
54807904
54808004
54808103
54808204
54808303
54808403
54808504
54808603
54808704
54808804
54808903
54809004
54809104
54809203
54809304
54809404
54809503
54809604
54809703
54809803
54809904
54810003
54810103
54810204
54810303
54810403
54810504
54810603
54810703
54810804
54810903
54811003
54811103
54811203
54811303
54811403
54811503
54811603
54811703
54811803
54811904
54812007
54812103
54812204
54812303
54812403
54812503
54812603
54812703
54812803
54812903
54813003
54813103
54813203
54813303
54813403
54813503
54813603
54813703
54813803
54813903
54814003
54814103
54814202
54814303
54814403
54814502
54814603
54814703
54814802
54814903
54815003
54815102
54815203
54815303
54815403
54815503
54815603
54815703
54815803
54815911
54816003
54816103
54816202
54816303
54816403
54816502
54816603
54816703
54816805
54816903
54817002
54817102
54817203
54817302
54817402
54817503
54817602
54817702
54817803
54817906
54818002
54818103
54818202
54818302
54818403
54818502
54818603
54818702
54818802
54818904
54819002
54819102
54819203
54819302
54819402
54819503
54819602
54819702
54819803
54819902
54820002
54820102
54820202
54820302
54820402
54820502
54820602
54820702
54820807
54820902
54821002
54821102
54821202
54821302
54821402
54821501
54821602
54821702
54821801
54821902
54822007
54822102
54822202
54822302
54822402
54822502
54822602
54822702
54822802
54822902
54823002
54823102
54823202
54823302
54823402
54823501
54823602
54823702
54823801
54823902
54824002
54824101
54824202
54824302
54824401
54824502
54824601
54824701
54824802
54824901
54825001
54825102
54825201
54825302
54825402
54825501
54825602
54825702
54825801
54825906
54826002
54826101
54826202
54826301
54826401
54826502
54826601
54826701
54826802
54826901
54827002
54827102
54827201
54827301
54827402
54827501
54827601
54827701
54827801
54827901
54828001
54828101
54828201
54828301
54828401
54828502
54828601
54828701
54828802
54828901
54829001
54829101
54829201
54829301
54829401
54829501
54829601
54829701
54829802
54829901
54830001
54830101
54830201
54830301
54830401
54830501
54830601
54830701
54830801
54830901
54831001
54831100
54831201
54831301
54831400
54831501
54831601
54831700
54831801
54831905
54832001
54832101
54832200
54832301
54832401
54832500
54832601
54832701
54832800
54832905
54833001
54833100
54833201
54833301
54833400
54833501
54833600
54833700
54833801
54833900
54834000
54834101
54834200
54834300
54834401
54834500
54834600
54834701
54834800
54834900
54835000
54835100
54835201
54835300
54835400
54835501
54835600
54835700
54835801
54835900
54836000
54836101
54836200
54836300
54836401
54836500
54836600
54836700
54836800
54836900
54837000
54837100
54837200
54837300
54837400
54837500
54837600
54837700
54837803
54837900
54838000
54838100
54838200
54838300
54838400
54838500
54838600
54838700
54838800
54838903
54839000
54839100
54839200
54839300
54839400
54839500
54839600
54839700
54839799
54839900
54840000
54840099
54840200
54840300
54840399
54840500
54840600
54840699
54840800
54840900
54840999
54841100
54841200
54841299
54841400
54841499
54841600
54841700
54841799
54841901
54842000
54842099
54842200
54842300
54842399
54842500
54842599
54842699
54842800
54842902
54842999
54843100
54843199
54843299
54843400
54843499
54843599
54843700
54843799
54843899
54844000
54844099
54844199
54844299
54844399
54844499
54844599
54844699
54844800
54844899
54844999
54845100
54845199
54845299
54845400
54845499
54845599
54845700
54845799
54845899
54845999
54846099
54846199
54846299
54846399
54846499
54846599
54846699
54846799
54846899
54846999
54847099
54847199
54847299
54847398
54847499
54847599
54847698
54847799
54847901
54847998
54848099
54848199
54848299
54848399
54848499
54848599
54848699
54848798
54848899
54848999
54849098
54849199
54849299
54849398
54849499
54849599
54849698
54849799
54849901
54849998
54850099
54850199
54850298
54850399
54850498
54850598
54850699
54850798
54850898
54850999
54851098
54851198
54851299
54851398
54851499
54851598
54851698
54851799
54851898
54851998
54852099
54852198
54852298
54852399
54852498
54852598
54852699
54852798
54852898
54852999
54853098
54853198
54853299
54853398
54853498
54853598
54853698
54853798
54853898
54853998
54854098
54854198
54854298
54854398
54854498
54854598
54854697
54854798
54854901
54854998
54855098
54855198
54855298
54855398
54855498
54855598
54855698
54855798
54855898
54855998
54856098
54856199
54856298
54856397
54856498
54856598
54856697
54856798
54856898
54856997
54857098
54857198
54857297
54857398
54857498
54857597
54857698
54857797
54857897
54857998
54858097
54858198
54858298
54858397
54858498
54858598
54858697
54858798
54858898
54858997
54859098
54859198
54859297
54859398
54859497
54859597
54859698
54859797
54859897
54859998
54860097
54860197
54860298
54860397
54860497
54860598
54860697
54860898
54860997
54861097
54861197
54861297
54861398
54861497
54861597
54861698
54861797
54861901
54861998
54862097
54862197
54862297
54862397
54862497
54862597
54862697
54862797
54862897
54862997
54863097
54863197
54863297
54863397
54863497
54863597
54863697
54863797
54863897
54863996
54864097
54864197
54864296
54864397
54864497
54864596
54864697
54864797
54864902
54864997
54865097
54865197
54865297
54865396
54865497
54865597
54865696
54865797
54865897
54865996
54866097
54866197
54866296
54866397
54866497
54866596
54866697
54866796
54866896
54866997
54867096
54867196
54867297
54867396
54867496
54867597
54867696
54867796
54867897
54867996
54868097
54868197
54868296
54868397
54868497
54868596
54868697
54868796
54868896
54868997
54869096
54869196
54869297
54869396
54869496
54869597
54869696
54869796
54869896
54869996
54870096
54870196
54870296
54870396
54870496
54870596
54870696
54870796
54870896
54870996
54871096
54871200
54871297
54871396
54871496
54871596
54871696
54871796
54871898
54871996
54872096
54872196
54872296
54872396
54872496
54872596
54872696
54872796
54872896
54872995
54873096
54873196
54873295
54873396
54873496
54873595
54873696
54873796
54873895
54873996
54874096
54874195
54874296
54874395
54874496
54874596
54874695
54874796
54874896
54874995
54875096
54875196
54875295
54875396
54875496
54875595
54875696
54875796
54875895
54875996
54876096
54876198
54876296
54876395
54876495
54876596
54876695
54876795
54876900
54876995
54877095
54877196
54877295
54877395
54877495
54877595
54877696
54877795
54877895
54877996
54878095
54878195
54878296
54878395
54878495
54878596
54878695
54878798
54878895
54878995
54879095
54879195
54879295
54879395
54879495
54879595
54879695
54879795
54879895
54879995
54880095
54880195
54880294
54880395
54880495
54880594
54880695
54880795
54880894
54880995
54881095
54881195
54881295
54881395
54881495
54881595
54881695
54881795
54881895
54881994
54882095
54882195
54882294
54882395
54882495
54882594
54882695
54882795
54882894
54882995
54883095
54883194
54883295
54883395
54883595
54883694
54883794
54883897
54883994
54884094
54884195
54884294
54884395
54884495
54884594
54884695
54884795
54884894
54884995
54885094
54885194
54885295
54885394
54885494
54885595
54885694
54885794
54885895
54885994
54886129
54886195
54886294
54886394
54886494
54886594
54886694
54886794
54886894
54886994
54887094
54887194
54887294
54887394
54887494
54887595
54887694
54887794
54887894
54887994
54888094
54888194
54888294
54888394
54888494
54888594
54888694
54888794
54888894
54888994
54889094
54889194
54889294
54889394
54889494
54889593
54889694
54889794
54889994
54890094
54890193
54890294
54890394
54890493
54890594
54890693
54890793
54890894
54890993
54891094
54891194
54891293
54891394
54891494
54891593
54891794
54891893
54891994
54892094
54892193
54892294
54892393
54892493
54892594
54892693
54892793
54892894
54892993
54893093
54893194
54893293
54893393
54893494
54893593
54893693
54893794
54893895
54893993
54894093
54894193
54894294
54894393
54894493
54894594
54894693
54894793
54894894
54894993
54895093
54895194
54895393
54895493
54895593
54895693
54895793
54895893
54895993
54896093
54896193
54896293
54896393
54896493
54896593
54896693
54896793
54896892
54896993
54897093
54897192
54897293
54897393
54897492
54897593
54897693
54897793
54897893
54897993
54898093
54898193
54898293
54898393
54898493
54898592
54898693
54898794
54898892
54898993
54899093
54899192
54899293
54899393
54899492
54899593
54899693
54899792
54899893
54899992
54900092
54900193
54900292
54900392
54900493
54900592
54900692
54900793
54900892
54900993
54901093
54901192
54901293
54901393
54901492
54901593
54901692
