53101606
53101802
53101810
53101906
53102007
53102107
53102206
53102307
53102406
53102507
53102607
53102706
53102807
53102907
53103006
53103107
53103207
53103306
53103407
53103507
53103606
53103707
53103806
53103906
53104007
53104106
53104206
53104307
53104406
53104506
53104607
53104706
53104806
53104907
53105006
53105106
53105206
53105306
53105406
53105506
53105606
53105707
53105806
53105906
53106007
53106106
53106206
53106307
53106406
53106506
53106607
53106706
53106806
53106907
53107006
53107111
53107206
53107306
53107406
53107506
53107606
53107706
53107806
53107906
53108005
53108106
53108206
53108305
53108406
53108506
53108605
53108706
53108806
53108905
53109006
53109106
53109206
53109306
53109406
53109506
53109606
53109706
53109806
53109906
53110005
53110106
53110206
53110305
53110406
53110506
53110605
53110706
53110806
53110905
53111006
53111111
53111205
53111306
53111409
53111505
53111606
53111705
53111805
53111906
53112005
53112105
53112206
53112305
53112406
53112506
53112605
53112706
53112805
53112905
53113006
53113105
53113205
53113306
53113405
53113505
53113606
53113705
53113805
53113906
53114005
53114105
53114206
53114305
53114405
53114505
53114605
53114705
53114805
53114905
53115005
53115105
53115205
53115305
53115405
53115505
53115606
53115705
53115805
53115905
53116005
53116105
53116205
53116305
53116405
53116505
53116605
53116705
53116805
53116905
53117005
53117106
53117205
53117305
53117405
53117505
53117604
53117705
53117805
53117904
53118005
53118105
53118204
53118305
53118405
53118504
53118605
53118705
53118804
53118905
53119004
53119105
53119205
53119304
53119405
53119505
53119604
53119705
53119805
53119904
53120005
53120105
53120204
53120305
53120405
53120504
53120605
53120704
53120804
53120905
53121004
53121104
53121205
53121304
53121404
53121505
53121604
53121704
53121805
53121904
53122004
53122104
53122204
53122305
53122404
53122504
53122605
53122704
53122804
53122905
53123004
53123104
53123205
53123304
53123404
53123504
53123604
53123704
53123804
53123904
53124004
53124104
53124204
53124304
53124404
53124504
53124604
53124704
53124804
53124904
53125004
53125104
53125203
53125304
53125404
53125504
53125604
53125704
53125804
53125904
53126004
53126104
53126304
53126404
53126504
53126603
53126704
53126804
53126903
53127004
53127104
53127203
53127304
53127404
53127503
53127604
53127704
53127803
53127904
53128003
53128103
53128204
53128303
53128403
53128504
53128603
53128704
53128808
53128903
53129004
53129104
53129203
53129304
53129404
53129503
53129604
53129703
53129803
53129904
53130003
53130103
53130204
53130303
53130403
53130504
53130603
53130703
53130804
53130903
53131003
53131103
53131203
53131303
53131403
53131503
53131603
53131703
53131803
53131904
53132003
53132103
53132204
53132303
53132403
53132504
53132603
53132703
53132803
53132903
53133003
53133103
53133203
53133303
53133403
53133503
53133603
53133703
53133803
53133903
53134003
53134103
53134202
53134303
53134403
53134502
53134603
53134703
53134802
53134903
53135003
53135102
53135203
53135303
53135403
53135503
53135602
53135703
53135803
53135902
53136003
53136103
53136202
53136303
53136403
53136502
53136603
53136703
53136802
53136903
53137003
53137102
53137203
53137302
53137402
53137503
53137602
53137702
53137803
53137902
53138002
53138103
53138202
53138302
53138403
53138502
53138603
53138702
53138802
53138903
53139002
53139102
53139203
53139302
53139402
53139503
53139602
53139702
53139803
53139902
53140002
53140103
53140202
53140302
53140403
53140502
53140602
53140702
53140802
53140902
53141002
53141102
53141202
53141302
53141402
53141501
53141602
53141702
53141801
53141902
53142002
53142102
53142202
53142302
53142402
53142502
53142602
53142702
53142802
53142902
53143002
53143102
53143201
53143302
53143402
53143501
53143602
53143702
53143801
53143902
53144002
53144101
53144202
53144302
53144401
53144502
53144602
53144701
53144802
53144901
53145001
53145102
53145201
53145302
53145402
53145501
53145602
53145702
53145801
53145902
53146002
53146101
53146202
53146301
53146401
53146502
53146601
53146701
53146802
53146901
53147001
53147102
53147201
53147301
53147402
53147501
53147601
53147702
53147801
53147901
53148001
53148101
53148201
53148301
53148401
53148502
53148601
53148701
53148802
53148901
53149001
53149102
53149202
53149301
53149401
53149501
53149601
53149701
53149801
53149901
53150007
53150101
53150201
53150301
53150401
53150501
53150601
53150701
53150800
53150901
53151001
53151100
53151201
53151301
53151400
53151501
53151601
53151700
53151801
53151901
53152001
53152101
53152200
53152301
53152401
53152500
53152601
53152701
53152800
53152901
53153001
53153100
53153201
53153301
53153400
53153501
53153601
53153700
53153801
53153900
53154000
53154108
53154200
53154300
53154401
53154500
53154600
53154701
53154800
53154900
53155001
53155100
53155201
53155301
53155400
53155600
53155700
53155801
53155900
53156000
53156101
53156200
53156300
53156401
53156500
53156600
53156701
53156800
53156900
53157000
53157100
53157200
53157300
53157400
53157500
53157600
53157700
53157800
53157900
53158000
53158100
53158200
53158300
53158401
53158500
53158600
53158700
53158800
53158900
53159000
53159100
53159200
53159300
53159400
53159500
53159600
53159700
53159800
53159900
53160000
53160102
53160200
53160300
53160399
53160500
53160600
53160699
53160800
53160900
53160999
53161100
53161200
53161305
53161400
53161499
53161600
53161700
53161799
53161900
53162000
53162099
53162200
53162300
53162399
53162500
53162600
53162699
53162800
53162900
53162999
53163100
53163199
53163299
53163400
53163499
53163599
53163700
53163799
53163899
53164000
53164099
53164199
53164299
53164399
53164499
53164599
53164699
53164800
53164899
53164999
53165100
53165199
53165299
53165400
53165499
53165599
53165700
53165799
53165899
53166000
53166099
53166199
53166299
53166399
53166499
53166599
53166699
53166799
53166899
53166999
53167099
53167199
53167299
53167399
53167499
53167599
53167698
53167799
53167899
53167998
53168099
53168204
53168299
53168399
53168499
53168599
53168699
53168799
53168899
53168999
53169098
53169203
53169299
53169398
53169499
53169599
53169698
53169799
53169899
53169998
53170099
53170204
53170298
53170399
53170499
53170598
53170699
53170798
53170898
53170999
53171098
53171198
53171299
53171398
53171499
53171599
53171698
53171799
53171898
53171998
53172099
53172198
53172298
53172399
53172498
53172598
53172699
53172798
53172898
53172999
53173098
53173198
53173299
53173498
53173598
53173698
53173798
53173898
53173998
53174098
53174198
53174298
53174398
53174498
53174598
53174699
53174798
53174898
53174998
53175102
53175198
53175298
53175398
53175498
53175598
53175698
53175798
53175898
53175998
53176098
53176198
53176298
53176398
53176498
53176598
53176697
53176798
53176898
53176997
53177098
53177198
53177297
53177398
53177498
53177597
53177698
53177798
53177897
53177998
53178100
53178198
53178298
53178397
53178498
53178598
53178697
53178798
53178898
53178997
53179098
53179198
53179297
53179398
53179497
53179597
53179698
53179797
53179897
53179998
53180097
53180197
53180298
53180397
53180497
53180598
53180697
53180797
53180898
53180997
53181097
53181198
53181297
53181398
53181497
53181597
53181698
53181797
53181897
53182028
53182097
53182197
53182298
53182397
53182497
53182597
53182697
53182797
53182897
53182997
53183097
53183199
53183297
53183397
53183497
53183597
53183697
53183797
53183897
53183997
53184097
53184197
53184296
53184397
53184497
53184596
53184697
53184797
53184897
53184997
53185097
53185197
53185297
53185397
53185497
53185597
53185696
53185797
53185897
53185996
53186097
53186197
53186296
53186397
53186497
53186596
53186697
53186797
53186896
53186997
53187096
53187196
53187297
53187396
53187496
53187597
53187696
53187796
53187897
53187996
53188097
53188197
53188296
53188397
53188497
53188596
53188697
53188797
53188896
53188997
53189096
53189196
53189297
53189396
53189496
53189597
53189696
53189796
53189897
53189996
53190096
53190197
53190296
53190396
53190496
53190596
53190696
53190796
53190896
53190996
53191096
53191200
53191297
53191396
53191496
53191597
53191696
53191796
53191896
53191996
53192096
53192196
53192296
53192396
53192496
53192596
53192696
53192796
53192896
53192996
53193096
53193196
53193295
53193396
53193496
53193595
53193696
53193796
53193895
53193996
53194096
53194195
53194296
53194396
53194496
53194596
53194696
53194796
53194896
53194995
53195096
53195196
53195295
53195396
53195496
53195595
53195696
53195796
53195895
53195996
53196096
53196195
53196296
53196396
53196495
53196596
53196695
53196795
53196896
53196995
53197095
53197196
53197295
53197395
53197496
53197595
53197696
53197796
53197895
53197996
53198095
53198195
53198296
53198395
53198596
53198695
53198795
53198896
53198995
53199095
53199196
53199295
53199395
53199495
53199595
53199695
53199795
53199895
53199995
53200095
53200195
53200295
53200395
53200495
53200595
53200695
53200795
53200896
53200995
53201095
53201195
53201295
53201395
53201495
53201595
53201695
53201795
53201895
53201995
53202095
53202195
53202295
53202395
53202495
53202594
53202695
53202795
53202894
53202995
53203095
53203194
53203295
53203395
53203494
53203595
53203695
53203794
53203895
53203995
53204094
53204195
53204295
53204395
53204495
53204594
53204695
53204795
53204894
53204995
53205095
53205194
53205295
53205395
53205494
53205595
53205694
53205794
53205895
53205994
53206094
53206195
53206294
53206394
53206495
53206594
53206694
53206795
53206894
53206994
53207095
53207196
53207294
53207394
53207494
53207595
53207694
53207794
53207895
53207994
53208094
53208195
53208294
53208394
53208494
53208594
53208694
53208794
53208894
53208994
53209094
53209194
53209294
53209394
53209494
53209594
53209694
53209794
53209894
53209996
53210094
53210193
53210294
53210394
53210493
53210594
53210694
53210793
53210894
53210994
53211094
53211194
53211294
53211394
53211494
53211593
53211694
53211794
53211893
53211994
53212094
53212193
53212294
53212394
53212493
53212594
53212694
53212793
53212894
53212994
53213093
53213199
53213293
53213393
53213494
53213593
53213693
53213794
53213893
53213999
53214094
53214193
53214294
53214394
53214493
53214594
53214694
53214793
53214894
53214993
53215093
53215195
53215293
53215393
53215494
53215593
53215693
53215794
53215893
53215993
53216095
53216193
53216293
53216393
53216493
53216593
53216693
53216793
53216893
53216993
53217093
53217193
53217293
53217393
53217494
53217593
53217693
53217793
53217893
53217993
53218093
53218193
53218293
53218393
53218493
53218593
53218693
53218793
53218892
53218993
53219093
53219192
53219293
53219393
53219492
53219593
53219693
53219792
53219893
53219993
53220092
53220193
53220293
53220392
53220493
53220592
53220692
53220793
53220892
53220993
53221093
53221192
53221293
53221393
53221492
53221593
53221693
53221792
53221893
53221993
53222092
53222193
53222293
53222392
53222493
53222592
53222692
53222793
53222892
53222992
53223093
53223192
53223292
53223393
53223492
53223592
53223692
53223792
53223892
53223992
53224092
53224193
53224292
53224392
53224493
53224592
53224692
53224793
53224892
53224992
53225093
53225192
53225292
53225392
53225492
53225592
53225692
53225792
53225892
53225992
53226092
53226192
53226292
53226392
53226492
53226592
53226692
53226791
53226892
53226992
53227091
53227192
53227292
53227392
53227492
53227592
53227692
53227792
53227892
53227992
53228092
53228191
53228292
53228392
53228491
53228592
53228692
53228791
53228892
53228992
53229091
53229192
53229292
53229391
53229492
53229592
53229691
53229792
53229892
53229991
53230092
53230191
53230291
53230392
53230491
53230592
53230692
53230791
53230892
53230992
53231091
53231192
53231292
53231391
53231492
53231591
53231691
53231792
53231891
53231991
53232092
53232191
53232291
53232392
53232491
53232591
53232691
53232791
53232891
53232991
53233091
53233191
53233291
53233391
53233491
53233591
53233691
53233792
53233891
53233991
53234092
53234191
53234291
53234392
53234491
53234591
53234691
53234791
53234891
53234991
53235091
53235191
53235291
53235391
53235491
53235591
53235691
53235790
53235891
53235991
53236090
53236191
53236291
53236390
53236491
53236591
53236690
53236791
53236891
53236990
53237091
53237191
53237291
53237391
53237491
53237591
53237691
53237790
53237891
53237991
53238090
53238191
53238291
53238390
53238491
53238591
53238690
53238791
53238890
53238990
53239091
53239190
53239290
53239391
53239490
53239590
53239691
53239790
53239890
53239995
53240090
53240190
53240291
53240390
53240491
53240590
53240690
53240791
53240890
53240990
53241091
53241190
53241290
53241391
53241490
53241590
53241691
53241790
53241890
53241990
53242090
53242190
53242290
53242390
53242490
53242590
53242690
53242790
53242890
53242990
53243090
53243190
53243290
53243390
53243490
53243590
53243689
53243790
53243890
53243990
53244090
53244190
53244290
53244390
53244490
53244590
53244690
53244790
53244890
53244990
53245090
53245192
53245290
53245389
53245490
53245590
53245689
53245790
53245890
53245989
53246090
53246190
53246289
53246390
53246489
53246589
53246690
53246789
53246889
53246990
53247096
53247190
53247290
53247389
53247490
53247590
53247689
53247790
53247890
53247989
53248090
53248189
53248289
53248390
53248489
53248589
53248690
53248789
53248889
53248990
53249089
53249189
53249290
53249389
53249489
53249589
53249689
53249789
53249889
53249989
53250089
53250189
53250289
53250390
53250489
53250589
53250690
53250789
53250889
53250989
53251089
53251189
53251290
53251389
53251489
53251589
53251689
53251789
53251889
53251996
53252089
53252189
53252289
53252389
53252489
53252589
53252688
53252789
53252889
53252988
53253089
53253191
53253288
53253389
53253489
53253588
53253689
53253789
53253889
53253989
53254088
53254189
53254289
53254388
53254489
53254589
53254688
53254789
53254889
53254988
53255091
53255189
53255288
53255389
53255489
53255588
53255689
53255788
53255888
53255989
53256088
53256188
53256289
53256388
53256488
53256589
53256688
53256788
53256889
53256988
53257089
53257188
53257288
53257389
53257488
53257588
53257689
53257788
53257888
53257989
53258094
53258188
53258289
53258388
53258488
53258589
53258688
53258788
53258888
53258988
53259088
53259188
53259288
53259388
53259488
53259588
53259688
53259788
53259888
53259988
53260088
53260188
53260288
53260388
53260488
53260588
53260688
53260788
53260888
53260988
53261088
53261189
53261288
53261388
53261488
53261588
53261688
53261788
53261888
53261987
53262088
53262189
53262287
53262388
53262488
53262587
53262688
53262788
53262887
53262988
53263088
53263187
53263288
53263388
53263588
53263687
53263788
53263888
53263987
53264088
53264188
53264287
53264388
53264488
53264587
53264688
53264787
53264887
53264988
53265087
53265187
53265288
53265387
53265487
53265588
53265687
53265787
53265888
53265987
53266087
53266188
53266287
53266387
53266487
53266587
53266688
53266787
53266887
53266988
53267087
53267187
53267288
53267387
53267487
53267588
53267687
53267787
53267887
53267987
53268087
53268187
53268287
53268387
53268487
53268587
53268687
53268787
53268887
53268987
53269087
53269187
53269286
53269387
53269487
53269586
53269687
53269787
53269886
53269987
53270087
53270187
53270287
53270387
53270487
53270587
53270686
53270787
53270887
53270986
53271087
53271187
53271286
53271387
53271487
53271586
53271687
53271787
53271886
53271987
53272087
53272186
53272287
53272386
53272486
53272587
53272686
53272786
53272887
53272986
53273086
53273188
53273286
53273387
53273487
53273586
53273687
53273787
53273886
53273987
53274086
53274189
53274287
53274386
53274486
53274587
53274686
53274786
53274887
53274986
53275086
53275186
53275286
53275386
53275486
53275586
53275686
53275786
53275886
53275986
53276086
53276186
53276286
53276386
53276486
53276587
53276686
53276786
53276886
53276986
53277086
53277186
53277286
53277386
53277486
53277586
53277686
53277786
53277886
53277986
53278086
53278186
53278286
53278386
53278486
53278585
53278686
53278786
53278885
53278986
53279086
53279185
53279286
53279386
53279485
53279586
53279685
53279785
53279886
53279985
53280086
53280186
53280285
53280386
53280486
53280585
53280686
53280786
53280885
53280986
53281086
53281185
53281286
53281386
53281485
53281586
53281685
53281785
53281886
53281985
53282085
53282186
53282285
53282385
53282486
53282585
53282685
53282786
53282885
53282985
53283089
53283185
53283286
53283385
53283485
53283586
53283685
53283785
53283886
53283985
53284085
53284186
53284285
53284385
53284485
53284585
53284685
53284785
53284885
53284985
53285085
53285186
53285285
53285385
53285485
53285585
53285685
53285785
53285884
53285985
53286085
53286184
53286285
53286385
53286484
53286585
53286685
53286785
53286885
53286985
53287085
53287189
53287285
53287385
53287485
53287584
53287685
53287785
53287884
53287985
53288085
53288184
53288285
53288385
53288484
53288585
53288685
53288784
53288885
53288985
53289084
53289185
53289284
53289384
53289485
53289584
53289684
53289785
53289884
53289985
53290085
53290192
53290285
53290385
53290484
53290585
53290684
53290784
53290885
53290984
53291084
53291185
53291288
53291384
53291485
53291584
53291684
53291785
53291884
53291984
53292085
53292184
53292284
53292384
53292484
53292584
53292684
53292784
53292884
53292984
53293084
53293185
53293284
53293384
53293485
53293584
53293684
53293784
53293884
53293984
53294084
53294184
53294284
53294384
53294484
53294584
53294684
53294784
53294884
53294984
53295084
53295184
53295284
53295384
53295483
53295584
53295684
53295783
53295884
53295984
53296083
53296184
53296284
53296384
53296484
53296584
53296684
53296784
53296883
53296984
53297084
53297183
53297284
53297384
53297483
53297584
53297684
53297783
53297884
53297984
53298083
53298184
53298283
53298383
53298484
53298583
53298683
53298784
53298883
53298983
53299084
53299183
53299283
53299384
53299483
53299584
53299683
53299783
53299884
53299983
53300083
53300184
53300283
53300383
53300484
53300583
53300683
53300784
53300883
53300983
53301085
53301183
53301283
53301383
53301483
53301583
53301683
53301783
53301883
53301983
53302083
53302183
53302283
53302383
53302483
53302583
53302683
53302782
53302883
53302983
53303083
53303186
53303283
53303383
53303483
53303583
53303683
53303783
53303883
53303983
53304083
53304187
53304283
53304383
53304483
53304583
53304683
53304782
53304883
53305082
53305183
53305283
53305382
53305483
53305583
53305682
53305783
53305882
53305982
53306083
53306182
53306283
53306383
53306482
53306583
53306683
53306782
53306883
53306987
53307082
53307183
53307283
53307382
53307483
53307582
53307682
53307783
53307882
53307982
53308083
53308187
53308282
53308383
53308482
53308582
53308683
53308782
53308882
53308987
53309082
53309182
53309282
53309382
53309483
53309582
53309682
53309783
53309882
53309982
53310083
53310186
53310282
53310382
53310482
53310582
53310682
53310782
53310882
53310982
53311082
53311182
53311282
53311382
53311482
53311582
53311682
53311782
53311882
53311984
53312082
53312182
53312282
53312381
53312482
53312582
53312681
53312782
53312882
53312982
53313082
53313182
53313282
53313382
53313481
53313582
53313682
53313781
53313882
53313982
53314081
53314187
53314282
53314381
53314482
53314582
53314681
53314782
53314881
53314981
53315082
53315182
53315281
53315382
53315481
53315581
53315682
53315781
53315881
53315982
53316081
53316182
53316283
53316381
53316482
53316581
53316681
53316782
53316881
53316981
53317083
53317181
53317281
53317382
53317481
53317581
53317682
53317781
53317881
53317981
53318081
53318181
53318281
53318381
53318481
53318581
53318681
53318781
53318881
53318981
53319081
53319181
53319281
53319382
53319481
53319581
53319681
53319781
53319881
53319981
53320081
53320181
53320281
53320381
53320481
53320581
53320681
53320781
53320881
53320981
53321080
53321181
53321286
53321380
53321481
53321581
53321680
53321781
53321881
53321980
53322081
53322181
53322280
53322381
53322480
53322580
53322681
53322780
53322881
53322981
53323080
53323186
53323281
53323380
53323481
53323581
53323680
53323781
53323880
53323980
53324081
53324180
53324280
53324381
53324480
53324580
53324681
53324780
53324880
53324981
53325080
53325180
53325281
53325380
53325480
53325580
53325680
53325780
53325880
53325980
53326081
53326184
53326280
53326381
53326480
53326580
53326681
53326780
53326880
53326980
53327080
53327184
53327280
53327380
53327480
53327580
53327680
53327780
53327880
53327980
53328080
53328180
53328280
53328380
53328480
53328580
53328679
53328780
53328880
53328979
53329080
53329185
53329280
53329380
53329480
53329580
53329680
53329780
53329880
53329980
53330079
53330180
53330280
53330379
53330480
53330580
53330679
53330780
53330880
53330979
53331080
53331180
53331279
53331380
53331479
53331579
53331680
53331779
53331879
53331980
53332079
53332179
53332280
53332379
53332480
53332580
53332679
53332780
53332880
53332979
53333080
53333179
53333279
53333380
53333479
53333579
53333680
53333779
53333879
53333980
53334079
53334179
53334280
53334379
53334479
53334579
53334679
53334779
53334879
53334979
53335079
53335182
53335279
53335379
53335479
53335579
53335680
53335779
53335879
53335979
53336079
53336179
53336279
53336384
53336479
53336579
53336679
53336779
53336879
53336979
53337079
53337179
53337279
53337379
53337479
53337579
53337679
53337779
53337879
53337978
53338079
53338179
53338278
53338379
53338479
53338578
53338679
53338779
53338878
53338979
53339078
53339184
53339279
53339378
53339479
53339579
53339678
53339779
53339879
53339978
53340079
53340179
53340278
53340379
53340479
53340578
53340679
53340778
53340878
53340979
53341078
53341178
53341279
53341381
53341478
53341579
53341678
53341778
53341879
53341978
53342078
53342178
53342278
53342379
53342478
53342578
53342679
53342778
53342878
53342979
53343078
53343180
53343279
53343378
53343478
53343578
53343678
53343778
53343878
53343978
53344078
53344178
53344278
53344378
53344478
53344578
53344678
53344778
53344878
53344978
53345078
53345178
53345278
53345378
53345478
53345577
53345678
53345778
53345878
53345978
53346078
53346178
53346278
53346378
53346478
53346578
53346677
53346778
53346878
53346977
53347078
53347181
53347277
53347378
53347478
53347577
53347678
53347877
53347978
53348078
53348177
53348278
53348377
53348477
53348578
53348677
53348777
53348878
53348977
53349078
53349178
53349277
53349378
53349478
53349577
53349678
53349777
53349877
53349978
53350077
53350177
53350278
53350377
53350477
53350578
53350677
53350777
53350878
53350977
53351077
53351177
53351277
53351383
53351477
53351577
53351677
53351777
53351877
53351977
53352077
53352177
53352278
53352377
53352477
53352578
53352677
53352777
53352877
53352977
53353077
53353179
53353277
53353377
53353477
53353577
53353677
53353777
53353977
53354077
53354177
53354276
53354377
53354477
53354576
53354677
53354777
53354876
53354977
53355077
53355176
53355277
53355377
53355476
53355577
53355677
53355777
53355877
53355976
53356077
53356177
53356276
53356377
53356477
53356576
53356677
53356777
53356876
53356977
53357077
53357176
53357277
53357376
53357476
53357577
53357676
53357776
53357877
53357976
53358076
53358177
53358276
53358376
53358477
53358576
53358676
53358776
53358876
53358977
53359076
53359176
53359277
53359376
53359476
53359577
53359676
53359776
53359877
53359976
53360076
53360177
53360276
53360376
53360476
53360576
53360676
53360776
53360876
53360976
53361076
53361176
53361276
53361376
53361476
53361576
53361676
53361776
53361876
53361976
53362076
53362176
53362276
53362376
53362476
53362576
53362676
53362776
53362876
53362976
53363076
53363176
53363276
53363376
53363476
53363575
53363676
53363776
53363875
53363976
53364076
53364175
53364276
53364376
53364475
53364576
53364676
53364775
53364876
53364976
53365075
53365176
53365275
53365376
53365476
53365575
53365676
53365776
53365875
53365976
53366076
53366175
53366276
53366376
53366475
53366576
53366675
53366775
53366876
53366975
53367075
53367176
53367275
53367375
53367476
53367575
53367675
53367776
53367875
53367975
53368076
53368175
53368275
53368375
53368475
53368576
53368675
53368775
53368876
53368975
53369075
53369176
53369275
53369375
53369475
53369575
53369675
53369775
53369875
53369975
53370075
53370175
53370275
53370375
53370475
53370575
53370675
53370775
53370875
53370975
53371075
53371175
53371275
53371375
53371474
53371575
53371675
53371774
53371875
53371975
53372075
53372184
53372275
53372375
53372475
53372574
53372675
53372775
53372874
53372976
53373075
53373174
53373275
53373375
53373474
53373575
53373675
53373774
53373875
53373975
53374074
53374175
53374274
53374374
53374475
53374574
53374674
53374775
53374874
53374974
53375075
53375174
53375275
53375375
53375474
53375575
53375674
53375774
53375875
53375974
53376074
53376175
53376274
53376374
53376475
53376574
53376674
53376775
53376874
53376974
53377219
53377227
53377274
53377374
53377474
53377574
53377674
53377774
53377874
53377974
53378074
53378174
53378274
53378374
53378473
53378574
53378674
53378775
53378874
53378974
53379074
53379174
53379274
53379374
53379474
53379574
53379674
53379774
53379874
53379974
53380074
53380173
53380274
53380374
53380473
53380574
53380674
53380773
53380874
53380974
53381073
53381178
53381274
53381373
53381474
53381573
53381673
53381774
53381873
53381974
53382074
53382173
53382274
53382374
53382473
53382574
53382674
53382874
53382974
53383073
53383181
53383274
53383373
53383474
53383573
53383673
53383774
53383873
53383973
53384074
53384173
53384273
53384374
53384473
53384573
53384673
53384773
53384873
53384973
53385073
53385177
53385273
53385373
53385474
53385573
53385673
53385774
53385873
53385974
53386074
53386173
53386273
53386379
53386473
53386573
53386673
53386773
53386873
53386973
53387073
53387175
53387273
53387373
53387473
53387573
53387673
53387772
53387873
53387973
53388072
53388173
53388273
53388372
53388473
53388573
53388673
53388773
53388873
53388973
53389073
53389173
53389273
53389373
53389472
53389573
53389673
53389772
53389873
53389973
53390072
53390173
53390273
53390372
53390473
53390573
53390672
53390773
53390873
53390972
53391073
53391178
53391272
53391373
53391472
53391572
53391673
53391772
53391873
53391973
53392072
53392173
53392272
53392372
53392473
53392572
53392672
53392773
53392872
53392972
53393073
53393172
53393272
53393373
53393472
53393572
53393672
53393772
53393872
53393972
53394072
53394172
53394272
53394372
53394472
53394572
53394672
53394772
53394872
53394972
53395073
53395172
53395272
53395372
53395472
53395572
53395672
53395772
53395872
53395972
53396072
53396172
53396272
53396372
53396472
53396572
53396672
53396771
53396872
53396972
53397071
53397174
53397272
53397371
53397472
53397572
53397671
53397772
53397872
53397971
53398072
53398172
53398272
53398372
53398472
53398572
53398672
53398771
53398872
53398972
53399071
53399172
53399272
53399371
53399472
53399571
53399671
53399772
53399871
53399971
53400072
53400175
53400271
53400372
53400471
53400571
53400672
53400771
53400871
53400972
53401071
53401172
53401271
53401371
53401472
53401571
53401671
53401772
53401871
53401971
53402072
53402171
53402271
53402372
53402471
53402571
53402672
53402771
53402871
53402971
53403071
53403171
53403271
53403371
53403471
53403571
53403671
53403771
53403871
53403971
53404071
53404171
53404271
53404370
53404471
53404571
53404670
53404771
53404871
53404971
53405071
53405174
53405271
53405371
53405471
53405571
53405671
53405771
53405871
53405971
53406071
53406171
53406271
53406370
53406471
53406571
53406670
53406771
53406871
53406970
53407071
53407170
53407270
53407371
53407470
53407570
53407671
53407770
53407870
53407971
53408070
53408171
53408271
53408370
53408471
53408571
53408670
53408771
53408871
53408970
53409071
53409170
53409270
53409371
53409470
53409570
53409671
53409770
53409870
53409971
53410070
53410170
53410271
53410370
53410470
53410570
53410670
53410770
53410870
53410970
53411070
53411171
53411270
53411371
53411470
53411570
53411671
53411770
53411870
53411970
53412090
53412170
53412270
53412370
53412470
53412570
53412670
53412770
53412870
53412970
53413070
53413170
53413270
53413370
53413470
53413570
53413670
53413770
53413870
53413969
53414070
53414170
53414269
53414370
53414470
53414569
53414670
53414770
53414870
53414970
53415069
53415170
53415270
53415470
53415570
53415669
53415770
53415870
53415969
53416070
53416174
53416269
53416370
53416470
53416569
53416670
53416769
53416869
53416970
53417069
53417169
53417270
53417369
53417469
53417570
53417669
53417769
53417869
53417969
53418070
53418169
53418269
53418370
53418469
53418569
53418670
53418769
53418869
53418970
53419076
53419169
53419269
53419369
53419469
53419569
53419669
53419769
53419869
53419969
53420069
53420169
53420269
53420369
53420469
53420569
53420669
53420769
53420869
53420968
53421069
53421169
53421268
53421369
53421469
53421569
53421669
53421769
53421869
53421969
53422069
53422169
53422269
53422369
53422469
53422569
53422668
53422769
53422869
53422968
53423069
53423169
53423268
53423369
53423469
53423568
53423669
53423769
53423868
53423969
53424069
53424173
53424269
53424368
53424468
53424569
53424668
53424769
53424869
53424968
53425069
53425169
53425268
53425369
53425469
53425568
53425669
53425768
53425868
53425969
53426068
53426168
53426270
53426368
53426468
53426569
53426668
53426768
53426869
53426968
53427068
53427169
53427268
53427368
53427468
53427568
53427668
53427768
53427868
53427969
53428068
53428168
53428269
53428368
53428468
53428568
53428668
53428768
53428868
53428968
53429068
53429168
53429268
53429368
53429468
53429568
53429668
53429768
53429868
53429970
53430068
53430168
53430267
53430368
53430468
53430567
53430668
53430768
53430867
53430968
53431068
53431168
53431268
53431368
53431468
53431568
53431668
53431768
53431868
53431967
53432068
53432176
53432267
53432368
53432468
53432567
53432668
53432768
53432867
53432968
53433068
53433168
53433268
53433367
53433467
53433568
53433667
53433767
53433868
53433967
53434067
53434169
53434267
53434368
53434468
53434567
53434668
53434767
53434867
53434968
53435067
53435167
53435268
53435367
53435467
53435568
53435667
53435767
53435868
53435972
53436067
53436167
53436267
53436467
53436567
53436667
53436767
53436867
53436967
53437068
53437167
53437267
53437367
53437467
53437568
53437667
53437767
53437867
53437967
53438067
53438167
53438267
53438367
53438467
53438567
53438667
53438767
53438867
53438969
53439067
53439167
53439267
53439367
53439467
53439566
53439667
53439767
53439866
53439967
53440067
53440166
53440267
53440367
53440466
53440567
53440666
53440766
53440867
53440966
53441067
53441167
53441266
53441367
53441467
53441566
53441667
53441767
53441866
53441967
53442067
53442166
53442267
53442366
53442466
53442567
53442666
53442766
53442867
53442966
53443066
53443167
53443266
53443366
53443466
53443566
53443666
53443766
53443866
53443966
53444066
53444166
53444267
53444366
53444466
53444567
53444666
53444766
53444867
53444966
53445066
53445166
53445266
53445366
53445466
53445566
53445666
53445766
53445866
53445966
53446066
53446166
53446266
53446366
53446466
53446566
53446666
53446766
53446866
53446966
53447066
53447165
53447266
53447366
53447465
53447566
53447666
53447766
53447866
53447966
53448066
53448166
53448265
53448366
53448466
53448565
53448666
53448766
53448865
53448966
53449066
53449165
53449266
53449366
53449465
53449566
53449666
53449765
53449866
53449965
53450065
53450166
53450265
53450365
53450466
53450565
53450665
53450766
53450865
53450966
53451066
53451165
53451266
53451366
53451465
53451566
53451665
53451765
53451866
53451970
53452065
53452166
53452265
53452365
53452466
53452565
53452665
53452766
53452865
53452965
53453065
53453165
53453265
53453365
53453465
53453565
53453665
53453765
53453865
53453965
53454065
53454166
53454265
53454365
53454465
53454565
53454665
53454765
53454865
53454965
53455065
53455165
53455265
53455365
53455465
53455565
53455665
53455765
53455864
53455965
53456065
53456164
53456265
53456365
53456464
53456565
53456665
53456764
53456865
53456965
53457064
53457165
53457265
53457364
53457465
53457564
53457765
53457864
53457965
53458065
53458164
53458265
53458365
53458464
53458565
53458665
53458764
53458865
53458964
53459064
53459165
53459264
53459364
53459465
53459564
53459664
53459765
53459864
53459964
53460065
53460164
53460264
53460365
53460464
53460564
53460664
53460764
53460865
53460964
53461064
53461165
53461264
53461364
53461465
53461564
53461664
53461765
53461864
53461964
53462064
53462164
53462264
53462365
53462464
53462564
53462664
53462764
53462864
53462964
53463064
53463164
53463264
53463364
53463464
53463564
53463664
53463763
53463864
53463964
53464066
53464164
53464264
53464364
53464464
53464564
53464664
53464764
53464864
53464964
53465069
53465163
53465264
53465364
53465463
53465564
53465664
53465763
53465864
53465964
53466063
53466164
53466264
53466363
53466464
53466563
53466663
53466764
53466863
53466963
53467064
53467163
53467264
53467364
53467463
53467564
53467664
53467763
53467864
53467963
53468063
53468164
53468263
53468363
53468464
53468563
53468663
53468764
53468863
53468963
53469064
53469163
53469263
53469364
53469463
53469563
53469663
53469763
53469863
53469963
53470063
53470163
53470263
53470363
53470464
53470563
53470663
53470764
53470863
53470963
53471067
53471163
53471263
53471363
53471463
53471563
53471663
53471763
53471863
53471963
53472063
53472163
53472263
53472363
53472463
53472563
53472663
53472762
53472863
53472963
53473062
53473163
53473263
53473362
53473463
53473563
53473662
53473763
53473863
53473963
53474063
53474162
53474263
53474363
53474462
53474563
53474663
53474762
53474863
53474963
53475062
53475163
53475263
53475362
53475463
53475662
53475763
53475862
53475962
53476063
53476162
53476262
53476363
53476462
53476562
53476663
53476762
53476862
53476963
53477062
53477163
53477262
53477362
53477463
53477562
53477662
53477763
53477862
53477962
53478063
53478162
53478262
53478363
53478462
53478562
53478662
53478762
53478862
53478962
53479062
53479162
53479262
53479362
53479462
53479562
53479662
53479762
53479862
53479962
53480062
53480162
53480262
53480363
53480462
53480562
53480662
53480762
53480862
53480962
53481062
53481167
53481262
53481362
53481462
53481562
53481662
53481761
53481862
53481962
53482061
53482164
53482262
53482361
53482462
53482562
53482661
53482762
53482862
53482961
53483062
53483161
53483261
53483362
53483461
53483561
53483662
53483761
53483862
53483962
53484061
53484163
53484262
53484361
53484462
53484561
53484661
53484762
53484861
53484961
53485064
53485161
53485261
53485362
53485461
53485561
53485662
53485761
53485861
53485962
53486061
53486161
53486261
53486361
53486461
53486561
53486661
53486761
53486861
53486961
53487067
53487161
53487261
53487362
53487461
53487561
53487662
53487761
53487861
53487961
53488061
53488161
53488261
53488361
53488461
53488561
53488761
53488861
53488961
53489061
53489161
53489261
53489360
53489461
53489660
53489761
53489861
53489960
53490061
53490165
53490260
53490361
53490461
53490561
53490661
53490760
53490861
53490961
53491060
53491161
53491261
53491360
53491461
53491561
53491660
53491761
53491861
53491960
53492061
53492164
53492260
53492361
53492460
53492560
53492661
53492760
53492860
53492961
53493060
53493160
53493261
53493360
53493460
53493561
53493660
53493761
53493860
53493960
53494061
53494160
53494260
53494361
53494460
53494560
53494661
53494760
53494860
53494961
53495060
53495160
53495260
53495360
53495460
53495560
53495660
53495760
53495860
53495960
53496060
53496160
53496260
53496360
53496460
53496560
53496660
53496760
53496860
53496960
53497060
53497160
53497260
53497360
53497460
53497560
53497660
53497760
53497860
53497960
53498060
53498160
53498360
53498460
53498560
53498659
53498760
53498860
53498959
53499060
53499162
53499259
53499360
53499460
53499559
53499660
53499760
53499859
53499960
53500059
53500160
53500260
53500359
53500460
53500560
53500659
53500760
53500860
53500959
53501064
53501160
53501259
53501360
53501459
53501559
53501660
53501759
53501859
53501960
53502059
53502159
53502260
53502359
53502459
53502560
53502659
53502759
53502859
53502959
53503063
53503159
53503259
53503360
53503459
53503559
53503660
53503759
53503859
53503960
53504059
53504159
53504260
53504359
53504459
53504559
53504659
53504759
53504859
53504959
53505059
53505159
53505259
53505359
53505459
53505559
53505659
53505759
53505859
53505959
53506059
53506159
53506263
53506359
53506459
53506558
53506659
53506759
53506859
53506959
53507059
53507162
53507259
53507359
53507459
53507559
53507658
53507759
53507859
53507958
53508059
53508161
53508258
53508359
53508459
53508558
53508659
53508759
53508858
53508959
53509058
53509159
53509259
53509358
53509458
53509559
53509658
53509758
53509859
53509958
53510059
53510159
53510258
53510359
53510458
53510558
53510659
53510758
53510858
53510959
53511058
53511158
53511259
53511358
53511458
53511559
53511658
53511758
53511859
53511958
53512058
53512158
53512258
53512358
53512458
53512558
53512658
53512758
53512858
53512958
53513058
53513158
53513259
53513358
53513458
53513559
53513658
53513758
53513858
53513958
53514058
53514158
53514258
53514358
53514458
53514558
53514658
53514758
53514858
53514957
53515061
53515158
53515257
53515358
53515458
53515557
53515658
53515758
53515857
53515958
53516058
53516162
53516258
53516358
53516457
53516558
53516657
53516758
53516858
53516957
53517058
53517158
53517257
53517358
53517458
53517557
53517658
53517758
53517857
53517960
53518057
53518157
53518258
53518357
53518457
53518558
53518657
53518757
53518858
53518957
53519057
53519158
53519257
53519357
53519457
53519557
53519657
53519757
53519857
53519958
53520057
53520157
53520258
53520357
53520457
53520558
53520657
53520757
53520858
53520957
53521057
53521158
53521265
53521357
53521457
53521557
53521657
53521757
53521857
53521957
53522057
53522157
53522257
53522357
53522457
53522556
53522657
53522757
53522856
53522957
53523057
53523156
53523257
53523357
53523457
53523557
53523657
53523757
53523857
53523957
53524057
53524157
53524256
53524357
53524457
53524556
53524657
53524757
53524856
53524957
53525057
53525156
53525257
53525357
53525456
53525557
53525656
53525756
53525857
53525956
53526056
53526157
53526256
53526356
53526457
53526556
53526657
53526757
53526856
53526957
53527056
53527158
53527257
53527356
53527456
53527557
53527656
53527756
53527857
53527960
53528056
53528157
53528256
53528356
53528457
53528556
53528656
53528757
53528856
53528956
53529056
53529156
53529256
53529356
53529456
53529556
53529656
53529756
53529857
53529956
53530056
53530156
53530256
53530356
53530456
53530556
53530656
53530756
53530856
53530956
53531056
53531156
53531256
53531356
53531456
53531555
53531656
53531756
53531855
53531956
53532056
53532157
53532256
53532356
53532455
53532556
53532656
53532755
53532856
53532956
53533056
53533156
53533255
53533356
53533456
53533555
53533656
53533756
53533855
53533956
53534056
53534160
53534256
53534356
53534455
53534556
53534655
53534755
53534856
53534956
53535055
53535156
53535255
53535355
53535456
53535555
53535655
53535756
53535855
53535958
53536056
53536155
53536256
53536356
53536455
53536556
53536655
53536755
53536856
53536955
53537055
53537156
53537255
53537355
53537456
53537555
53537655
53537755
53537855
53537955
53538055
53538155
53538255
53538355
53538455
53538555
53538655
53538755
53538855
53538955
53539055
53539155
53539255
53539355
53539454
53539555
53539655
53539755
53539855
53539955
53540055
53540155
53540255
53540355
53540455
53540555
53540655
53540755
53540854
53540955
53541055
53541158
53541255
53541355
53541454
53541555
53541655
53541754
53541855
53541955
53542054
53542155
53542254
53542354
53542455
53542554
53542654
53542755
53542859
53542955
53543055
53543154
53543255
53543355
53543454
53543555
53543655
53543754
53543855
53543955
53544055
53544155
53544254
53544354
53544455
53544554
53544654
53544755
53544854
53544954
53545063
53545154
53545254
53545355
53545454
53545554
53545654
53545754
53545854
53545954
53546054
53546155
53546254
53546354
53546455
53546554
53546654
53546755
53546854
53546954
53547054
53547159
53547254
53547354
53547454
53547554
53547654
53547754
53547854
53547954
53548059
53548154
53548254
53548354
53548453
53548554
53548654
53548753
53548854
53548954
53549062
53549154
53549254
53549353
53549454
53549554
53549654
53549754
53549854
53549954
53550054
53550153
53550254
53550354
53550453
53550554
53550654
53550753
53550854
53550954
53551053
53551154
53551256
53551353
53551454
53551554
53551653
53551754
53551853
53551953
53552054
53552153
53552253
53552354
53552453
53552553
53552654
53552753
53552854
53552953
53553053
53553154
53553253
53553353
53553454
53553553
53553653
53553754
53553853
53553953
53554054
53554153
53554253
53554354
53554453
53554553
53554653
53554753
53554853
53554953
53555053
53555253
53555353
53555453
53555553
53555653
53555753
53555853
53555953
53556052
53556153
53556253
53556356
53556453
53556553
53556653
53556753
53556853
53556953
53557053
53557155
53557253
53557353
53557452
53557553
53557653
53557752
53557853
53557958
53558052
53558153
53558253
53558352
53558453
53558553
53558652
53558753
53558853
53558952
53559053
53559153
53559252
53559353
53559452
53559553
53559653
53559752
53559853
53559953
53560052
53560153
53560253
53560352
53560453
53560552
53560652
53560753
53560852
53560952
53561053
53561152
53561252
53561353
53561452
53561552
53561653
53561752
53561852
53561953
53562052
53562152
53562252
53562352
53562452
53562552
53562652
53562753
53562852
53562952
53563053
53563152
53563252
53563353
53563452
53563552
53563652
53563752
53563852
53563952
53564052
53564152
53564252
53564352
53564452
53564552
53564652
53564752
53564852
53564952
53565053
53565152
53565252
53565351
53565452
53565552
53565651
53565752
53565852
53565952
53566052
53566152
53566252
53566352
53566452
53566552
53566652
53566752
53566852
53566952
53567054
53567152
53567252
53567351
53567452
53567552
53567651
53567752
53567852
53567951
53568053
53568151
53568251
53568352
53568451
53568551
53568652
53568751
53568851
53568952
53569054
53569152
53569252
53569351
53569452
53569552
53569651
53569752
53569851
53569951
53570052
53570151
53570251
53570352
53570451
53570551
53570652
53570751
53570851
53570952
53571051
53571151
53571251
53571351
53571451
53571551
53571651
53571751
53571851
53571951
53572051
53572151
53572251
53572352
53572451
53572551
53572651
53572751
53572851
53572951
53573052
53573151
53573251
53573351
53573451
53573551
53573651
53573751
53573851
53573951
53574051
53574151
53574251
53574351
53574451
53574551
53574650
53574751
53574851
53574950
53575051
53575151
53575250
53575351
53575451
53575550
53575651
53575750
53575851
53575951
53576055
53576151
53576251
53576353
53576451
53576551
53576650
53576751
53576851
53576950
53577051
53577151
53577250
53577351
53577450
53577550
53577651
53577750
53577850
53577951
53578050
53578150
53578251
53578350
53578450
53578551
53578650
53578750
53578850
53578950
53579051
53579150
53579250
53579351
53579450
53579550
53579651
53579750
53579850
53579951
53580050
53580150
53580250
53580350
53580450
53580550
53580650
53580750
53580850
53580950
53581050
53581150
53581250
53581350
53581450
53581550
53581650
53581750
53581850
53581950
53582050
53582150
53582249
53582350
53582450
53582550
53582650
53582850
53582950
53583050
53583150
53583250
53583349
53583450
53583550
53583649
53583750
53583850
53583949
53584050
53584150
53584249
53584350
53584450
53584549
53584650
53584750
53584849
53584950
53585049
53585149
53585250
53585349
53585449
53585550
53585649
53585750
53585850
53585949
53586050
53586150
53586249
53586350
53586449
53586549
53586650
53586749
53586849
53586950
53587049
53587149
53587250
53587349
53587449
53587550
53587649
53587749
53587849
53587949
53588049
53588149
53588249
53588349
53588449
53588549
53588649
53588749
53588849
53588950
53589049
53589149
53589249
53589349
53589449
53589550
53589649
53589749
53589849
53589949
53590049
53590149
53590249
53590349
53590449
53590549
53590648
53590749
53590849
53590948
53591049
53591149
53591249
53591349
53591449
53591548
53591649
53591749
53591848
53591949
53592051
53592148
53592249
53592349
53592449
53592549
53592648
53592749
53592849
53592948
53593049
53593149
53593248
53593349
53593449
53593548
53593649
53593748
53593848
53593949
53594048
53594148
53594249
53594348
53594448
53594549
53594648
53594748
53594849
53594948
53595048
53595149
53595248
53595348
53595448
53595548
53595649
53595748
53595848
53595949
53596051
53596148
53596249
53596348
53596448
53596549
53596648
53596748
53596849
53596948
53597048
53597148
53597248
53597348
53597448
53597548
53597648
53597748
53597848
53597948
53598048
53598152
53598248
53598348
53598448
53598547
53598648
53598748
53598848
53598948
53599048
53599154
53599248
53599348
53599448
53599548
53599648
53599748
53599848
53599947
53600048
53600148
53600247
53600348
53600448
53600547
53600648
53600748
53600847
53600948
53601048
53601147
53601248
53601348
53601447
53601548
53601647
53601747
53601848
53601947
53602048
53602148
53602247
53602348
53602448
53602547
53602648
53602748
53602847
53602948
53603053
53603147
53603248
53603347
53603447
53603548
53603647
53603747
53603848
53603957
53604047
53604148
53604247
53604347
53604447
53604547
53604647
53604747
53604847
53604947
53605047
53605147
53605248
53605347
53605447
53605548
53605647
53605747
53605847
53605947
53606047
53606147
53606247
53606347
53606447
53606547
53606647
53606747
53606847
53606947
53607047
53607147
53607247
53607347
53607447
53607547
53607647
53607747
53607846
53607947
53608047
53608146
53608247
53608347
53608446
53608647
53608747
53608847
53608947
53609047
53609147
53609246
53609347
53609447
53609546
53609647
53609747
53609846
53609947
53610047
53610150
53610247
53610347
53610446
53610547
53610646
53610746
53610847
53610946
53611046
53611147
53611246
53611346
53611447
53611546
53611646
53611747
53611846
53611947
53612046
53612146
53612247
53612347
53612446
53612547
53612646
53612746
53612847
53612946
53613046
53613147
53613246
53613346
53613446
53613546
53613646
53613746
53613846
53613946
53614046
53614150
53614246
53614346
53614446
53614546
53614646
53614746
53614846
53614946
53615046
53615145
53615246
53615346
53615446
53615546
53615646
53615746
53615846
53615951
53616046
53616146
53616246
53616346
53616446
53616545
53616646
53616746
53616845
53616946
53617046
53617145
53617246
53617346
53617445
53617546
53617646
53617745
53617846
53617946
53618045
53618146
53618245
53618345
53618446
53618545
53618646
53618746
53618845
53618946
53619046
53619149
53619246
53619346
53619445
53619546
53619645
53619745
53619846
53619949
53620045
53620146
53620245
53620345
53620446
53620545
53620645
53620746
53620845
53620945
53621045
53621145
53621245
53621345
53621445
53621545
53621645
53621745
53621846
53621945
53622045
53622146
53622245
53622345
53622446
53622545
53622645
53622745
53622845
53622945
53623045
53623145
53623245
53623345
53623445
53623545
53623645
53623745
53623845
53623945
53624045
53624144
53624245
53624345
53624444
53624545
53624645
53624744
53624845
53624945
53625044
53625145
53625245
53625345
53625445
53625544
53625645
53625745
53625844
53625945
53626045
53626144
53626245
53626345
53626444
53626545
53626645
53626744
53626845
53626945
53627044
53627145
53627244
53627344
53627445
53627544
53627644
53627745
53627844
53627944
53628045
53628144
53628244
53628345
53628444
53628545
53628644
53628744
53628845
53628944
53629044
53629145
53629244
53629344
53629445
53629544
53629644
53629745
53629844
53629945
53630045
53630144
53630244
53630344
53630444
53630544
53630644
53630744
53630844
53630944
53631044
53631144
53631244
53631344
53631444
53631544
53631644
53631744
53631844
53631944
53632044
53632144
53632244
53632344
53632444
53632544
53632644
53632744
53632844
53632944
53633044
53633144
53633244
53633344
53633443
53633544
53633644
53633743
53633844
53633944
53634043
53634144
53634244
53634343
53634444
53634544
53634643
53634744
53634843
53634944
53635044
53635145
53635244
53635344
53635443
53635544
53635644
53635743
53635844
53635944
53636043
53636144
53636243
53636343
53636444
53636543
53636643
53636744
53636843
53636945
53637044
53637143
53637243
53637344
53637443
53637543
53637644
53637743
53637843
53637943
53638043
53638144
53638243
53638343
53638444
53638543
53638643
53638744
53638843
53638943
53639046
53639143
53639243
53639344
53639443
53639543
53639643
53639743
53639843
53639943
53640043
53640143
53640243
53640343
53640443
53640543
53640643
53640743
53640843
53640943
53641042
53641143
53641243
53641342
53641443
53641543
53641643
53641743
53641843
53641943
53642043
53642142
53642243
53642343
53642442
53642543
53642643
53642742
53642843
53642943
53643042
53643143
53643243
53643342
53643443
53643543
53643642
53643743
53643842
53643942
53644043
53644142
53644242
53644343
53644442
53644542
53644643
53644742
53644843
53644943
53645046
53645143
53645243
53645342
53645443
53645542
53645642
53645743
53645842
53645942
53646043
53646142
53646242
53646343
53646442
53646542
53646643
53646742
53646842
53646942
53647042
53647152
53647242
53647342
53647442
53647542
53647642
53647742
53647842
53647942
53648043
53648142
53648242
53648343
53648442
53648542
53648642
53648742
53648842
53648942
53649042
53649142
53649242
53649342
53649442
53649542
53649642
53649742
53649842
53649942
53650041
53650142
53650242
53650341
53650442
53650542
53650641
53650742
53650842
53650941
53651042
53651145
53651241
53651342
53651441
53651542
53651642
53651741
53651842
53651942
53652041
53652142
53652242
53652341
53652442
53652542
53652641
53652742
53652842
53652941
53653042
53653141
53653241
53653342
53653441
53653541
53653642
53653741
53653841
53653942
53654041
53654141
53654242
53654341
53654441
53654541
53654641
53654742
53654841
53654941
53655042
53655141
53655241
53655342
53655441
53655541
53655741
53655841
53655942
53656041
53656141
53656241
53656341
53656441
53656541
53656641
53656741
53656841
53656941
53657049
53657141
53657241
53657341
53657441
53657541
53657640
53657741
53657841
53657940
53658041
53658141
53658241
53658341
53658441
53658541
53658641
53658741
53658841
53658941
53659040
53659141
53659241
53659340
53659441
53659541
53659640
53659741
53659841
53659945
53660041
53660141
53660240
53660341
53660441
53660540
53660641
53660740
53660840
53660941
53661040
53661140
53661241
53661340
53661441
53661541
53661640
53661741
53661840
53661940
53662041
53662140
53662240
53662341
53662440
53662540
53662641
53662740
53662840
53662941
53663040
53663140
53663241
53663340
53663440
53663540
53663640
53663740
53663840
53663940
53664040
53664140
53664240
53664340
53664440
53664540
53664641
53664740
53664840
53664940
53665044
53665140
53665240
53665340
53665440
53665540
53665640
53665740
53665840
53665940
53666040
53666140
53666240
53666340
53666440
53666540
53666639
53666740
53666840
53666939
53667040
53667140
53667239
53667340
53667440
53667539
53667640
53667740
53667840
53667940
53668040
53668140
53668240
53668339
53668440
53668540
53668639
53668740
53668840
53668939
53669040
53669140
53669239
53669340
53669440
53669539
53669640
53669739
53669839
53669940
53670039
53670144
53670240
53670339
53670439
53670540
53670639
53670739
53670840
53670939
53671040
53671139
53671239
53671345
53671439
53671539
53671640
53671839
53671940
53672043
53672139
53672240
53672339
53672439
53672539
53672639
53672739
53672839
53672939
53673039
53673139
53673239
53673339
53673439
53673539
53673639
53673739
53673839
53673938
53674039
53674139
53674238
53674339
53674439
53674539
53674639
53674739
53674839
53674939
53675039
53675139
53675239
53675339
53675439
53675539
53675639
53675739
53675839
53675938
53676039
53676139
53676238
53676339
53676439
53676538
53676639
53676739
53676838
53676939
53677039
53677138
53677239
53677338
53677438
53677539
53677638
53677739
53677839
53677938
53678039
53678139
53678238
53678339
53678439
53678538
53678639
53678738
53678838
53678939
53679041
53679138
53679239
53679338
53679438
53679539
53679638
53679738
53679839
53679938
53680038
53680138
53680238
53680338
53680438
53680538
53680638
53680738
53680838
53681038
53681138
53681239
53681341
53681438
53681539
53681638
53681738
53681838
53681938
53682038
53682138
53682238
53682338
53682538
53682638
53682738
53682838
53682938
53683038
53683138
53683238
53683338
53683438
53683537
53683638
53683738
53683837
53683938
53684038
53684140
53684238
53684338
53684438
53684538
53684637
53684738
53684838
53684937
53685038
53685138
53685237
53685338
53685438
53685537
53685638
53685738
53685837
53685938
53686038
53686137
53686238
53686338
53686437
53686538
53686637
53686737
53686838
53686937
53687037
53687138
53687237
53687337
53687438
53687537
53687638
53687737
53687837
53687938
53688037
53688137
53688238
53688337
53688437
53688538
53688637
53688737
53688838
53688937
53689037
53689138
53689237
53689337
53689437
53689537
53689637
53689737
53689837
53689937
53690037
53690141
53690237
53690337
53690437
53690537
53690637
53690737
53690838
53690939
53691037
53691137
53691237
53691437
53691537
53691637
53691737
53691837
53691937
53692037
53692137
53692236
53692337
53692437
53692536
53692637
53692737
53692836
53692941
53693037
53693136
53693237
53693337
53693537
53693637
53693736
53693837
53693936
53694036
53694137
53694236
53694337
53694437
53694536
53694637
53694737
53694836
53694937
53695037
53695136
53695237
53695336
53695436
53695537
53695636
53695736
53695837
53695936
53696041
53696137
53696236
53696345
53696437
53696536
53696636
53696737
53696836
53696936
53697036
53697136
53697236
53697336
53697436
53697537
53697636
53697736
53697837
53697936
53698036
53698137
53698236
53698336
53698437
53698536
53698636
53698736
53698836
53698936
53699036
53699136
53699236
53699336
53699436
53699536
53699636
53699736
53699835
53699936
53700038
53700135
53700236
53700336
53700435
53700536
53700636
53700736
53700836
53700936
53701036
53701236
53701436
53701535
53701636
53701736
53701835
53701936
53702036
53702135
53702236
53702336
53702435
53702536
53702636
53702735
53702836
53702935
53703035
53703136
53703235
53703335
53703436
53703535
53703736
53703835
53703936
53704036
53704135
53704236
53704336
53704435
53704536
53704635
53704735
53704836
53704935
53705039
53705136
53705235
53705335
53705436
53705535
53705635
53705736
53705835
53705935
53706035
53706135
53706235
53706335
53706435
53706535
53706635
53706735
53706835
53706935
53707035
53707136
53707235
53707335
53707435
53707535
53707635
53707735
53707835
53707935
53708035
53708135
53708235
53708335
53708435
53708535
53708635
53708735
53708834
53708935
53709035
53709134
53709235
53709335
53709434
53709535
53709635
53709734
53709835
53709935
53710034
53710135
53710235
53710334
53710435
53710534
53710635
53710735
53710834
53710935
53711035
53711134
53711239
53711335
53711434
53711535
53711635
53711734
53711835
53711935
53712034
53712135
53712234
53712334
53712435
53712534
53712634
53712735
53712834
53712934
53713035
53713134
53713234
53713335
53713434
53713534
53713635
53713734
53713835
53713934
53714034
53714135
53714234
53714334
53714435
53714534
53714634
53714735
53714834
53714934
53715034
53715134
53715234
53715334
53715434
53715534
53715634
53715734
53715834
53715934
53716034
53716134
53716234
53716334
53716433
53716534
53716634
53716733
53716834
53716934
53717033
53717134
53717234
53717334
53717434
53717534
53717634
53717734
53717834
53717934
53718034
53718133
53718234
53718334
53718433
53718534
53718634
53718733
53718834
53718934
53719033
53719134
53719234
53719333
53719434
53719533
53719633
53719734
53719833
53719933
53720034
53720133
53720233
53720334
53720433
53720534
53720634
53720733
53720834
53720934
53721033
53721134
53721233
53721333
53721434
53721533
53721633
53721734
53721833
53721933
53722034
53722133
53722233
53722334
53722433
53722533
53722633
53722733
53722833
53722933
53723033
53723133
53723233
53723333
53723433
53723533
53723633
53723734
53723833
53723933
53724033
53724133
53724233
53724333
53724433
53724533
53724633
53724733
53724833
53724933
53725033
53725133
53725233
53725333
53725432
53725533
53725633
53725732
53725833
53725934
53726032
53726133
53726233
53726341
53726433
53726533
53726632
53726733
53726833
53726932
53727033
53727132
53727233
53727333
53727432
53727533
53727633
53727732
53727833
53727933
53728033
53728133
53728233
53728332
53728433
53728533
53728632
53728733
53728833
53728932
53729033
53729134
53729232
53729333
53729432
53729532
53729633
53729732
53729832
53729932
53730032
53730132
53730232
53730332
53730433
53730532
53730632
53730733
53730832
53730932
53731033
53731132
53731232
53731335
53731432
53731532
53731632
53731732
53731832
53731932
53732032
53732132
53732232
53732332
53732432
53732532
53732632
53732732
53732832
53732932
53733032
53733132
53733232
53733331
53733432
53733532
53733632
53733732
53733832
53733936
53734032
53734132
53734232
53734332
53734432
53734532
53734632
53734731
53734832
53734932
53735031
53735132
53735232
53735331
53735432
53735532
53735631
53735732
53735832
53735931
53736032
53736132
53736231
53736332
53736431
53736531
53736632
53736731
53736832
53736932
53737031
53737132
53737232
53737331
53737432
53737532
53737631
53737732
53737831
53737931
53738035
53738131
53738231
53738332
53738431
53738531
53738632
53738731
53738831
53738937
53739031
53739131
53739231
53739331
53739431
53739531
53739631
53739731
53739831
53739931
53740032
53740131
53740231
53740332
53740431
53740531
53740632
53740731
53740831
53740931
53741031
53741131
53741231
53741331
53741431
53741531
53741631
53741731
53741831
53741931
53742030
53742131
53742231
53742330
53742431
53742531
53742630
53742731
53742831
53742930
53743031
53743131
53743230
53743331
53743431
53743531
53743631
53743731
53743831
53743931
53744030
53744131
53744231
53744330
53744431
53744531
53744630
53744731
53744831
53744930
53745031
53745131
53745230
53745331
53745430
53745530
53745631
53745730
53745830
53745931
53746030
53746136
53746231
53746330
53746430
53746531
53746630
53746731
53746830
53746930
53747031
53747130
53747230
53747331
53747430
53747530
53747631
53747730
53747830
53747931
53748030
53748130
53748230
53748330
53748430
53748530
53748630
53748730
53748830
53748930
53749030
53749130
53749230
53749330
53749430
53749530
53749630
53749730
53749830
53749929
53750030
53750130
53750230
53750330
53750430
53750530
53750630
53750730
53750830
53750930
53751030
53751130
53751230
53751330
53751430
53751530
53751629
53751730
53751830
53751929
53752030
53752131
53752229
53752330
53752430
53752529
53752630
53752729
53752829
53752930
53753029
53753129
53753230
53753329
53753430
53753530
53753629
53753730
53753830
53753929
53754030
53754146
53754229
53754330
53754429
53754529
53754630
53754729
53754829
53754930
53755039
53755129
53755230
53755329
53755429
53755530
53755629
53755729
53755829
53755929
53756029
53756129
53756229
53756329
53756429
53756529
53756630
53756729
53756829
53756930
53757029
53757129
53757230
53757329
53757429
53757529
53757629
53757729
53757829
53757929
53758029
53758129
53758229
53758329
53758429
53758529
53758629
53758729
53758829
53758929
53759029
53759129
53759228
53759329
53759429
53759528
53759629
53759729
53759828
53759929
53760029
53760129
53760229
53760329
53760429
53760529
53760628
53760729
53760829
53760928
53761029
53761129
53761228
53761329
53761429
53761528
53761629
53761729
53761828
53761929
53762028
53762128
53762229
53762328
53762428
53762529
53762628
53762728
53762829
53762928
53763028
53763129
53763228
53763329
53763428
53763528
53763629
53763728
53763828
53763929
53764028
53764128
53764229
53764328
53764428
53764529
53764628
53764728
53764829
53764928
53765028
53765128
53765228
53765328
53765428
53765528
53765628
53765728
53765828
53765928
53766028
53766128
53766228
53766333
53766428
53766529
53766628
53766728
53766828
53766928
53767028
53767128
53767228
53767328
53767428
53767528
53767628
53767728
53767828
53767927
53768028
53768128
53768227
53768328
53768428
53768527
53768628
53768728
53768827
53768928
53769028
53769127
53769228
53769328
53769427
53769528
53769627
53769728
53769828
53769927
53770028
53770128
53770227
53770328
53770428
53770527
53770628
53770728
53770827
53770928
53771027
53771127
53771228
53771327
53771427
53771528
53771627
53771727
53771828
53771927
53772027
53772136
53772227
53772327
53772427
53772527
53772627
53772727
53772827
53772928
53773027
53773127
53773228
53773327
53773427
53773528
53773627
53773727
53773828
53773927
53774027
53774127
53774227
53774327
53774427
53774527
53774627
53774727
53774827
53774927
53775027
53775128
53775227
53775327
53775427
53775526
53775627
53775727
53775826
53776027
53776126
53776227
53776327
53776427
53776527
53776627
53776727
53776827
53776927
53777027
53777127
53777226
53777327
53777427
53777526
53777627
53777727
53777826
53777927
53778027
53778126
53778227
53778327
53778426
53778527
53778626
53778726
53778827
53778926
53779026
53779127
53779226
53779326
53779427
53779526
53779627
53779727
53779826
53779927
53780026
53780126
53780227
53780326
53780426
53780527
53780626
53780726
53780827
53780926
53781026
53781127
53781226
53781326
53781427
53781526
53781626
53781726
53781826
53781926
53782044
53782126
53782226
53782326
53782426
53782526
53782626
53782726
53782827
53782926
53783028
53783126
53783226
53783326
53783426
53783526
53783626
53783726
53783826
53783926
53784028
53784126
53784226
53784326
53784426
53784626
53784726
53784825
53784926
53785026
53785125
53785226
53785326
53785425
53785526
53785626
53785725
53785826
53785928
53786025
53786126
53786225
53786332
53786426
53786525
53786626
53786726
53786825
53786926
53787026
53787125
53787226
53787326
53787425
53787526
53787625
53787725
53787826
53787925
53788025
53788126
53788225
53788325
53788426
53788525
53788625
53788726
53788825
53788925
53789025
53789125
53789225
53789325
53789425
53789526
53789625
53789725
53789826
53789925
53790025
53790126
53790225
53790325
53790426
53790525
53790625
53790725
53790825
53790925
53791025
53791125
53791225
53791325
53791425
53791525
53791625
53791725
53791825
53791925
53792025
53792129
53792225
53792325
53792424
53792525
53792625
53792724
53792825
53792925
53793025
53793130
53793225
53793325
53793425
53793525
53793625
53793725
53793824
53793925
53794025
53794124
53794225
53794325
53794424
53794525
53794625
53794724
53794825
53794925
53795024
53795125
53795224
53795324
53795425
53795524
53795624
53795725
53795824
53795924
53796025
53796124
53796225
53796325
53796424
53796525
53796625
53796724
53796825
53796924
53797024
53797125
53797224
53797324
53797425
53797524
53797624
53797725
53797824
53797924
53798025
53798124
53798224
53798324
53798424
53798524
53798624
53798724
53798824
53798924
53799024
53799124
53799224
53799324
53799425
53799524
53799624
53799725
53799824
53799924
53800039
53800124
53800240
53800324
53800424
53800524
53800624
53800724
53800824
53800928
53801024
53801124
53801224
53801324
53801423
53801524
53801624
53801723
53801824
53801924
53802023
53802124
53802224
53802323
53802424
53802524
53802624
53802724
53802823
53802925
53803024
53803123
53803224
53803324
53803423
53803524
53803624
53803723
53803824
53803924
53804023
53804128
53804224
53804323
53804424
53804523
53804623
53804724
53804823
53804923
53805024
53805123
53805223
53805324
53805423
53805523
53805624
53805723
53805824
53805923
53806023
53806124
53806223
53806323
53806424
53806523
53806623
53806724
53806823
53806923
53807024
53807126
53807223
53807324
53807423
53807523
53807623
53807723
53807823
53807923
53808023
53808123
53808223
53808323
53808423
53808523
53808623
53808723
53808823
53808923
53809022
53809123
53809223
53809323
53809423
53809523
53809623
53809723
53809823
53809923
53810023
53810123
53810223
53810323
53810422
53810523
53810623
53810722
53810823
53810923
53811022
53811123
53811223
53811322
53811423
53811523
53811622
53811723
53811822
53811922
53812023
53812122
53812222
53812323
53812422
53812523
53812623
53812722
53812823
53812923
53813022
53813123
53813223
53813322
53813423
53813522
53813622
53813723
53813822
53813922
53814023
53814122
53814222
53814323
53814422
53814522
53814623
53814722
53814822
53814923
53815022
53815122
53815222
53815322
53815422
53815522
53815622
53815723
53815822
53815922
53816023
53816122
53816223
53816323
53816422
53816522
53816622
53816722
53816822
53816922
53817022
53817122
53817222
53817322
53817422
53817522
53817622
53817722
53817822
53817925
53818021
53818122
53818222
53818321
53818422
53818522
53818621
53818722
53818822
53818921
53819022
53819122
53819222
53819322
53819421
53819522
53819622
53819721
53819822
53819922
53820021
53820122
53820222
53820321
53820422
53820522
53820621
53820722
53820821
53820921
53821022
53821121
53821221
53821322
53821421
53821521
53821622
53821721
53821821
53821922
53822021
53822121
53822222
53822321
53822422
53822521
53822621
53822722
53822821
53822921
53823026
53823121
53823221
53823322
53823421
53823521
53823622
53823721
53823821
53823921
53824021
53824124
53824221
53824321
53824421
53824521
53824621
53824721
53824821
53824921
53825021
53825121
53825221
53825321
53825421
53825521
53825622
53825721
53825821
53825921
53826021
53826121
53826221
53826321
53826421
53826521
53826621
53826721
53826821
53826921
53827020
53827121
53827221
53827320
53827421
53827521
53827620
53827721
53827821
53827923
53828021
53828121
53828220
53828321
53828420
53828520
53828621
53828720
53828820
53828922
53829020
53829121
53829221
53829320
53829421
53829521
53829620
53829721
53829821
53829920
53830021
53830120
53830220
53830321
53830420
53830520
53830621
53830720
53830820
53830921
53831020
53831120
53831221
53831320
53831420
53831520
53831620
53831720
53831820
53831923
53832020
53832120
53832220
53832321
53832420
53832520
53832621
53832720
53832820
53832921
53833020
53833120
53833220
53833320
53833420
53833520
53833620
53833720
53833820
53833920
53834023
53834120
53834220
53834320
53834420
53834520
53834619
53834720
53834820
53834919
53835020
53835120
53835219
53835320
53835420
53835520
53835620
53835720
53835820
53835920
53836025
53836120
53836220
53836319
53836420
53836520
53836619
53836720
53836820
53836919
53837020
53837120
53837219
53837320
53837420
53837519
53837620
53837720
53837819
53837920
53838019
53838119
53838220
53838319
53838419
53838520
53838619
53838720
53838820
53838919
53839020
53839119
53839219
53839320
53839419
53839519
53839620
53839719
53839819
53839920
53840019
53840119
53840220
53840319
53840419
53840519
53840619
53840719
53840819
53840919
53841019
53841119
53841219
53841323
53841419
53841519
53841619
53841719
53841819
53841925
53842019
53842119
53842219
53842319
53842419
53842519
53842619
53842719
53842819
53842919
53843019
53843123
53843219
53843319
53843419
53843519
53843618
53843719
53843819
53843918
53844019
53844119
53844218
53844319
53844419
53844518
53844619
53844719
53844818
53844925
53845019
53845118
53845219
53845319
53845419
53845519
53845618
53845719
53845819
53845918
53846019
53846119
53846218
53846319
53846419
53846518
53846619
53846718
53846818
53846919
53847018
53847118
53847219
53847318
53847418
53847519
53847618
53847718
53847819
53847918
53848018
53848118
53848218
53848318
53848418
53848518
53848619
53848718
53848818
53848923
53849018
53849118
53849219
53849318
53849418
53849518
53849618
53849718
53849818
53849918
53850018
53850118
53850218
53850318
53850418
53850518
53850618
53850718
53850818
53850918
53851018
53851118
53851217
53851318
53851418
53851517
53851618
53851718
53851817
53851920
53852018
53852118
53852218
53852318
53852418
53852518
53852618
53852718
53852818
53852922
53853018
53853118
53853217
53853318
53853418
53853517
53853618
53853718
53853817
53853918
53854018
53854118
53854218
53854317
53854417
53854518
53854617
53854717
53854818
53854917
53855017
53855120
53855217
53855318
53855418
53855517
53855618
53855717
53855817
53855918
53856017
53856117
53856218
53856317
53856417
53856518
53856617
53856717
53856818
53856917
53857017
53857120
53857217
53857317
53857417
53857517
53857617
53857717
53857817
53857917
53858017
53858117
53858217
53858317
53858417
53858518
53858617
53858717
53858817
53858917
53859017
53859117
53859217
53859317
53859417
53859517
53859617
53859717
53859817
53859917
53860017
53860117
53860217
53860317
53860417
53860516
53860617
53860717
53860816
53860917
53861017
53861116
53861219
53861317
53861416
53861517
53861616
53861716
53861817
53861916
53862017
53862117
53862216
53862317
53862417
53862516
53862617
53862717
53862816
53862917
53863017
53863116
53863217
53863316
53863416
53863517
53863616
53863716
53863817
53863916
53864016
53864117
53864216
53864316
53864417
53864516
53864616
53864717
53864816
53864916
53865016
53865116
53865217
53865316
53865416
53865517
53865616
53865716
53865817
53865920
53866016
53866117
53866216
53866316
53866416
53866516
53866616
53866716
53866816
53866916
53867016
53867116
53867216
53867316
53867416
53867516
53867616
53867716
53867816
53867916
53868016
53868115
53868216
53868316
53868416
53868516
53868616
53868716
53868816
53868916
53869016
53869116
53869215
53869316
53869416
53869515
53869616
53869716
53869815
53869916
53870016
53870115
53870216
53870316
53870415
53870516
53870616
53870715
53870816
53870915
53871015
53871116
53871215
53871315
53871416
53871515
53871616
53871716
53871815
53871921
53872016
53872115
53872216
53872315
53872415
53872516
53872615
53872715
53872816
53872915
53873015
53873116
53873215
53873315
53873416
53873515
53873615
53873715
53873815
53873915
53874015
53874115
53874215
53874315
53874415
53874515
53874615
53874715
53874816
53874915
53875015
53875116
53875215
53875315
53875416
53875515
53875615
53875715
53875815
53875915
53876015
53876115
53876215
53876315
53876415
53876515
53876615
53876715
53876814
53876915
53877015
53877116
53877215
53877315
53877414
53877515
53877615
53877714
53877815
53877915
53878014
53878115
53878215
53878315
53878415
53878514
53878615
53878715
53878814
53878915
53879015
53879114
53879215
53879315
53879414
53879515
53879615
53879714
53879815
53879914
53880014
53880115
53880214
53880314
53880415
53880514
53880614
53880715
53880814
53880914
53881015
53881114
53881214
53881315
53881414
53881515
53881614
53881714
53881815
53881914
53882014
53882115
53882214
53882314
53882415
53882514
53882614
53882715
53882814
53882914
53883015
53883119
53883214
53883314
53883414
53883514
53883614
53883714
53883814
53883914
53884014
53884114
53884214
53884314
53884413
53884614
53884713
53884814
53884914
53885014
53885114
53885214
53885314
53885414
53885514
53885614
53885714
53885814
53885914
53886014
53886113
53886214
53886314
53886413
53886514
53886614
53886713
53886814
53886914
53887013
53887114
53887214
53887313
53887414
53887513
53887613
53887714
53887813
53887913
53888016
53888113
53888314
53888413
53888514
53888614
53888713
53888814
53888913
53889013
53889114
53889213
53889313
53889414
53889513
53889613
53889714
53889813
53889913
53890014
53890113
53890213
53890314
53890413
53890513
53890614
53890713
53890813
53890921
53891013
53891113
53891213
53891313
53891414
53891513
53891613
53891714
53891813
53891913
53892013
53892120
53892213
53892313
53892413
53892513
53892613
53892713
53892813
53892915
53893013
53893113
53893213
53893313
53893412
53893513
53893613
53893712
53893813
53893913
53894012
53894113
53894213
53894312
53894413
53894513
53894612
53894713
53894812
53894913
53895013
53895112
53895213
53895313
53895412
53895513
53895613
53895712
53895813
53895913
53896012
53896113
53896213
53896312
53896413
53896512
53896612
53896713
53896812
53896912
53897013
53897112
53897212
53897313
53897412
53897512
53897613
53897712
53897812
53897913
53898012
53898113
53898213
53898312
53898413
53898512
53898612
53898713
53898812
53898912
53899013
53899112
53899212
53899313
53899412
53899512
53899612
53899712
53899812
53899912
53900012
53900112
53900212
53900312
53900412
53900512
53900612
53900712
53900812
53900920
53901011
53901112
53901212
53901312
53901412
53901512
53901612
53901712
53901812
53901912
53902012
53902112
53902212
53902312
53902411
53902512
53902612
53902711
53902812
53902912
53903011
53903112
53903212
53903311
53903412
53903512
53903611
53903712
53903812
53903911
53904012
53904111
53904211
53904312
53904411
53904512
53904612
53904711
53904812
53904912
53905011
53905112
53905212
53905311
53905412
53905512
53905611
53905712
53905811
53905911
53906012
53906117
53906211
53906312
53906411
53906511
53906612
53906711
53906811
53906912
53907011
53907211
53907311
53907411
53907511
53907611
53907712
53907811
53907911
53908012
53908111
53908211
53908312
53908411
53908511
53908612
53908711
53908811
53908911
53909011
53909111
53909211
53909311
53909411
53909511
53909611
53909711
53909811
53909911
53910010
53910111
53910211
53910310
53910411
53910511
53910610
53910711
53910811
53910910
53911011
53911111
53911211
53911311
53911411
53911511
53911611
53911710
53911811
53911911
53912010
53912114
53912211
53912310
53912411
53912511
53912610
53912711
53912811
53912910
53913011
53913111
53913210
53913311
53913410
53913510
53913611
53913710
53913810
53913915
53914010
53914110
53914211
53914310
53914411
53914510
53914610
53914711
53914810
53914910
53915011
53915113
53915210
53915311
53915410
53915510
53915611
53915710
53915810
53915911
53916010
53916110
53916210
53916310
53916410
53916510
53916610
53916710
53916810
53916910
53917010
53917110
53917210
53917310
53917410
53917510
53917609
53917710
53917810
53917910
53918012
53918110
53918210
53918310
53918410
53918510
53918610
53918710
53918810
53918910
53919010
53919110
53919210
53919309
53919410
53919510
53919609
53919710
53919810
53919909
53920010
53920110
53920209
53920310
53920410
53920509
53920610
53920710
53920809
53920910
53921009
53921110
53921210
53921309
53921410
53921510
53921609
53921710
53921810
53921909
53922010
53922109
53922209
53922310
53922409
53922509
53922610
53922709
53922809
53922910
53923009
53923109
53923210
53923309
53923409
53923510
53923609
53923709
53923809
53923909
53924009
53924109
53924209
53924310
53924409
53924509
53924610
53924709
53924809
53924911
53925009
53925109
53925209
53925309
53925409
53925509
53925609
53925709
53925809
53925909
53926009
53926109
53926209
53926309
53926409
53926509
53926608
53926709
53926809
53926908
53927009
53927109
53927208
53927309
53927409
53927508
53927609
53927709
53927809
53927909
53928008
53928109
53928209
53928309
53928409
53928509
53928609
53928709
53928809
53928908
53929014
53929109
53929208
53929309
53929409
53929508
53929609
53929708
53929808
53929909
53930008
53930108
53930209
53930308
53930408
53930509
53930608
53930708
53930809
53930908
53931009
53931109
53931208
53931309
53931408
53931508
53931609
53931708
53931808
53931909
53932008
53932108
53932209
53932308
53932408
53932508
53932608
53932708
53932808
53932908
53933008
53933108
53933208
53933308
53933408
53933508
53933608
53933708
53933808
53933913
53934008
53934108
53934208
53934308
53934408
53934508
53934608
53934708
53934808
53934908
53935008
53935108
53935208
53935308
53935408
53935508
53935608
53935708
53935808
53935907
53936008
53936108
53936207
53936308
53936408
53936507
53936608
53936708
53936807
53936908
53937007
53937107
53937208
53937307
53937408
53937508
53937607
53937708
53937808
53937907
53938008
53938108
53938207
53938308
53938408
53938507
53938608
53938708
53938807
53938908
53939007
53939107
53939208
53939307
53939407
53939508
53939607
53939707
53939808
53939907
53940007
53940107
53940207
53940307
53940407
53940507
53940608
53940707
53940807
53940908
53941007
53941107
53941208
53941307
53941407
53941508
53941607
53941707
53941807
53941907
53942007
53942107
53942207
53942307
53942407
53942507
53942607
53942707
53942807
53942907
53943007
53943107
53943206
53943307
53943407
53943506
53943607
53943707
53943806
53943907
53944007
53944107
53944207
53944307
53944407
53944507
53944607
53944707
53944807
53944906
53945007
53945107
53945206
53945307
53945407
53945506
53945607
53945707
53945806
53945907
53946007
53946106
53946207
53946310
53946406
53946507
53946606
53946706
53946807
53946906
53947006
53947111
53947206
53947307
53947407
53947506
53947607
53947706
53947806
53947907
53948006
53948106
53948207
53948406
53948507
53948606
53948706
53948807
53948906
53949006
53949107
53949206
53949306
53949406
53949506
53949606
53949706
53949806
53949906
53950006
53950106
53950206
53950306
53950406
53950507
53950606
53950706
53950806
53950906
53951006
53951106
53951206
53951306
53951406
53951506
53951606
53951706
53951806
53951906
53952006
53952106
53952205
53952306
53952406
53952505
53952606
53952706
53952805
53952906
53953006
53953105
53953206
53953306
53953405
53953506
53953606
53953705
53953806
53953905
53954006
53954106
53954205
53954306
53954406
53954505
53954606
53954706
53954805
53954912
53955006
53955105
53955206
53955306
53955405
53955506
53955605
53955705
53955806
53955905
53956005
53956106
53956209
53956305
53956406
53956505
53956605
53956706
53956805
53956905
53957005
53957105
53957206
53957305
53957405
53957506
53957605
53957705
53957806
53957905
53958005
53958106
53958205
53958305
53958405
53958505
53958605
53958705
53958805
53958905
53959005
53959105
53959205
53959305
53959405
53959505
53959705
53959804
53959905
53960005
53960104
53960205
53960305
53960404
53960505
53960605
53960705
53960805
53960905
53961005
53961105
53961205
53961305
53961405
53961504
53961605
53961705
53961804
53961905
53962005
53962107
53962205
53962305
53962404
53962505
53962605
53962704
53962805
53962904
53963004
53963108
53963204
53963304
53963405
53963504
53963604
53963705
53963804
53963905
53964005
53964104
53964205
53964305
53964404
53964505
53964604
53964704
53964805
53964904
53965004
53965105
53965204
53965304
53965405
53965504
53965604
53965705
53965804
53965904
53966004
53966104
53966204
53966304
53966404
53966504
53966604
53966704
53966804
53966908
53967004
53967105
53967204
53967304
53967404
53967504
53967604
53967704
53967804
53967904
53968004
53968104
53968204
53968304
53968404
53968504
53968604
53968704
53968804
53968906
53969004
53969103
53969204
53969304
53969403
53969504
53969604
53969703
53969804
53969904
53970003
53970104
53970204
53970304
53970404
53970503
53970604
53970704
53970803
53970904
53971004
53971103
53971204
53971304
53971403
53971504
53971604
53971703
53971804
53971903
53972003
53972104
53972203
53972303
53972404
53972503
53972603
53972704
53972803
53972903
53973004
53973103
53973203
53973304
53973403
53973504
53973603
53973703
53973804
53973903
53974003
53974104
53974203
53974303
53974404
53974503
53974603
53974704
53974803
53974903
53975103
53975203
53975303
53975403
53975503
53975603
53975703
53975803
53975906
53976003
53976103
53976203
53976303
53976403
53976503
53976603
53976702
53976803
53976905
53977003
53977103
53977203
53977303
53977403
53977503
53977603
53977703
53977803
53977903
53978003
53978106
53978203
53978303
53978402
53978503
53978603
53978702
53978803
53978903
53979002
53979108
53979203
53979302
53979403
53979502
53979602
53979703
53979802
53979902
53980003
53980102
53980203
53980303
53980402
53980503
53980603
53980702
53980803
53980903
53981002
53981103
53981202
53981302
53981403
53981502
53981602
53981703
53981802
53981902
53982003
53982102
53982202
53982303
53982402
53982502
53982602
53982702
53982802
53982902
53983002
53983108
53983202
53983302
53983403
53983502
53983602
53983703
53983802
53983902
53984003
53984106
53984202
53984302
53984402
53984502
53984602
53984702
53984802
53984902
53985002
53985106
53985202
53985302
53985402
53985502
53985602
53985701
53985802
53985902
53986001
53986106
53986202
53986301
53986402
53986502
53986601
53986702
53986802
53986902
53987002
53987101
53987202
53987302
53987401
53987502
53987602
53987701
53987802
53987909
53988001
53988102
53988202
53988301
53988402
53988501
53988601
53988702
53988801
53988901
53989002
53989101
53989201
53989302
53989401
53989501
53989602
53989701
53989801
53989902
53990001
53990102
53990201
53990301
53990402
53990501
53990601
53990702
53990801
53990901
53991002
53991104
53991201
53991302
53991401
53991501
53991602
53991701
53991801
53991901
53992001
53992101
53992201
53992301
53992401
53992501
53992601
53992701
53992801
53992901
53993007
53993101
53993201
53993300
53993401
53993501
53993601
53993701
53993801
53993901
53994001
53994101
53994201
53994301
53994401
53994501
53994601
53994701
53994801
53994901
53995000
53995101
53995201
53995300
53995401
53995501
53995600
53995701
53995801
53995900
53996001
53996100
53996200
53996301
53996400
53996500
53996601
53996700
53996801
53996904
53997000
53997101
53997201
53997300
53997401
53997501
53997600
53997701
53997800
53997900
53998001
53998100
53998200
53998301
53998400
53998500
53998601
53998700
53998800
53998901
53999000
53999100
53999201
53999300
53999400
53999500
53999600
53999700
53999800
53999900
54000003
54000100
54000200
54000301
54000400
54000500
54000601
54000700
54000800
54000900
54001001
54001100
54001200
54001300
54001400
54001500
54001600
