53102025
53102092
53102170
53102214
53102973
53103039
53103116
53103159
53104013
53104073
53104150
53104193
53105040
53105118
53105184
53105227
53106028
53106096
53106169
53106243
53106317
53106393
53106435
53106963
53107031
53107106
53107148
53107981
53108046
53108123
53108166
53109022
53109088
53109165
53109213
53110022
53110087
53110164
53110217
53111037
53111105
53111179
53111252
53111326
53111403
53111446
53112047
53112115
53112192
53112235
53113040
53113112
53113185
53113228
53114019
53114087
53114164
53114212
53115022
53115089
53115166
53115211
53116043
53116111
53116184
53116258
53116332
53116411
53116451
53117035
53117100
53117177
53117220
53117992
53118057
53118133
53118176
53118669
53118737
53118813
53118856
53119674
53119740
53119816
53119859
53120672
53120739
53120817
53120885
53120958
53121034
53121077
53121690
53121755
53121831
53121873
53122692
53122756
53122832
53122875
53123671
53123737
53123813
53123856
53124682
53124749
53124825
53124868
53125676
53125742
53125815
53125889
53125961
53126037
53126080
53126673
53126739
53126815
53126856
53127681
53127745
53127820
53127862
53128657
53128722
53128797
53128839
53129683
53129748
53129824
53129867
53130672
53130738
53130811
53130884
53130956
53131033
53131075
53131672
53131740
53131815
53131858
53132673
53132739
53132815
53132858
53133690
53133757
53133832
53133874
53134671
53134738
53134813
53134855
53135690
53135757
53135831
53135909
53135976
53136052
53136095
53136679
53136746
53136823
53136865
53137690
53137757
53137832
53137875
53138690
53138756
53138832
53138875
53139688
53139752
53139829
53139871
53140670
53140734
53140808
53140880
53140954
53141029
53141072
53141668
53141735
53141810
53141852
53142672
53142738
53142814
53142855
53143682
53143746
53143822
53143863
53144680
53144747
53144821
53144863
53145669
53145736
53145809
53145882
53145955
53146031
53146074
53146689
53146756
53146832
53146875
53148036
53148107
53148180
53148223
53149012
53149074
53149150
53149192
53150001
53150068
53150144
53150186
53151014
53151082
53151156
53151229
53151307
53151379
53151421
53152051
53152118
53152194
53152236
53152988
53153052
53153130
53153173
53154030
53154098
53154174
53154219
53155045
53155110
53155187
53155230
53156066
53156132
53156212
53156280
53156354
53156430
53156474
53157067
53157135
53157211
53157255
53158036
53158107
53158180
53158223
53159022
53159090
53159166
53159209
53160032
53160096
53160173
53160216
53161008
53161073
53161147
53161221
53161294
53161371
53161414
53161993
53162058
53162135
53162178
53162993
53163059
53163136
53163179
53164023
53164091
53164168
53164211
53164969
53165037
53165114
53165157
53166042
53166109
53166183
53166257
53166330
53166411
53166450
53166958
53167025
53167106
53167145
53168011
53168078
53168155
53168198
53169052
53169120
53169197
53169241
53170055
53170121
53170199
53170242
53171023
53171091
53171165
53171238
53171312
53171389
53171432
53171968
53172035
53172112
53172155
53173054
53173122
53173204
53173241
53174010
53174069
53174145
53174187
53175028
53175096
53175172
53175214
53176004
53176071
53176144
53176218
53176292
53176369
53176412
53177062
53177129
53177206
53177249
53178030
53178095
53178172
53178215
53179044
53179110
53179187
53179230
53180022
53180090
53180167
53180210
53181063
53181130
53181209
53181278
53181351
53181427
53181469
53181983
53182051
53182127
53182169
53183010
53183076
53183152
53183194
53184033
53184103
53184176
53184219
53185003
53185067
53185143
53185186
53186069
53186137
53186210
53186284
53186358
53186435
53186478
53187042
53187109
53187185
53187227
53188057
53188124
53188203
53188242
53189055
53189121
53189202
53189240
53190062
53190129
53190206
53190249
53191054
53191121
53191195
53191269
53191343
53191419
53191462
53192033
53192102
53192174
53192216
53192966
53193033
53193109
53193151
53194045
53194110
53194186
53194228
53195037
53195103
53195180
53195223
53196066
53196132
53196206
53196279
53196353
53196430
53196473
53196989
53197053
53197131
53197174
53198052
53198119
53198201
53198237
53199017
53199085
53199161
53199217
53200020
53200086
53200161
53200203
53201010
53201076
53201149
53201223
53201301
53201373
53201415
53202055
53202120
53202201
53202240
53202967
53203032
53203109
53203152
53203975
53204040
53204117
53204160
53205054
53205118
53205201
53205237
53205969
53206037
53206111
53206184
53206258
53206334
53206376
53207047
53207114
53207190
53207232
53208033
53208107
53208175
53208218
53209012
53209077
53209154
53209205
53209991
53210058
53210135
53210178
53211039
53211106
53211179
53211252
53211326
53211402
53211444
53212040
53212107
53212183
53212225
53213052
53213118
53213194
53213236
53213993
53214058
53214135
53214177
53215046
53215114
53215190
53215232
53215949
53216015
53216089
53216162
53216236
53216312
53216354
53217005
53217064
53217140
53217182
53218009
53218076
53218152
53218199
53219016
53219084
53219160
53219202
53220030
53220100
53220173
53220215
53221053
53221121
53221199
53221268
53221342
53221417
53221459
53222020
53222085
53222161
53222203
53223021
53223087
53223162
53223204
53223952
53224019
53224098
53224137
53224954
53225022
53225099
53225140
53226057
53226125
53226199
53226272
53226346
53226423
53226466
53226972
53227039
53227115
53227157
53228057
53228125
53228204
53228242
53229059
53229126
53229202
53229244
53229952
53230018
53230098
53230137
53231000
53231065
53231139
53231212
53231286
53231362
53231405
53232051
53232115
53232198
53232235
53233050
53233116
53233198
53233235
53234029
53234098
53234169
53234211
53234985
53235050
53235126
53235168
53235969
53236033
53236108
53236180
53236254
53236331
53236373
53237007
53237074
53237150
53237197
53237986
53238050
53238127
53238169
53239038
53239106
53239182
53239224
53239989
53240056
53240132
53240174
53241053
53241120
53241197
53241268
53241341
53241417
53241459
53242052
53242120
53242202
53242237
53243029
53243102
53243170
53243212
53244006
53244072
53244149
53244201
53245042
53245110
53245186
53245228
53245997
53246062
53246136
53246210
53246283
53246359
53246401
53247021
53247085
53247163
53247206
53247979
53248047
53248122
53248164
53249027
53249101
53249168
53249210
53250033
53250099
53250174
53250216
53250997
53251062
53251136
53251210
53251283
53251359
53251401
53251986
53252052
53252128
53252171
53253042
53253109
53253185
53253227
53254034
53254099
53254175
53254217
53255019
53255085
53255160
53255202
53255995
53256056
53256130
53256204
53256278
53256353
53256395
53256995
53257059
53257135
53257177
53258022
53258088
53258164
53258206
53258983
53259051
53259126
53259168
53260036
53260103
53260179
53260221
53261036
53261104
53261177
53261251
53261325
53261401
53261443
53262040
53262107
53262183
53262225
53263012
53263080
53263156
53263198
53264022
53264099
53264165
53264207
53264999
53265062
53265138
53265180
53266003
53266071
53266145
53266219
53266294
53266368
53266410
53266994
53267056
53267133
53267175
53268058
53268125
53268201
53268243
53268999
53269057
53269133
53269175
53270051
53270119
53270195
53270237
53271014
53271081
53271155
53271229
53271303
53271378
53271420
53272032
53272099
53272175
53272217
53272998
53273059
53273136
53273178
53274042
53274107
53274183
53274225
53275030
53275096
53275171
53275213
53276025
53276093
53276165
53276238
53276311
53276393
53276432
53277023
53277092
53277165
53277208
53278032
53278098
53278174
53278216
53279035
53279102
53279178
53279220
53279950
53280018
53280098
53280136
53281047
53281114
53281192
53281261
53281336
53281411
53281454
53281968
53282033
53282109
53282151
53283018
53283084
53283160
53283202
53284029
53284094
53284170
53284212
53285040
53285105
53285181
53285223
53285997
53286053
53286127
53286201
53286275
53286350
53286392
53287043
53287107
53287184
53287226
53287991
53288052
53288128
53288170
53288970
53289035
53289111
53289153
53290041
53290106
53290182
53290224
53290991
53291057
53291130
53291204
53291278
53291354
53291396
53292036
53292131
53292177
53292219
53293031
53293096
53293173
53293216
53294001
53294068
53294145
53294190
53294993
53295058
53295135
53295178
53296009
53296076
53296150
53296224
53296297
53296374
53296417
53297033
53297100
53297177
53297220
53297963
53298030
53298107
53298150
53299016
53299090
53299161
53299204
53299997
53300064
53300142
53300190
53301012
53301079
53301152
53301226
53301301
53301377
53301421
53302029
53302093
53302171
53302214
53302995
53303062
53303138
53303180
53303996
53304064
53304139
53304181
53305022
53305090
53305165
53305207
53306050
53306118
53306191
53306265
53306339
53306416
53306459
53306982
53307048
53307125
53307169
53308040
53308104
53308182
53308225
53308981
53309048
53309125
53309168
53309993
53310060
53310138
53310181
53311042
53311110
53311194
53311257
53311331
53311408
53311451
53311973
53312040
53312117
53312161
53313028
53313095
53313172
53313215
53314038
53314104
53314181
53314224
53314990
53315057
53315134
53315177
53315988
53316050
53316125
53316198
53316273
53316349
53316392
53317011
53317076
53317153
53317196
53318029
53318094
53318171
53318214
53318987
53319051
53319127
53319169
53319948
53320015
53320091
53320133
53320993
53321059
53321133
53321206
53321280
53321356
53321398
53322043
53322109
53322187
53322230
53323035
53323103
53323180
53323223
53323947
53324013
53324091
53324134
53325040
53325108
53325192
53325228
53326039
53326104
53326178
53326252
53326325
53326401
53326443
53327035
53327102
53327178
53327220
53328045
53328111
53328187
53328230
53329032
53329099
53329175
53329217
53329959
53330025
53330102
53330145
53330956
53331021
53331095
53331169
53331243
53331319
53331362
53332030
53332097
53332173
53332217
53332967
53333033
53333109
53333151
53334049
53334117
53334193
53334235
53335028
53335096
53335172
53335214
53335971
53336039
53336113
53336186
53336260
53336336
53336378
53336985
53337048
53337124
53337166
53338015
53338085
53338159
53338201
53339029
53339096
53339172
53339216
53339985
53340053
53340129
53340171
53340964
53341032
53341106
53341191
53341253
53341329
53341371
53342002
53342069
53342145
53342190
53343025
53343092
53343169
53343213
53343984
53344050
53344128
53344171
53345037
53345104
53345189
53345224
53346046
53346113
53346187
53346260
53346334
53346411
53346455
53347031
53347098
53347175
53347218
53348027
53348094
53348171
53348214
53349004
53349070
53349146
53349189
53350011
53350084
53350154
53350197
53351013
53351089
53351153
53351227
53351302
53351377
53351419
53351942
53352009
53352089
53352129
53352989
53353053
53353131
53353174
53353943
53354010
53354087
53354130
53355010
53355088
53355153
53355195
53356002
53356069
53356143
53356217
53356291
53356366
53356408
53356955
53357023
53357099
53357140
53357955
53358022
53358099
53358142
53358998
53359064
53359140
53359183
53359993
53360060
53360138
53360188
53360939
53361006
53361088
53361154
53361227
53361304
53361347
53361966
53362033
53362110
53362153
53362935
53363003
53363083
53363121
53364009
53364082
53364153
53364195
53364971
53365038
53365113
53365155
53366029
53366096
53366170
53366244
53366318
53366394
53366437
53367014
53367088
53367158
53367201
53368002
53368070
53368146
53368189
53369025
53369093
53369169
53369212
53370033
53370100
53370181
53370218
53371023
53371090
53371164
53371238
53371312
53371387
53371429
53372029
53372097
53372174
53372217
53372969
53373037
53373157
53373163
53374054
53374061
53374138
53374256
53374961
53375029
53375106
53375149
53376033
53376101
53376181
53376248
53376322
53376398
53376440
53376984
53377048
53377207
53377213
53378056
53378088
53378164
53378254
53378968
53379033
53379109
53379152
53380023
53380090
53380167
53380210
53381027
53381094
53381169
53381241
53381316
53381392
53381436
53382046
53382114
53382191
53382234
53383026
53383094
53383171
53383214
53383967
53384035
53384112
53384155
53385027
53385095
53385170
53385212
53385968
53386034
53386107
53386181
53386255
53386331
53386373
53387021
53387088
53387165
53387208
53387966
53388034
53388110
53388153
53389020
53389087
53389164
53389207
53390021
53390089
53390166
53390210
53391031
53391098
53391172
53391246
53391320
53391396
53391439
53391967
53392034
53392111
53392154
53393015
53393081
53393158
53393201
53393964
53394029
53394106
53394149
53394966
53395032
53395108
53395151
53396025
53396092
53396166
53396240
53396314
53396390
53396433
53396981
53397048
53397126
53397169
53398021
53398088
53398165
53398208
53399020
53399088
53399164
53399207
53400025
53400092
53400169
53400212
53401026
53401094
53401167
53401241
53401315
53401392
53401435
53402011
53402083
53402156
53402199
53403029
53403096
53403183
53403216
53404013
53404083
53404157
53404200
53404981
53405048
53405125
53405168
53405990
53406058
53406132
53406205
53406279
53406356
53406399
53407030
53407096
53407182
53407217
53408006
53408082
53408150
53408193
53408982
53409043
53409120
53409163
53410019
53410084
53410160
53410202
53411026
53411092
53411166
53411239
53411312
53411389
53411431
53412003
53412069
53412146
53412189
53412981
53413043
53413120
53413164
53414021
53414085
53414163
53414206
53414962
53415027
53415104
53415147
53415955
53416020
53416094
53416168
53416242
53416318
53416361
53417008
53417076
53417152
53417195
53417976
53418040
53418116
53418158
53419001
53419066
53419143
53419185
53420006
53420076
53420147
53420189
53420982
53421048
53421122
53421196
53421276
53421345
53421387
53421975
53422038
53422114
53422158
53423033
53423100
53423177
53423220
53424022
53424090
53424166
53424209
53425015
53425083
53425160
53425203
53425978
53426043
53426117
53426191
53426264
53426341
53426384
53426985
53427053
53427129
53427175
53427980
53428037
53428113
53428155
53429040
53429106
53429183
53429225
53429964
53430032
53430109
53430152
53431007
53431074
53431146
53431220
53431293
53431374
53431413
53432011
53432079
53432155
53432197
53433021
53433086
53433162
53433204
53434019
53434087
53434163
53434205
53434995
53435061
53435138
53435181
53435966
53436029
53436103
53436177
53436251
53436327
53436370
53436920
53436986
53437062
53437104
53438003
53438073
53438144
53438186
53438959
53439024
53439100
53439142
53439974
53440038
53440114
53440156
53440980
53441048
53441122
53441196
53441273
53441345
53441387
53441934
53441998
53442076
53442119
53442939
53443005
53443082
53443125
53443974
53444038
53444115
53444157
53444989
53445039
53445114
53445156
53445987
53446049
53446123
53446197
53446273
53446346
53446388
53446918
53446981
53447057
53447099
53447942
53448007
53448083
53448125
53448977
53449040
53449116
53449158
53449936
53450004
53450080
53450122
53451014
53451079
53451153
53451227
53451300
53451377
53451420
53451964
53452032
53452107
53452149
53453014
53453076
53453152
53453194
53454019
53454084
53454159
53454201
53455009
53455074
53455151
53455193
53456004
53456071
53456143
53456217
53456290
53456376
53456408
53457006
53457072
53457147
53457189
53457971
53458032
53458108
53458150
53458973
53459039
53459115
53459156
53459935
53460002
53460079
53460123
53460989
53461057
53461131
53461204
53461278
53461355
53461398
53461970
53462035
53462111
53462153
53462957
53463020
53463096
53463138
53463921
53463984
53464059
53464101
53465000
53465064
53465140
53465182
53466018
53466084
53466158
53466231
53466304
53466382
53466425
53466980
53467045
53467122
53467170
53467929
53467995
53468071
53468114
53468950
53469015
53469091
53469134
53470009
53470072
53470148
53470190
53470922
53470988
53471062
53471135
53471209
53471285
53471327
53472025
53472090
53472175
53472208
53473000
53473075
53473141
53473183
53474008
53474073
53474150
53474193
53474998
53475069
53475141
53475185
53476012
53476076
53476150
53476224
53476297
53476374
53476417
53476945
53477009
53477085
53477127
53477972
53478038
53478114
53478156
53478926
53478993
53479069
53479111
53480008
53480074
53480150
53480192
53480948
53481014
53481088
53481161
53481235
53481311
53481353
53482016
53482082
53482158
53482200
53482938
53483004
53483082
53483125
53484013
53484081
53484156
53484198
53484919
53484982
53485058
53485100
53486009
53486072
53486146
53486220
53486294
53486369
53486411
53486996
53487062
53487137
53487179
53488008
53488073
53488149
53488191
53488987
53489049
53489126
53489168
53489975
53490039
53490117
53490160
53490982
53491048
53491122
53491195
53491269
53491346
53491389
53491974
53492039
53492116
53492159
53492977
53493043
53493118
53493167
53493948
53494011
53494087
53494129
53495002
53495067
53495141
53495183
53496012
53496076
53496150
53496223
53496297
53496373
53496415
53496967
53497029
53497105
53497147
53497934
53497998
53498074
53498116
53498972
53499032
53499109
53499152
53499945
53500009
53500086
53500129
53500920
53500984
53501058
53501131
53501205
53501281
53501323
53501983
53502047
53502123
53502166
53502917
53502981
53503056
53503098
53503969
53504032
53504108
53504150
53505008
53505071
53505146
53505188
53505970
53506035
53506109
53506183
53506256
53506332
53506374
53506971
53507037
53507113
53507156
53507972
53508035
53508112
53508155
53508970
53509033
53509110
53509153
53509941
53510003
53510079
53510121
53511007
53511072
53511146
53511220
53511293
53511369
53511411
53512011
53512076
53512152
53512195
53513006
53513070
53513147
53513191
53513964
53514025
53514102
53514145
53514913
53514978
53515055
53515098
53516012
53516078
53516151
53516225
53516299
53516376
53516419
53516997
53517064
53517136
53517178
53517955
53518017
53518093
53518135
53518932
53518997
53519074
53519116
53520019
53520084
53520168
53520202
53520968
53521034
53521107
53521181
53521255
53521331
53521373
53521964
53522022
53522099
53522142
53522964
53523028
53523106
53523149
53523946
53524011
53524087
53524130
53524996
53525068
53525137
53525179
53525980
53526045
53526119
53526193
53526266
53526342
53526384
53526970
53527035
53527111
53527153
53527954
53528019
53528095
53528137
53529005
53529070
53529146
53529188
53529979
53530044
53530121
53530168
53530964
53531029
53531103
53531176
53531250
53531327
53531370
53531968
53532034
53532109
53532151
53532976
53533041
53533117
53533162
53534009
53534074
53534150
53534192
53534950
53535015
53535092
53535135
53535952
53536018
53536092
53536167
53536238
53536316
53536367
53536972
53537037
53537115
53537162
53538014
53538079
53538166
53538199
53538993
53539066
53539134
53539176
53539974
53540039
53540115
53540166
53541014
53541079
53541152
53541226
53541300
53541376
53541417
53541944
53542009
53542085
53542127
53542944
53543010
53543086
53543128
53543984
53544049
53544126
53544169
53544910
53544976
53545053
53545096
53546007
53546072
53546145
53546219
53546293
53546369
53546411
53546971
53547036
53547112
53547154
53547912
53547977
53548053
53548095
53548909
53548974
53549051
53549094
53549973
53550039
53550115
53550166
53550964
53551029
53551104
53551176
53551251
53551328
53551371
53551945
53552011
53552087
53552129
53552919
53552985
53553060
53553102
53553936
53554001
53554077
53554119
53554989
53555059
53555130
53555172
53555944
53556008
53556082
53556159
53556230
53556306
53556349
53556965
53557030
53557107
53557150
53557953
53558018
53558094
53558137
53558993
53559059
53559134
53559176
53559979
53560043
53560120
53560162
53561023
53561089
53561162
53561236
53561310
53561385
53561427
53561972
53562038
53562115
53562159
53562990
53563059
53563132
53563175
53563917
53563982
53564059
53564102
53564983
53565048
53565125
53565168
53565959
53566023
53566097
53566171
53566244
53566321
53566364
53566983
53567048
53567125
53567168
53567978
53568043
53568119
53568163
53568908
53568972
53569049
53569091
53569940
53570006
53570082
53570125
53570977
53571043
53571117
53571190
53571264
53571341
53571384
53571978
53572042
53572119
53572162
53572904
53572969
53573047
53573090
53573961
53574026
53574102
53574144
53574912
53574977
53575057
53575097
53575985
53576049
53576124
53576198
53576271
53576348
53576391
53576942
53577008
53577084
53577127
53577967
53578033
53578109
53578157
53578990
53579057
53579132
53579175
53579962
53580027
53580103
53580145
53580974
53581039
53581113
53581187
53581259
53581336
53581378
53581957
53582022
53582098
53582140
53582939
53583004
53583081
53583124
53583989
53584056
53584132
53584175
53584908
53584972
53585061
53585093
53585988
53586056
53586127
53586200
53586274
53586356
53586395
53586937
53587003
53587080
53587123
53587956
53588021
53588098
53588141
53588932
53588998
53589074
53589117
53589976
53590041
53590117
53590161
53590958
53591022
53591097
53591170
53591243
53591320
53591362
53591981
53592046
53592123
53592166
53592964
53593029
53593106
53593155
53594000
53594064
53594141
53594185
53594994
53595060
53595137
53595180
53595907
53595971
53596046
53596119
53596193
53596269
53596313
53596956
53597022
53597097
53597139
53597972
53598028
53598104
53598146
53599007
53599072
53599148
53599190
53599974
53600038
53600114
53600159
53600986
53601054
53601125
53601199
53601272
53601354
53601392
53602009
53602073
53602159
53602193
53602977
53603043
53603120
53603163
53603947
53604013
53604089
53604132
53604986
53605054
53605129
53605172
53605923
53605989
53606063
53606136
53606210
53606287
53606330
53606923
53606988
53607065
53607108
53607971
53608036
53608113
53608159
53608918
53608983
53609059
53609101
53609962
53610027
53610102
53610144
53610999
53611065
53611139
53611212
53611286
53611363
53611406
53611966
53612032
53612108
53612157
53612989
53613054
53613131
53613174
53614002
53614067
53614144
53614187
53614997
53615062
53615137
53615179
53615945
53616011
53616084
53616158
53616232
53616308
53616353
53616934
53617000
53617076
53617118
53617989
53618054
53618130
53618173
53618959
53619023
53619100
53619144
53619944
53620008
53620085
53620128
53620996
53621061
53621135
53621209
53621282
53621359
53621402
53621954
53622020
53622095
53622137
53623015
53623080
53623156
53623198
53624012
53624077
53624154
53624196
53624939
53625004
53625080
53625122
53625960
53626025
53626099
53626173
53626251
53626323
53626366
53626939
53627003
53627080
53627124
53627937
53628003
53628079
53628121
53628962
53629028
53629104
53629156
53629940
53630006
53630082
53630124
53630998
53631064
53631137
53631211
53631285
53631361
53631403
53631986
53632056
53632128
53632169
53632960
53633026
53633102
53633156
53633938
53634003
53634080
53634123
53634957
53635021
53635097
53635139
53635964
53636030
53636104
53636177
53636251
53636327
53636369
53636935
53637001
53637078
53637121
53637953
53638019
53638095
53638138
53638974
53639040
53639116
53639159
53639937
53640002
53640079
53640122
53640914
53640979
53641053
53641126
53641200
53641277
53641321
53641994
53642066
53642136
53642179
53642994
53643059
53643136
53643179
53643960
53644024
53644102
53644149
53644976
53645041
53645117
53645159
53645992
53646057
53646131
53646204
53646278
53646354
53646396
53646958
53647024
53647099
53647141
53647930
53647995
53648072
53648115
53648909
53648974
53649051
53649094
53650001
53650067
53650153
53650187
53650927
53650992
53651065
53651139
53651213
53651290
53651333
53651993
53652059
53652135
53652178
53652965
53653023
53653100
53653188
53653904
53653969
53654053
53654089
53654927
53654992
53655069
53655112
53656005
53656070
53656147
53656217
53656291
53656367
53656410
53656973
53657038
53657114
53657156
53657912
53657976
53658053
53658096
53658905
53658970
53659053
53659090
53659940
53660005
53660082
53660125
53660984
53661049
53661123
53661197
53661271
53661347
53661390
53661957
53662021
53662098
53662147
53662990
53663054
53663131
53663174
53663929
53663994
53664070
53664112
53664973
53665039
53665115
53665157
53665967
53666031
53666105
53666179
53666252
53666329
53666372
53666985
53667051
53667127
53667170
53668001
53668066
53668151
53668184
53668980
53669046
53669122
53669164
53669953
53670018
53670095
53670138
53670961
53671026
53671100
53671174
53671247
53671324
53671367
53671896
53671960
53672038
53672081
53672946
53673011
53673089
53673132
53673988
53674053
53674130
53674173
53674917
53674982
53675059
53675102
53675906
53675970
53676050
53676118
53676191
53676268
53676312
53677002
53677067
53677150
53677188
53677997
53678062
53678145
53678182
53678894
53678958
53679035
53679079
53679946
53680012
53680089
53680132
53680929
53680994
53681068
53681144
53681215
53681292
53681335
53681986
53682052
53682128
53682171
53682947
53683011
53683089
53683132
53683992
53684058
53684133
53684175
53684986
53685051
53685127
53685169
53685978
53686044
53686117
53686191
53686264
53686344
53686384
53686973
53687049
53687115
53687158
53687998
53688064
53688148
53688181
53688944
53689005
53689080
53689122
53689994
53690059
53690135
53690177
53690934
53690998
53691073
53691146
53691219
53691295
53691337
53691975
53692044
53692118
53692161
53692935
53693000
53693077
53693120
53693981
53694047
53694124
53694167
53694899
53694962
53695043
53695082
53695971
53696036
53696110
53696184
53696257
53696334
53696377
53696903
53696968
53697045
53697088
53697966
53698031
53698108
53698151
53698942
53699007
53699084
53699128
53699968
53700032
53700110
53700153
53700990
53701055
53701129
53701202
53701276
53701353
53701397
53701902
53701967
53702044
53702087
53702959
53703024
53703101
53703144
53703922
53703988
53704065
53704108
53704969
53705033
53705110
53705154
53705985
53706050
53706124
53706198
53706271
53706348
53706391
53706988
53707054
53707130
53707173
53707986
53708051
53708128
53708171
53708979
53709044
53709121
53709164
53709941
53710005
53710082
53710125
53710943
53711007
53711081
53711155
53711228
53711305
53711348
53711918
53711983
53712060
53712103
53712924
53712989
53713065
53713108
53713943
53714009
53714085
53714128
53714897
53714962
53715041
53715083
53715954
53716020
53716093
53716167
53716241
53716318
53716361
53716945
53717004
53717081
53717125
53717961
53718025
53718102
53718145
53718943
53719007
53719084
53719127
53719953
53720015
53720092
53720140
53720955
53721020
53721094
53721167
53721245
53721318
53721362
53721912
53721977
53722054
53722097
53722901
53722967
53723043
53723086
53723961
53724026
53724103
53724146
53724992
53725057
53725139
53725176
53725924
53725989
53726063
53726144
53726211
53726287
53726330
53726957
53727016
53727093
53727143
53727965
53728027
53728105
53728148
53728946
53729008
53729085
53729128
53729944
53730006
53730082
53730125
53730923
53730989
53731062
53731139
53731210
53731287
53731330
53731948
53732013
53732089
53732139
53732925
53732988
53733065
53733108
53733931
53733995
53734072
53734115
53734949
53735015
53735092
53735138
53735899
53735962
53736038
53736110
53736183
53736260
53736303
53736971
53737038
53737112
53737155
53737965
53738029
53738105
53738148
53738931
53738994
53739071
53739114
53739920
53739983
53740060
53740103
53740968
53741054
53741107
53741180
53741254
53741337
53741375
53741976
53742042
53742118
53742161
53742911
53742973
53743051
53743094
53743913
53743979
53744056
53744099
53744973
53745042
53745116
53745159
53745918
53745982
53746056
53746129
53746203
53746280
53746323
53746936
53747002
53747079
53747122
53747994
53748060
53748142
53748179
53748970
53749042
53749112
53749155
53749942
53749998
53750075
53750118
53750991
53751057
53751136
53751204
53751278
53751355
53751398
53751941
53752006
53752083
53752126
53752948
53753013
53753090
53753136
53753907
53753972
53754049
53754092
53754887
53754952
53755029
53755072
53755970
53756036
53756109
53756183
53756257
53756336
53756377
53756938
53757002
53757079
53757123
53757967
53758035
53758109
53758152
53758987
53759052
53759135
53759172
53759913
53759977
53760054
53760097
53760911
53760974
53761048
53761122
53761196
53761272
53761315
53761935
53761999
53762076
53762119
53762952
53763016
53763094
53763137
53763940
53763997
53764075
53764118
53764936
53765002
53765079
53765122
53765920
53765986
53766060
53766134
53766207
53766284
53766327
53766972
53767040
53767112
53767155
53767890
53767956
53768035
53768076
53768952
53769018
53769095
53769138
53769912
53769975
53770052
53770095
53770970
53771034
53771108
53771182
53771255
53771339
53771375
53771940
53772006
53772083
53772126
53772945
53773009
53773086
53773133
53773978
53774044
53774120
53774163
53774981
53775046
53775123
53775166
53775897
53775963
53776038
53776110
53776184
53776260
53776302
53776973
53777038
53777114
53777156
53777938
53778002
53778079
53778121
53778972
53779038
53779115
53779158
53779957
53780021
53780098
53780141
53780933
53780995
53781068
53781142
53781216
53781293
53781338
53781933
53782036
53782073
53782115
53782959
53783022
53783099
53783142
53783959
53784022
53784098
53784140
53784916
53784979
53785055
53785098
53785918
53785980
53786054
53786137
53786202
53786278
53786321
53786916
53786981
53787058
53787102
53787964
53788032
53788105
53788148
53788920
53788986
53789063
53789106
53789972
53790038
53790113
53790155
53790964
53791037
53791104
53791177
53791251
53791332
53791369
53791982
53792047
53792122
53792164
53792982
53793047
53793124
53793167
53793971
53794036
53794113
53794156
53794911
53794976
53795053
53795096
53795987
53796052
53796131
53796200
53796273
53796350
53796393
53796875
53796939
53797015
53797057
53797961
53798031
53798103
53798145
53798915
53798980
53799056
53799098
53800047
53800054
53800092
53800248
53800922
53800987
53801104
53801135
53801208
53801304
53801330
53801984
53802049
53802135
53802169
53802918
53802984
53803061
53803104
53803980
53804046
53804122
53804164
53804963
53805035
53805103
53805145
53805970
53806035
53806109
53806183
53806257
53806333
53806376
53806936
53807000
53807077
53807121
53807935
53807997
53808074
53808117
53808984
53809049
53809129
53809167
53809906
53809972
53810048
53810089
53810963
53811030
53811102
53811176
53811250
53811330
53811367
53811960
53812029
53812102
53812144
53812963
53813033
53813104
53813146
53813957
53814029
53814099
53814142
53814960
53815028
53815102
53815145
53815931
53815996
53816070
53816143
53816217
53816294
53816337
53816967
53817033
53817108
53817150
53817916
53817980
53818056
53818098
53818913
53818978
53819055
53819097
53819970
53820035
53820111
53820153
53820946
53821011
53821085
53821159
53821233
53821309
53821352
53821986
53822051
53822133
53822171
53822955
53823021
53823097
53823140
53823977
53824043
53824118
53824160
53824967
53825033
53825108
53825150
53825996
53826062
53826136
53826209
53826283
53826359
53826401
53826962
53827033
53827101
53827144
53827917
53827983
53828060
53828103
53828916
53828981
53829058
53829101
53829967
53830032
53830110
53830153
53830963
53831028
53831102
53831176
53831249
53831331
53831369
53831913
53831977
53832052
53832094
53832987
53833053
53833128
53833170
53833953
53834018
53834095
53834138
53834957
53835026
53835099
53835143
53835951
53836015
53836089
53836163
53836236
53836312
53836354
53836926
53836990
53837067
53837110
53837983
53838049
53838126
53838169
53838906
53838970
53839047
53839091
53839926
53839990
53840066
53840108
53840955
53841026
53841094
53841168
53841242
53841317
53841359
53841918
53841984
53842060
53842102
53842975
53843040
53843117
53843160
53843966
53844032
53844108
53844150
53844915
53844980
53845056
53845098
53845925
53845985
53846059
53846132
53846206
53846282
53846325
53846957
53847025
53847098
53847140
53847966
53848031
53848109
53848152
53848916
53848981
53849059
53849102
53849924
53849984
53850060
53850103
53850971
53851035
53851110
53851183
53851256
53851333
53851377
53851914
53851979
53852055
53852097
53852916
53852982
53853058
53853100
53853972
53854038
53854113
53854155
53854973
53855038
53855115
53855157
53855939
53856004
53856077
53856151
53856229
53856302
53856345
53856972
53857037
53857115
53857158
53857966
53858030
53858107
53858151
53858955
53859023
53859097
53859140
53859878
53859943
53860028
53860061
53860927
53860992
53861065
53861139
53861213
53861288
53861330
53861978
53862043
53862123
53862161
53862868
53862934
53863011
53863054
53863963
53864029
53864105
53864148
53864952
53865023
53865095
53865138
53865914
53865979
53866053
53866127
53866201
53866277
53866322
53866909
53866975
53867052
53867095
53867960
53868027
53868102
53868145
53868980
53869045
53869127
53869165
53869906
53869971
53870048
53870091
53870922
53870984
53871057
53871131
53871205
53871282
53871327
53871915
53871980
53872057
53872100
53872958
53873024
53873100
53873143
53873933
53873998
53874075
53874121
53874958
53875023
53875100
53875143
53875903
53875969
53876042
53876121
53876190
53876267
53876310
53876953
53877021
53877095
53877138
53877964
53878030
53878107
53878150
53878964
53879029
53879106
53879149
53879977
53880043
53880121
53880163
53880962
53881027
53881101
53881175
53881248
53881325
53881368
53881922
53881988
53882064
53882107
53882971
53883036
53883113
53883156
53883921
53883985
53884062
53884105
53884961
53885026
53885102
53885144
53885977
53886043
53886120
53886190
53886264
53886341
53886384
53886900
53886964
53887041
53887084
53887868
53887934
53888011
53888054
53888973
53889039
53889120
53889159
53889950
53890020
53890093
53890136
53890911
53890976
53891050
53891124
53891197
53891274
53891319
53891924
53891980
53892057
53892100
53892910
53892974
53893051
53893094
53893974
53894038
53894119
53894158
53894900
53894965
53895042
53895086
53895953
53896024
53896091
53896165
53896239
53896320
53896358
53896979
53897044
53897121
53897164
53897981
53898046
53898123
53898166
53898949
53899019
53899091
53899134
53899962
53900026
53900103
53900146
53900910
53900975
53901048
53901123
53901196
53901273
53901323
53901928
53901992
53902070
53902124
53902876
53902941
53903024
53903062
53903977
53904041
53904118
53904162
53904900
53904965
53905042
53905085
53905972
53906037
53906111
53906185
53906258
53906335
53906378
53906904
53906968
53907045
53907087
53907956
53908023
53908098
53908140
53908923
53908986
53909062
53909104
53909972
53910037
53910117
53910157
53910985
53911050
53911123
53911197
53911271
53911348
53911392
53911966
53912032
53912109
53912152
53912969
53913033
53913117
53913154
53913910
53913974
53914050
53914092
53914967
53915031
53915107
53915149
53915927
53915993
53916066
53916140
53916217
53916290
53916332
53916955
53917021
53917096
53917138
53917941
53918006
53918083
53918127
53918957
53919023
53919099
53919142
53919958
53920023
53920100
53920143
53920978
53921044
53921118
53921191
53921265
53921342
53921385
53921920
53921985
53922061
53922103
53922961
53923025
53923101
53923143
53923915
53923980
53924056
53924098
53924905
53924970
53925048
53925091
53925963
53926029
53926103
53926176
53926250
53926327
53926370
53926921
53926977
53927054
53927097
53927962
53928028
53928103
53928145
53928943
53929008
53929083
53929125
53929955
53930019
53930095
53930137
53930956
53931021
53931095
53931168
53931242
53931318
53931360
53931943
53932015
53932085
53932127
53932925
53932990
53933067
53933115
53933906
53933972
53934049
53934092
53934900
53934965
53935042
53935085
53935961
53936026
53936100
53936174
53936247
53936324
53936367
53936953
53937018
53937094
53937136
53937891
53937956
53938032
53938074
53938969
53939034
53939113
53939151
53939953
53940018
53940094
53940137
53940916
53940981
53941055
53941129
53941202
53941279
53941322
53941943
53942013
53942084
53942127
53942902
53942967
53943044
53943087
53943955
53944020
53944096
53944138
53944891
53944956
53945032
53945074
53945901
53945965
53946039
53946118
53946186
53946262
53946304
53946964
53947030
53947106
53947148
53947913
53947977
53948054
53948096
53948922
53948988
53949065
53949113
53949965
53950029
53950112
53950150
53950923
53950989
53951063
53951136
53951212
53951287
53951330
53951918
53951971
53952049
53952092
53952954
53953019
53953095
53953137
53953974
53954039
53954115
53954157
53954902
53954967
53955044
53955087
53955913
53955978
53956051
53956125
53956199
53956275
53956317
53956945
53957017
53957088
53957131
53957885
53957951
53958028
53958071
53958889
53958955
53959031
53959074
53959944
53960011
53960086
53960129
53960961
53961025
53961099
53961172
53961246
53961323
53961366
53961961
53962025
53962102
53962144
53962961
53963027
53963103
53963145
53963955
53964020
53964096
53964138
53964968
53965034
53965111
53965154
53965919
53965983
53966057
53966131
53966211
53966281
53966325
53966899
53966963
53967040
53967083
53967953
53968018
53968096
53968139
53968900
53968965
53969041
53969083
53969964
53970028
53970141
53970147
53970956
53971020
53971094
53971168
53971241
53971317
53971359
53971910
53971972
53972047
53972089
53972923
53972987
53973064
53973114
53973966
53974032
53974110
53974152
53974949
53975015
53975092
53975135
53975900
53975965
53976039
53976115
53976186
53976263
53976314
53976900
53976965
53977040
53977082
53977917
53977982
53978058
53978100
53978961
53979026
53979102
53979144
53979877
53979941
53980018
53980062
53980953
53981019
53981092
53981166
53981240
53981317
53981360
53981896
53981962
53982039
53982082
53982959
53983025
53983101
53983144
53983959
53984023
53984100
53984144
53984959
53985025
53985101
53985144
53985961
53986026
53986100
53986173
53986247
53986324
53986367
53986939
53987013
53987082
53987125
53987899
53987963
53988040
53988083
53988960
53989025
53989108
53989145
53989908
53989969
53990046
53990090
53990955
53991020
53991094
53991168
53991241
53991318
53991361
53991916
53991982
53992058
53992108
53992854
53992920
53992996
53993039
53993878
53993944
53994019
53994061
53994916
53994981
53995058
53995107
53995955
53996019
53996093
53996167
53996240
53996317
53996360
53996898
53996962
53997040
53997083
53997879
53997943
53998021
53998064
53998861
53998925
53999011
53999045
53999965
54000030
54000107
54000150
54000857
54000922
54000996
54001070
54001143
54001220
54001263
